1.000000000e+00 0.000000000e+00
9.980267284e-01 6.279051953e-02
9.921147013e-01 1.253332336e-01
9.822872507e-01 1.873813146e-01
9.685831611e-01 2.486898872e-01
9.510565163e-01 3.090169944e-01
9.297764859e-01 3.681245527e-01
9.048270525e-01 4.257792916e-01
8.763066800e-01 4.817536741e-01
8.443279255e-01 5.358267950e-01
8.090169944e-01 5.877852523e-01
7.705132428e-01 6.374239897e-01
7.289686274e-01 6.845471059e-01
6.845471059e-01 7.289686274e-01
6.374239897e-01 7.705132428e-01
5.877852523e-01 8.090169944e-01
5.358267950e-01 8.443279255e-01
4.817536741e-01 8.763066800e-01
4.257792916e-01 9.048270525e-01
3.681245527e-01 9.297764859e-01
3.090169944e-01 9.510565163e-01
2.486898872e-01 9.685831611e-01
1.873813146e-01 9.822872507e-01
1.253332336e-01 9.921147013e-01
6.279051953e-02 9.980267284e-01
-1.608122650e-16 1.000000000e+00
-6.279051953e-02 9.980267284e-01
-1.253332336e-01 9.921147013e-01
-1.873813146e-01 9.822872507e-01
-2.486898872e-01 9.685831611e-01
-3.090169944e-01 9.510565163e-01
-3.681245527e-01 9.297764859e-01
-4.257792916e-01 9.048270525e-01
-4.817536741e-01 8.763066800e-01
-5.358267950e-01 8.443279255e-01
-5.877852523e-01 8.090169944e-01
-6.374239897e-01 7.705132428e-01
-6.845471059e-01 7.289686274e-01
-7.289686274e-01 6.845471059e-01
-7.705132428e-01 6.374239897e-01
-8.090169944e-01 5.877852523e-01
-8.443279255e-01 5.358267950e-01
-8.763066800e-01 4.817536741e-01
-9.048270525e-01 4.257792916e-01
-9.297764859e-01 3.681245527e-01
-9.510565163e-01 3.090169944e-01
-9.685831611e-01 2.486898872e-01
-9.822872507e-01 1.873813146e-01
-9.921147013e-01 1.253332336e-01
-9.980267284e-01 6.279051953e-02
-1.000000000e+00 -3.216245299e-16
-9.980267284e-01 -6.279051953e-02
-9.921147013e-01 -1.253332336e-01
-9.822872507e-01 -1.873813146e-01
-9.685831611e-01 -2.486898872e-01
-9.510565163e-01 -3.090169944e-01
-9.297764859e-01 -3.681245527e-01
-9.048270525e-01 -4.257792916e-01
-8.763066800e-01 -4.817536741e-01
-8.443279255e-01 -5.358267950e-01
-8.090169944e-01 -5.877852523e-01
-7.705132428e-01 -6.374239897e-01
-7.289686274e-01 -6.845471059e-01
-6.845471059e-01 -7.289686274e-01
-6.374239897e-01 -7.705132428e-01
-5.877852523e-01 -8.090169944e-01
-5.358267950e-01 -8.443279255e-01
-4.817536741e-01 -8.763066800e-01
-4.257792916e-01 -9.048270525e-01
-3.681245527e-01 -9.297764859e-01
-3.090169944e-01 -9.510565163e-01
-2.486898872e-01 -9.685831611e-01
-1.873813146e-01 -9.822872507e-01
-1.253332336e-01 -9.921147013e-01
-6.279051953e-02 -9.980267284e-01
-1.836970199e-16 -1.000000000e+00
6.279051953e-02 -9.980267284e-01
1.253332336e-01 -9.921147013e-01
1.873813146e-01 -9.822872507e-01
2.486898872e-01 -9.685831611e-01
3.090169944e-01 -9.510565163e-01
3.681245527e-01 -9.297764859e-01
4.257792916e-01 -9.048270525e-01
4.817536741e-01 -8.763066800e-01
5.358267950e-01 -8.443279255e-01
5.877852523e-01 -8.090169944e-01
6.374239897e-01 -7.705132428e-01
6.845471059e-01 -7.289686274e-01
7.289686274e-01 -6.845471059e-01
7.705132428e-01 -6.374239897e-01
8.090169944e-01 -5.877852523e-01
8.443279255e-01 -5.358267950e-01
8.763066800e-01 -4.817536741e-01
9.048270525e-01 -4.257792916e-01
9.297764859e-01 -3.681245527e-01
9.510565163e-01 -3.090169944e-01
9.685831611e-01 -2.486898872e-01
9.822872507e-01 -1.873813146e-01
9.921147013e-01 -1.253332336e-01
9.980267284e-01 -6.279051953e-02
