1.000000000e+00 0.000000000e+00
9.999802609e-01 6.283143966e-03
9.999210442e-01 1.256603988e-02
9.998223524e-01 1.884843972e-02
9.996841893e-01 2.513009544e-02
9.995065604e-01 3.141075908e-02
9.992894726e-01 3.769018267e-02
9.990329347e-01 4.396811832e-02
9.987369566e-01 5.024431818e-02
9.984015501e-01 5.651853448e-02
9.980267284e-01 6.279051953e-02
9.976125064e-01 6.906002571e-02
9.971589003e-01 7.532680553e-02
9.966659280e-01 8.159061157e-02
9.961336091e-01 8.785119655e-02
9.955619646e-01 9.410831332e-02
9.949510170e-01 1.003617149e-01
9.943007904e-01 1.066111543e-01
9.936113105e-01 1.128563849e-01
9.928826046e-01 1.190971601e-01
9.921147013e-01 1.253332336e-01
9.913076311e-01 1.315643591e-01
9.904614257e-01 1.377902907e-01
9.895761186e-01 1.440107826e-01
9.886517447e-01 1.502255891e-01
9.876883406e-01 1.564344650e-01
9.866859442e-01 1.626371652e-01
9.856445951e-01 1.688334447e-01
9.845643345e-01 1.750230590e-01
9.834452050e-01 1.812057636e-01
9.822872507e-01 1.873813146e-01
9.810905174e-01 1.935494681e-01
9.798550524e-01 1.997099805e-01
9.785809043e-01 2.058626088e-01
9.772681236e-01 2.120071099e-01
9.759167619e-01 2.181432414e-01
9.745268728e-01 2.242707609e-01
9.730985110e-01 2.303894267e-01
9.716317329e-01 2.364989970e-01
9.701265965e-01 2.425992308e-01
9.685831611e-01 2.486898872e-01
9.670014878e-01 2.547707257e-01
9.653816388e-01 2.608415063e-01
9.637236783e-01 2.669019893e-01
9.620276716e-01 2.729519355e-01
9.602936857e-01 2.789911060e-01
9.585217890e-01 2.850192625e-01
9.567120516e-01 2.910361668e-01
9.548645447e-01 2.970415816e-01
9.529793415e-01 3.030352696e-01
9.510565163e-01 3.090169944e-01
9.490961450e-01 3.149865197e-01
9.470983050e-01 3.209436098e-01
9.450630752e-01 3.268880297e-01
9.429905359e-01 3.328195445e-01
9.408807690e-01 3.387379202e-01
9.387338577e-01 3.446429232e-01
9.365498867e-01 3.505343202e-01
9.343289425e-01 3.564118787e-01
9.320711125e-01 3.622753667e-01
9.297764859e-01 3.681245527e-01
9.274451533e-01 3.739592057e-01
9.250772068e-01 3.797790955e-01
9.226727399e-01 3.855839923e-01
9.202318474e-01 3.913736668e-01
9.177546257e-01 3.971478906e-01
9.152411726e-01 4.029064357e-01
9.126915874e-01 4.086490747e-01
9.101059707e-01 4.143755810e-01
9.074844245e-01 4.200857284e-01
9.048270525e-01 4.257792916e-01
9.021339594e-01 4.314560457e-01
8.994052516e-01 4.371157667e-01
8.966410368e-01 4.427582310e-01
8.938414242e-01 4.483832161e-01
8.910065242e-01 4.539904997e-01
8.881364488e-01 4.595798606e-01
8.852313113e-01 4.651510781e-01
8.822912264e-01 4.707039322e-01
8.793163102e-01 4.762382037e-01
8.763066800e-01 4.817536741e-01
8.732624548e-01 4.872501257e-01
8.701837547e-01 4.927273415e-01
8.670707012e-01 4.981851053e-01
8.639234172e-01 5.036232016e-01
8.607420270e-01 5.090414158e-01
8.575266562e-01 5.144395338e-01
8.542774317e-01 5.198173426e-01
8.509944818e-01 5.251746300e-01
8.476779361e-01 5.305111843e-01
8.443279255e-01 5.358267950e-01
8.409445823e-01 5.411212521e-01
8.375280400e-01 5.463943467e-01
8.340784336e-01 5.516458706e-01
8.305958992e-01 5.568756165e-01
8.270805743e-01 5.620833779e-01
8.235325976e-01 5.672689491e-01
8.199521093e-01 5.724321256e-01
8.163392507e-01 5.775727034e-01
8.126941644e-01 5.826904797e-01
8.090169944e-01 5.877852523e-01
8.053078857e-01 5.928568202e-01
8.015669849e-01 5.979049831e-01
7.977944395e-01 6.029295417e-01
7.939903986e-01 6.079302977e-01
7.901550124e-01 6.129070537e-01
7.862884321e-01 6.178596131e-01
7.823908106e-01 6.227877805e-01
7.784623016e-01 6.276913613e-01
7.745030602e-01 6.325701619e-01
7.705132428e-01 6.374239897e-01
7.664930068e-01 6.422526532e-01
7.624425110e-01 6.470559616e-01
7.583619153e-01 6.518337253e-01
7.542513807e-01 6.565857558e-01
7.501110696e-01 6.613118653e-01
7.459411454e-01 6.660118674e-01
7.417417727e-01 6.706855765e-01
7.375131174e-01 6.753328081e-01
7.332553462e-01 6.799533787e-01
7.289686274e-01 6.845471059e-01
7.246531302e-01 6.891138084e-01
7.203090249e-01 6.936533058e-01
7.159364830e-01 6.981654190e-01
7.115356772e-01 7.026499698e-01
7.071067812e-01 7.071067812e-01
7.026499698e-01 7.115356772e-01
6.981654190e-01 7.159364830e-01
6.936533058e-01 7.203090249e-01
6.891138084e-01 7.246531302e-01
6.845471059e-01 7.289686274e-01
6.799533787e-01 7.332553462e-01
6.753328081e-01 7.375131174e-01
6.706855765e-01 7.417417727e-01
6.660118674e-01 7.459411454e-01
6.613118653e-01 7.501110696e-01
6.565857558e-01 7.542513807e-01
6.518337253e-01 7.583619153e-01
6.470559616e-01 7.624425110e-01
6.422526532e-01 7.664930068e-01
6.374239897e-01 7.705132428e-01
6.325701619e-01 7.745030602e-01
6.276913613e-01 7.784623016e-01
6.227877805e-01 7.823908106e-01
6.178596131e-01 7.862884321e-01
6.129070537e-01 7.901550124e-01
6.079302977e-01 7.939903986e-01
6.029295417e-01 7.977944395e-01
5.979049831e-01 8.015669849e-01
5.928568202e-01 8.053078857e-01
5.877852523e-01 8.090169944e-01
5.826904797e-01 8.126941644e-01
5.775727034e-01 8.163392507e-01
5.724321256e-01 8.199521093e-01
5.672689491e-01 8.235325976e-01
5.620833779e-01 8.270805743e-01
5.568756165e-01 8.305958992e-01
5.516458706e-01 8.340784336e-01
5.463943467e-01 8.375280400e-01
5.411212521e-01 8.409445823e-01
5.358267950e-01 8.443279255e-01
5.305111843e-01 8.476779361e-01
5.251746300e-01 8.509944818e-01
5.198173426e-01 8.542774317e-01
5.144395338e-01 8.575266562e-01
5.090414158e-01 8.607420270e-01
5.036232016e-01 8.639234172e-01
4.981851053e-01 8.670707012e-01
4.927273415e-01 8.701837547e-01
4.872501257e-01 8.732624548e-01
4.817536741e-01 8.763066800e-01
4.762382037e-01 8.793163102e-01
4.707039322e-01 8.822912264e-01
4.651510781e-01 8.852313113e-01
4.595798606e-01 8.881364488e-01
4.539904997e-01 8.910065242e-01
4.483832161e-01 8.938414242e-01
4.427582310e-01 8.966410368e-01
4.371157667e-01 8.994052516e-01
4.314560457e-01 9.021339594e-01
4.257792916e-01 9.048270525e-01
4.200857284e-01 9.074844245e-01
4.143755810e-01 9.101059707e-01
4.086490747e-01 9.126915874e-01
4.029064357e-01 9.152411726e-01
3.971478906e-01 9.177546257e-01
3.913736668e-01 9.202318474e-01
3.855839923e-01 9.226727399e-01
3.797790955e-01 9.250772068e-01
3.739592057e-01 9.274451533e-01
3.681245527e-01 9.297764859e-01
3.622753667e-01 9.320711125e-01
3.564118787e-01 9.343289425e-01
3.505343202e-01 9.365498867e-01
3.446429232e-01 9.387338577e-01
3.387379202e-01 9.408807690e-01
3.328195445e-01 9.429905359e-01
3.268880297e-01 9.450630752e-01
3.209436098e-01 9.470983050e-01
3.149865197e-01 9.490961450e-01
3.090169944e-01 9.510565163e-01
3.030352696e-01 9.529793415e-01
2.970415816e-01 9.548645447e-01
2.910361668e-01 9.567120516e-01
2.850192625e-01 9.585217890e-01
2.789911060e-01 9.602936857e-01
2.729519355e-01 9.620276716e-01
2.669019893e-01 9.637236783e-01
2.608415063e-01 9.653816388e-01
2.547707257e-01 9.670014878e-01
2.486898872e-01 9.685831611e-01
2.425992308e-01 9.701265965e-01
2.364989970e-01 9.716317329e-01
2.303894267e-01 9.730985110e-01
2.242707609e-01 9.745268728e-01
2.181432414e-01 9.759167619e-01
2.120071099e-01 9.772681236e-01
2.058626088e-01 9.785809043e-01
1.997099805e-01 9.798550524e-01
1.935494681e-01 9.810905174e-01
1.873813146e-01 9.822872507e-01
1.812057636e-01 9.834452050e-01
1.750230590e-01 9.845643345e-01
1.688334447e-01 9.856445951e-01
1.626371652e-01 9.866859442e-01
1.564344650e-01 9.876883406e-01
1.502255891e-01 9.886517447e-01
1.440107826e-01 9.895761186e-01
1.377902907e-01 9.904614257e-01
1.315643591e-01 9.913076311e-01
1.253332336e-01 9.921147013e-01
1.190971601e-01 9.928826046e-01
1.128563849e-01 9.936113105e-01
1.066111543e-01 9.943007904e-01
1.003617149e-01 9.949510170e-01
9.410831332e-02 9.955619646e-01
8.785119655e-02 9.961336091e-01
8.159061157e-02 9.966659280e-01
7.532680553e-02 9.971589003e-01
6.906002571e-02 9.976125064e-01
6.279051953e-02 9.980267284e-01
5.651853448e-02 9.984015501e-01
5.024431818e-02 9.987369566e-01
4.396811832e-02 9.990329347e-01
3.769018267e-02 9.992894726e-01
3.141075908e-02 9.995065604e-01
2.513009544e-02 9.996841893e-01
1.884843972e-02 9.998223524e-01
1.256603988e-02 9.999210442e-01
6.283143966e-03 9.999802609e-01
6.123233996e-17 1.000000000e+00
-6.283143966e-03 9.999802609e-01
-1.256603988e-02 9.999210442e-01
-1.884843972e-02 9.998223524e-01
-2.513009544e-02 9.996841893e-01
-3.141075908e-02 9.995065604e-01
-3.769018267e-02 9.992894726e-01
-4.396811832e-02 9.990329347e-01
-5.024431818e-02 9.987369566e-01
-5.651853448e-02 9.984015501e-01
-6.279051953e-02 9.980267284e-01
-6.906002571e-02 9.976125064e-01
-7.532680553e-02 9.971589003e-01
-8.159061157e-02 9.966659280e-01
-8.785119655e-02 9.961336091e-01
-9.410831332e-02 9.955619646e-01
-1.003617149e-01 9.949510170e-01
-1.066111543e-01 9.943007904e-01
-1.128563849e-01 9.936113105e-01
-1.190971601e-01 9.928826046e-01
-1.253332336e-01 9.921147013e-01
-1.315643591e-01 9.913076311e-01
-1.377902907e-01 9.904614257e-01
-1.440107826e-01 9.895761186e-01
-1.502255891e-01 9.886517447e-01
-1.564344650e-01 9.876883406e-01
-1.626371652e-01 9.866859442e-01
-1.688334447e-01 9.856445951e-01
-1.750230590e-01 9.845643345e-01
-1.812057636e-01 9.834452050e-01
-1.873813146e-01 9.822872507e-01
-1.935494681e-01 9.810905174e-01
-1.997099805e-01 9.798550524e-01
-2.058626088e-01 9.785809043e-01
-2.120071099e-01 9.772681236e-01
-2.181432414e-01 9.759167619e-01
-2.242707609e-01 9.745268728e-01
-2.303894267e-01 9.730985110e-01
-2.364989970e-01 9.716317329e-01
-2.425992308e-01 9.701265965e-01
-2.486898872e-01 9.685831611e-01
-2.547707257e-01 9.670014878e-01
-2.608415063e-01 9.653816388e-01
-2.669019893e-01 9.637236783e-01
-2.729519355e-01 9.620276716e-01
-2.789911060e-01 9.602936857e-01
-2.850192625e-01 9.585217890e-01
-2.910361668e-01 9.567120516e-01
-2.970415816e-01 9.548645447e-01
-3.030352696e-01 9.529793415e-01
-3.090169944e-01 9.510565163e-01
-3.149865197e-01 9.490961450e-01
-3.209436098e-01 9.470983050e-01
-3.268880297e-01 9.450630752e-01
-3.328195445e-01 9.429905359e-01
-3.387379202e-01 9.408807690e-01
-3.446429232e-01 9.387338577e-01
-3.505343202e-01 9.365498867e-01
-3.564118787e-01 9.343289425e-01
-3.622753667e-01 9.320711125e-01
-3.681245527e-01 9.297764859e-01
-3.739592057e-01 9.274451533e-01
-3.797790955e-01 9.250772068e-01
-3.855839923e-01 9.226727399e-01
-3.913736668e-01 9.202318474e-01
-3.971478906e-01 9.177546257e-01
-4.029064357e-01 9.152411726e-01
-4.086490747e-01 9.126915874e-01
-4.143755810e-01 9.101059707e-01
-4.200857284e-01 9.074844245e-01
-4.257792916e-01 9.048270525e-01
-4.314560457e-01 9.021339594e-01
-4.371157667e-01 8.994052516e-01
-4.427582310e-01 8.966410368e-01
-4.483832161e-01 8.938414242e-01
-4.539904997e-01 8.910065242e-01
-4.595798606e-01 8.881364488e-01
-4.651510781e-01 8.852313113e-01
-4.707039322e-01 8.822912264e-01
-4.762382037e-01 8.793163102e-01
-4.817536741e-01 8.763066800e-01
-4.872501257e-01 8.732624548e-01
-4.927273415e-01 8.701837547e-01
-4.981851053e-01 8.670707012e-01
-5.036232016e-01 8.639234172e-01
-5.090414158e-01 8.607420270e-01
-5.144395338e-01 8.575266562e-01
-5.198173426e-01 8.542774317e-01
-5.251746300e-01 8.509944818e-01
-5.305111843e-01 8.476779361e-01
-5.358267950e-01 8.443279255e-01
-5.411212521e-01 8.409445823e-01
-5.463943467e-01 8.375280400e-01
-5.516458706e-01 8.340784336e-01
-5.568756165e-01 8.305958992e-01
-5.620833779e-01 8.270805743e-01
-5.672689491e-01 8.235325976e-01
-5.724321256e-01 8.199521093e-01
-5.775727034e-01 8.163392507e-01
-5.826904797e-01 8.126941644e-01
-5.877852523e-01 8.090169944e-01
-5.928568202e-01 8.053078857e-01
-5.979049831e-01 8.015669849e-01
-6.029295417e-01 7.977944395e-01
-6.079302977e-01 7.939903986e-01
-6.129070537e-01 7.901550124e-01
-6.178596131e-01 7.862884321e-01
-6.227877805e-01 7.823908106e-01
-6.276913613e-01 7.784623016e-01
-6.325701619e-01 7.745030602e-01
-6.374239897e-01 7.705132428e-01
-6.422526532e-01 7.664930068e-01
-6.470559616e-01 7.624425110e-01
-6.518337253e-01 7.583619153e-01
-6.565857558e-01 7.542513807e-01
-6.613118653e-01 7.501110696e-01
-6.660118674e-01 7.459411454e-01
-6.706855765e-01 7.417417727e-01
-6.753328081e-01 7.375131174e-01
-6.799533787e-01 7.332553462e-01
-6.845471059e-01 7.289686274e-01
-6.891138084e-01 7.246531302e-01
-6.936533058e-01 7.203090249e-01
-6.981654190e-01 7.159364830e-01
-7.026499698e-01 7.115356772e-01
-7.071067812e-01 7.071067812e-01
-7.115356772e-01 7.026499698e-01
-7.159364830e-01 6.981654190e-01
-7.203090249e-01 6.936533058e-01
-7.246531302e-01 6.891138084e-01
-7.289686274e-01 6.845471059e-01
-7.332553462e-01 6.799533787e-01
-7.375131174e-01 6.753328081e-01
-7.417417727e-01 6.706855765e-01
-7.459411454e-01 6.660118674e-01
-7.501110696e-01 6.613118653e-01
-7.542513807e-01 6.565857558e-01
-7.583619153e-01 6.518337253e-01
-7.624425110e-01 6.470559616e-01
-7.664930068e-01 6.422526532e-01
-7.705132428e-01 6.374239897e-01
-7.745030602e-01 6.325701619e-01
-7.784623016e-01 6.276913613e-01
-7.823908106e-01 6.227877805e-01
-7.862884321e-01 6.178596131e-01
-7.901550124e-01 6.129070537e-01
-7.939903986e-01 6.079302977e-01
-7.977944395e-01 6.029295417e-01
-8.015669849e-01 5.979049831e-01
-8.053078857e-01 5.928568202e-01
-8.090169944e-01 5.877852523e-01
-8.126941644e-01 5.826904797e-01
-8.163392507e-01 5.775727034e-01
-8.199521093e-01 5.724321256e-01
-8.235325976e-01 5.672689491e-01
-8.270805743e-01 5.620833779e-01
-8.305958992e-01 5.568756165e-01
-8.340784336e-01 5.516458706e-01
-8.375280400e-01 5.463943467e-01
-8.409445823e-01 5.411212521e-01
-8.443279255e-01 5.358267950e-01
-8.476779361e-01 5.305111843e-01
-8.509944818e-01 5.251746300e-01
-8.542774317e-01 5.198173426e-01
-8.575266562e-01 5.144395338e-01
-8.607420270e-01 5.090414158e-01
-8.639234172e-01 5.036232016e-01
-8.670707012e-01 4.981851053e-01
-8.701837547e-01 4.927273415e-01
-8.732624548e-01 4.872501257e-01
-8.763066800e-01 4.817536741e-01
-8.793163102e-01 4.762382037e-01
-8.822912264e-01 4.707039322e-01
-8.852313113e-01 4.651510781e-01
-8.881364488e-01 4.595798606e-01
-8.910065242e-01 4.539904997e-01
-8.938414242e-01 4.483832161e-01
-8.966410368e-01 4.427582310e-01
-8.994052516e-01 4.371157667e-01
-9.021339594e-01 4.314560457e-01
-9.048270525e-01 4.257792916e-01
-9.074844245e-01 4.200857284e-01
-9.101059707e-01 4.143755810e-01
-9.126915874e-01 4.086490747e-01
-9.152411726e-01 4.029064357e-01
-9.177546257e-01 3.971478906e-01
-9.202318474e-01 3.913736668e-01
-9.226727399e-01 3.855839923e-01
-9.250772068e-01 3.797790955e-01
-9.274451533e-01 3.739592057e-01
-9.297764859e-01 3.681245527e-01
-9.320711125e-01 3.622753667e-01
-9.343289425e-01 3.564118787e-01
-9.365498867e-01 3.505343202e-01
-9.387338577e-01 3.446429232e-01
-9.408807690e-01 3.387379202e-01
-9.429905359e-01 3.328195445e-01
-9.450630752e-01 3.268880297e-01
-9.470983050e-01 3.209436098e-01
-9.490961450e-01 3.149865197e-01
-9.510565163e-01 3.090169944e-01
-9.529793415e-01 3.030352696e-01
-9.548645447e-01 2.970415816e-01
-9.567120516e-01 2.910361668e-01
-9.585217890e-01 2.850192625e-01
-9.602936857e-01 2.789911060e-01
-9.620276716e-01 2.729519355e-01
-9.637236783e-01 2.669019893e-01
-9.653816388e-01 2.608415063e-01
-9.670014878e-01 2.547707257e-01
-9.685831611e-01 2.486898872e-01
-9.701265965e-01 2.425992308e-01
-9.716317329e-01 2.364989970e-01
-9.730985110e-01 2.303894267e-01
-9.745268728e-01 2.242707609e-01
-9.759167619e-01 2.181432414e-01
-9.772681236e-01 2.120071099e-01
-9.785809043e-01 2.058626088e-01
-9.798550524e-01 1.997099805e-01
-9.810905174e-01 1.935494681e-01
-9.822872507e-01 1.873813146e-01
-9.834452050e-01 1.812057636e-01
-9.845643345e-01 1.750230590e-01
-9.856445951e-01 1.688334447e-01
-9.866859442e-01 1.626371652e-01
-9.876883406e-01 1.564344650e-01
-9.886517447e-01 1.502255891e-01
-9.895761186e-01 1.440107826e-01
-9.904614257e-01 1.377902907e-01
-9.913076311e-01 1.315643591e-01
-9.921147013e-01 1.253332336e-01
-9.928826046e-01 1.190971601e-01
-9.936113105e-01 1.128563849e-01
-9.943007904e-01 1.066111543e-01
-9.949510170e-01 1.003617149e-01
-9.955619646e-01 9.410831332e-02
-9.961336091e-01 8.785119655e-02
-9.966659280e-01 8.159061157e-02
-9.971589003e-01 7.532680553e-02
-9.976125064e-01 6.906002571e-02
-9.980267284e-01 6.279051953e-02
-9.984015501e-01 5.651853448e-02
-9.987369566e-01 5.024431818e-02
-9.990329347e-01 4.396811832e-02
-9.992894726e-01 3.769018267e-02
-9.995065604e-01 3.141075908e-02
-9.996841893e-01 2.513009544e-02
-9.998223524e-01 1.884843972e-02
-9.999210442e-01 1.256603988e-02
-9.999802609e-01 6.283143966e-03
-1.000000000e+00 1.224646799e-16
-9.999802609e-01 -6.283143966e-03
-9.999210442e-01 -1.256603988e-02
-9.998223524e-01 -1.884843972e-02
-9.996841893e-01 -2.513009544e-02
-9.995065604e-01 -3.141075908e-02
-9.992894726e-01 -3.769018267e-02
-9.990329347e-01 -4.396811832e-02
-9.987369566e-01 -5.024431818e-02
-9.984015501e-01 -5.651853448e-02
-9.980267284e-01 -6.279051953e-02
-9.976125064e-01 -6.906002571e-02
-9.971589003e-01 -7.532680553e-02
-9.966659280e-01 -8.159061157e-02
-9.961336091e-01 -8.785119655e-02
-9.955619646e-01 -9.410831332e-02
-9.949510170e-01 -1.003617149e-01
-9.943007904e-01 -1.066111543e-01
-9.936113105e-01 -1.128563849e-01
-9.928826046e-01 -1.190971601e-01
-9.921147013e-01 -1.253332336e-01
-9.913076311e-01 -1.315643591e-01
-9.904614257e-01 -1.377902907e-01
-9.895761186e-01 -1.440107826e-01
-9.886517447e-01 -1.502255891e-01
-9.876883406e-01 -1.564344650e-01
-9.866859442e-01 -1.626371652e-01
-9.856445951e-01 -1.688334447e-01
-9.845643345e-01 -1.750230590e-01
-9.834452050e-01 -1.812057636e-01
-9.822872507e-01 -1.873813146e-01
-9.810905174e-01 -1.935494681e-01
-9.798550524e-01 -1.997099805e-01
-9.785809043e-01 -2.058626088e-01
-9.772681236e-01 -2.120071099e-01
-9.759167619e-01 -2.181432414e-01
-9.745268728e-01 -2.242707609e-01
-9.730985110e-01 -2.303894267e-01
-9.716317329e-01 -2.364989970e-01
-9.701265965e-01 -2.425992308e-01
-9.685831611e-01 -2.486898872e-01
-9.670014878e-01 -2.547707257e-01
-9.653816388e-01 -2.608415063e-01
-9.637236783e-01 -2.669019893e-01
-9.620276716e-01 -2.729519355e-01
-9.602936857e-01 -2.789911060e-01
-9.585217890e-01 -2.850192625e-01
-9.567120516e-01 -2.910361668e-01
-9.548645447e-01 -2.970415816e-01
-9.529793415e-01 -3.030352696e-01
-9.510565163e-01 -3.090169944e-01
-9.490961450e-01 -3.149865197e-01
-9.470983050e-01 -3.209436098e-01
-9.450630752e-01 -3.268880297e-01
-9.429905359e-01 -3.328195445e-01
-9.408807690e-01 -3.387379202e-01
-9.387338577e-01 -3.446429232e-01
-9.365498867e-01 -3.505343202e-01
-9.343289425e-01 -3.564118787e-01
-9.320711125e-01 -3.622753667e-01
-9.297764859e-01 -3.681245527e-01
-9.274451533e-01 -3.739592057e-01
-9.250772068e-01 -3.797790955e-01
-9.226727399e-01 -3.855839923e-01
-9.202318474e-01 -3.913736668e-01
-9.177546257e-01 -3.971478906e-01
-9.152411726e-01 -4.029064357e-01
-9.126915874e-01 -4.086490747e-01
-9.101059707e-01 -4.143755810e-01
-9.074844245e-01 -4.200857284e-01
-9.048270525e-01 -4.257792916e-01
-9.021339594e-01 -4.314560457e-01
-8.994052516e-01 -4.371157667e-01
-8.966410368e-01 -4.427582310e-01
-8.938414242e-01 -4.483832161e-01
-8.910065242e-01 -4.539904997e-01
-8.881364488e-01 -4.595798606e-01
-8.852313113e-01 -4.651510781e-01
-8.822912264e-01 -4.707039322e-01
-8.793163102e-01 -4.762382037e-01
-8.763066800e-01 -4.817536741e-01
-8.732624548e-01 -4.872501257e-01
-8.701837547e-01 -4.927273415e-01
-8.670707012e-01 -4.981851053e-01
-8.639234172e-01 -5.036232016e-01
-8.607420270e-01 -5.090414158e-01
-8.575266562e-01 -5.144395338e-01
-8.542774317e-01 -5.198173426e-01
-8.509944818e-01 -5.251746300e-01
-8.476779361e-01 -5.305111843e-01
-8.443279255e-01 -5.358267950e-01
-8.409445823e-01 -5.411212521e-01
-8.375280400e-01 -5.463943467e-01
-8.340784336e-01 -5.516458706e-01
-8.305958992e-01 -5.568756165e-01
-8.270805743e-01 -5.620833779e-01
-8.235325976e-01 -5.672689491e-01
-8.199521093e-01 -5.724321256e-01
-8.163392507e-01 -5.775727034e-01
-8.126941644e-01 -5.826904797e-01
-8.090169944e-01 -5.877852523e-01
-8.053078857e-01 -5.928568202e-01
-8.015669849e-01 -5.979049831e-01
-7.977944395e-01 -6.029295417e-01
-7.939903986e-01 -6.079302977e-01
-7.901550124e-01 -6.129070537e-01
-7.862884321e-01 -6.178596131e-01
-7.823908106e-01 -6.227877805e-01
-7.784623016e-01 -6.276913613e-01
-7.745030602e-01 -6.325701619e-01
-7.705132428e-01 -6.374239897e-01
-7.664930068e-01 -6.422526532e-01
-7.624425110e-01 -6.470559616e-01
-7.583619153e-01 -6.518337253e-01
-7.542513807e-01 -6.565857558e-01
-7.501110696e-01 -6.613118653e-01
-7.459411454e-01 -6.660118674e-01
-7.417417727e-01 -6.706855765e-01
-7.375131174e-01 -6.753328081e-01
-7.332553462e-01 -6.799533787e-01
-7.289686274e-01 -6.845471059e-01
-7.246531302e-01 -6.891138084e-01
-7.203090249e-01 -6.936533058e-01
-7.159364830e-01 -6.981654190e-01
-7.115356772e-01 -7.026499698e-01
-7.071067812e-01 -7.071067812e-01
-7.026499698e-01 -7.115356772e-01
-6.981654190e-01 -7.159364830e-01
-6.936533058e-01 -7.203090249e-01
-6.891138084e-01 -7.246531302e-01
-6.845471059e-01 -7.289686274e-01
-6.799533787e-01 -7.332553462e-01
-6.753328081e-01 -7.375131174e-01
-6.706855765e-01 -7.417417727e-01
-6.660118674e-01 -7.459411454e-01
-6.613118653e-01 -7.501110696e-01
-6.565857558e-01 -7.542513807e-01
-6.518337253e-01 -7.583619153e-01
-6.470559616e-01 -7.624425110e-01
-6.422526532e-01 -7.664930068e-01
-6.374239897e-01 -7.705132428e-01
-6.325701619e-01 -7.745030602e-01
-6.276913613e-01 -7.784623016e-01
-6.227877805e-01 -7.823908106e-01
-6.178596131e-01 -7.862884321e-01
-6.129070537e-01 -7.901550124e-01
-6.079302977e-01 -7.939903986e-01
-6.029295417e-01 -7.977944395e-01
-5.979049831e-01 -8.015669849e-01
-5.928568202e-01 -8.053078857e-01
-5.877852523e-01 -8.090169944e-01
-5.826904797e-01 -8.126941644e-01
-5.775727034e-01 -8.163392507e-01
-5.724321256e-01 -8.199521093e-01
-5.672689491e-01 -8.235325976e-01
-5.620833779e-01 -8.270805743e-01
-5.568756165e-01 -8.305958992e-01
-5.516458706e-01 -8.340784336e-01
-5.463943467e-01 -8.375280400e-01
-5.411212521e-01 -8.409445823e-01
-5.358267950e-01 -8.443279255e-01
-5.305111843e-01 -8.476779361e-01
-5.251746300e-01 -8.509944818e-01
-5.198173426e-01 -8.542774317e-01
-5.144395338e-01 -8.575266562e-01
-5.090414158e-01 -8.607420270e-01
-5.036232016e-01 -8.639234172e-01
-4.981851053e-01 -8.670707012e-01
-4.927273415e-01 -8.701837547e-01
-4.872501257e-01 -8.732624548e-01
-4.817536741e-01 -8.763066800e-01
-4.762382037e-01 -8.793163102e-01
-4.707039322e-01 -8.822912264e-01
-4.651510781e-01 -8.852313113e-01
-4.595798606e-01 -8.881364488e-01
-4.539904997e-01 -8.910065242e-01
-4.483832161e-01 -8.938414242e-01
-4.427582310e-01 -8.966410368e-01
-4.371157667e-01 -8.994052516e-01
-4.314560457e-01 -9.021339594e-01
-4.257792916e-01 -9.048270525e-01
-4.200857284e-01 -9.074844245e-01
-4.143755810e-01 -9.101059707e-01
-4.086490747e-01 -9.126915874e-01
-4.029064357e-01 -9.152411726e-01
-3.971478906e-01 -9.177546257e-01
-3.913736668e-01 -9.202318474e-01
-3.855839923e-01 -9.226727399e-01
-3.797790955e-01 -9.250772068e-01
-3.739592057e-01 -9.274451533e-01
-3.681245527e-01 -9.297764859e-01
-3.622753667e-01 -9.320711125e-01
-3.564118787e-01 -9.343289425e-01
-3.505343202e-01 -9.365498867e-01
-3.446429232e-01 -9.387338577e-01
-3.387379202e-01 -9.408807690e-01
-3.328195445e-01 -9.429905359e-01
-3.268880297e-01 -9.450630752e-01
-3.209436098e-01 -9.470983050e-01
-3.149865197e-01 -9.490961450e-01
-3.090169944e-01 -9.510565163e-01
-3.030352696e-01 -9.529793415e-01
-2.970415816e-01 -9.548645447e-01
-2.910361668e-01 -9.567120516e-01
-2.850192625e-01 -9.585217890e-01
-2.789911060e-01 -9.602936857e-01
-2.729519355e-01 -9.620276716e-01
-2.669019893e-01 -9.637236783e-01
-2.608415063e-01 -9.653816388e-01
-2.547707257e-01 -9.670014878e-01
-2.486898872e-01 -9.685831611e-01
-2.425992308e-01 -9.701265965e-01
-2.364989970e-01 -9.716317329e-01
-2.303894267e-01 -9.730985110e-01
-2.242707609e-01 -9.745268728e-01
-2.181432414e-01 -9.759167619e-01
-2.120071099e-01 -9.772681236e-01
-2.058626088e-01 -9.785809043e-01
-1.997099805e-01 -9.798550524e-01
-1.935494681e-01 -9.810905174e-01
-1.873813146e-01 -9.822872507e-01
-1.812057636e-01 -9.834452050e-01
-1.750230590e-01 -9.845643345e-01
-1.688334447e-01 -9.856445951e-01
-1.626371652e-01 -9.866859442e-01
-1.564344650e-01 -9.876883406e-01
-1.502255891e-01 -9.886517447e-01
-1.440107826e-01 -9.895761186e-01
-1.377902907e-01 -9.904614257e-01
-1.315643591e-01 -9.913076311e-01
-1.253332336e-01 -9.921147013e-01
-1.190971601e-01 -9.928826046e-01
-1.128563849e-01 -9.936113105e-01
-1.066111543e-01 -9.943007904e-01
-1.003617149e-01 -9.949510170e-01
-9.410831332e-02 -9.955619646e-01
-8.785119655e-02 -9.961336091e-01
-8.159061157e-02 -9.966659280e-01
-7.532680553e-02 -9.971589003e-01
-6.906002571e-02 -9.976125064e-01
-6.279051953e-02 -9.980267284e-01
-5.651853448e-02 -9.984015501e-01
-5.024431818e-02 -9.987369566e-01
-4.396811832e-02 -9.990329347e-01
-3.769018267e-02 -9.992894726e-01
-3.141075908e-02 -9.995065604e-01
-2.513009544e-02 -9.996841893e-01
-1.884843972e-02 -9.998223524e-01
-1.256603988e-02 -9.999210442e-01
-6.283143966e-03 -9.999802609e-01
-1.836970199e-16 -1.000000000e+00
6.283143966e-03 -9.999802609e-01
1.256603988e-02 -9.999210442e-01
1.884843972e-02 -9.998223524e-01
2.513009544e-02 -9.996841893e-01
3.141075908e-02 -9.995065604e-01
3.769018267e-02 -9.992894726e-01
4.396811832e-02 -9.990329347e-01
5.024431818e-02 -9.987369566e-01
5.651853448e-02 -9.984015501e-01
6.279051953e-02 -9.980267284e-01
6.906002571e-02 -9.976125064e-01
7.532680553e-02 -9.971589003e-01
8.159061157e-02 -9.966659280e-01
8.785119655e-02 -9.961336091e-01
9.410831332e-02 -9.955619646e-01
1.003617149e-01 -9.949510170e-01
1.066111543e-01 -9.943007904e-01
1.128563849e-01 -9.936113105e-01
1.190971601e-01 -9.928826046e-01
1.253332336e-01 -9.921147013e-01
1.315643591e-01 -9.913076311e-01
1.377902907e-01 -9.904614257e-01
1.440107826e-01 -9.895761186e-01
1.502255891e-01 -9.886517447e-01
1.564344650e-01 -9.876883406e-01
1.626371652e-01 -9.866859442e-01
1.688334447e-01 -9.856445951e-01
1.750230590e-01 -9.845643345e-01
1.812057636e-01 -9.834452050e-01
1.873813146e-01 -9.822872507e-01
1.935494681e-01 -9.810905174e-01
1.997099805e-01 -9.798550524e-01
2.058626088e-01 -9.785809043e-01
2.120071099e-01 -9.772681236e-01
2.181432414e-01 -9.759167619e-01
2.242707609e-01 -9.745268728e-01
2.303894267e-01 -9.730985110e-01
2.364989970e-01 -9.716317329e-01
2.425992308e-01 -9.701265965e-01
2.486898872e-01 -9.685831611e-01
2.547707257e-01 -9.670014878e-01
2.608415063e-01 -9.653816388e-01
2.669019893e-01 -9.637236783e-01
2.729519355e-01 -9.620276716e-01
2.789911060e-01 -9.602936857e-01
2.850192625e-01 -9.585217890e-01
2.910361668e-01 -9.567120516e-01
2.970415816e-01 -9.548645447e-01
3.030352696e-01 -9.529793415e-01
3.090169944e-01 -9.510565163e-01
3.149865197e-01 -9.490961450e-01
3.209436098e-01 -9.470983050e-01
3.268880297e-01 -9.450630752e-01
3.328195445e-01 -9.429905359e-01
3.387379202e-01 -9.408807690e-01
3.446429232e-01 -9.387338577e-01
3.505343202e-01 -9.365498867e-01
3.564118787e-01 -9.343289425e-01
3.622753667e-01 -9.320711125e-01
3.681245527e-01 -9.297764859e-01
3.739592057e-01 -9.274451533e-01
3.797790955e-01 -9.250772068e-01
3.855839923e-01 -9.226727399e-01
3.913736668e-01 -9.202318474e-01
3.971478906e-01 -9.177546257e-01
4.029064357e-01 -9.152411726e-01
4.086490747e-01 -9.126915874e-01
4.143755810e-01 -9.101059707e-01
4.200857284e-01 -9.074844245e-01
4.257792916e-01 -9.048270525e-01
4.314560457e-01 -9.021339594e-01
4.371157667e-01 -8.994052516e-01
4.427582310e-01 -8.966410368e-01
4.483832161e-01 -8.938414242e-01
4.539904997e-01 -8.910065242e-01
4.595798606e-01 -8.881364488e-01
4.651510781e-01 -8.852313113e-01
4.707039322e-01 -8.822912264e-01
4.762382037e-01 -8.793163102e-01
4.817536741e-01 -8.763066800e-01
4.872501257e-01 -8.732624548e-01
4.927273415e-01 -8.701837547e-01
4.981851053e-01 -8.670707012e-01
5.036232016e-01 -8.639234172e-01
5.090414158e-01 -8.607420270e-01
5.144395338e-01 -8.575266562e-01
5.198173426e-01 -8.542774317e-01
5.251746300e-01 -8.509944818e-01
5.305111843e-01 -8.476779361e-01
5.358267950e-01 -8.443279255e-01
5.411212521e-01 -8.409445823e-01
5.463943467e-01 -8.375280400e-01
5.516458706e-01 -8.340784336e-01
5.568756165e-01 -8.305958992e-01
5.620833779e-01 -8.270805743e-01
5.672689491e-01 -8.235325976e-01
5.724321256e-01 -8.199521093e-01
5.775727034e-01 -8.163392507e-01
5.826904797e-01 -8.126941644e-01
5.877852523e-01 -8.090169944e-01
5.928568202e-01 -8.053078857e-01
5.979049831e-01 -8.015669849e-01
6.029295417e-01 -7.977944395e-01
6.079302977e-01 -7.939903986e-01
6.129070537e-01 -7.901550124e-01
6.178596131e-01 -7.862884321e-01
6.227877805e-01 -7.823908106e-01
6.276913613e-01 -7.784623016e-01
6.325701619e-01 -7.745030602e-01
6.374239897e-01 -7.705132428e-01
6.422526532e-01 -7.664930068e-01
6.470559616e-01 -7.624425110e-01
6.518337253e-01 -7.583619153e-01
6.565857558e-01 -7.542513807e-01
6.613118653e-01 -7.501110696e-01
6.660118674e-01 -7.459411454e-01
6.706855765e-01 -7.417417727e-01
6.753328081e-01 -7.375131174e-01
6.799533787e-01 -7.332553462e-01
6.845471059e-01 -7.289686274e-01
6.891138084e-01 -7.246531302e-01
6.936533058e-01 -7.203090249e-01
6.981654190e-01 -7.159364830e-01
7.026499698e-01 -7.115356772e-01
7.071067812e-01 -7.071067812e-01
7.115356772e-01 -7.026499698e-01
7.159364830e-01 -6.981654190e-01
7.203090249e-01 -6.936533058e-01
7.246531302e-01 -6.891138084e-01
7.289686274e-01 -6.845471059e-01
7.332553462e-01 -6.799533787e-01
7.375131174e-01 -6.753328081e-01
7.417417727e-01 -6.706855765e-01
7.459411454e-01 -6.660118674e-01
7.501110696e-01 -6.613118653e-01
7.542513807e-01 -6.565857558e-01
7.583619153e-01 -6.518337253e-01
7.624425110e-01 -6.470559616e-01
7.664930068e-01 -6.422526532e-01
7.705132428e-01 -6.374239897e-01
7.745030602e-01 -6.325701619e-01
7.784623016e-01 -6.276913613e-01
7.823908106e-01 -6.227877805e-01
7.862884321e-01 -6.178596131e-01
7.901550124e-01 -6.129070537e-01
7.939903986e-01 -6.079302977e-01
7.977944395e-01 -6.029295417e-01
8.015669849e-01 -5.979049831e-01
8.053078857e-01 -5.928568202e-01
8.090169944e-01 -5.877852523e-01
8.126941644e-01 -5.826904797e-01
8.163392507e-01 -5.775727034e-01
8.199521093e-01 -5.724321256e-01
8.235325976e-01 -5.672689491e-01
8.270805743e-01 -5.620833779e-01
8.305958992e-01 -5.568756165e-01
8.340784336e-01 -5.516458706e-01
8.375280400e-01 -5.463943467e-01
8.409445823e-01 -5.411212521e-01
8.443279255e-01 -5.358267950e-01
8.476779361e-01 -5.305111843e-01
8.509944818e-01 -5.251746300e-01
8.542774317e-01 -5.198173426e-01
8.575266562e-01 -5.144395338e-01
8.607420270e-01 -5.090414158e-01
8.639234172e-01 -5.036232016e-01
8.670707012e-01 -4.981851053e-01
8.701837547e-01 -4.927273415e-01
8.732624548e-01 -4.872501257e-01
8.763066800e-01 -4.817536741e-01
8.793163102e-01 -4.762382037e-01
8.822912264e-01 -4.707039322e-01
8.852313113e-01 -4.651510781e-01
8.881364488e-01 -4.595798606e-01
8.910065242e-01 -4.539904997e-01
8.938414242e-01 -4.483832161e-01
8.966410368e-01 -4.427582310e-01
8.994052516e-01 -4.371157667e-01
9.021339594e-01 -4.314560457e-01
9.048270525e-01 -4.257792916e-01
9.074844245e-01 -4.200857284e-01
9.101059707e-01 -4.143755810e-01
9.126915874e-01 -4.086490747e-01
9.152411726e-01 -4.029064357e-01
9.177546257e-01 -3.971478906e-01
9.202318474e-01 -3.913736668e-01
9.226727399e-01 -3.855839923e-01
9.250772068e-01 -3.797790955e-01
9.274451533e-01 -3.739592057e-01
9.297764859e-01 -3.681245527e-01
9.320711125e-01 -3.622753667e-01
9.343289425e-01 -3.564118787e-01
9.365498867e-01 -3.505343202e-01
9.387338577e-01 -3.446429232e-01
9.408807690e-01 -3.387379202e-01
9.429905359e-01 -3.328195445e-01
9.450630752e-01 -3.268880297e-01
9.470983050e-01 -3.209436098e-01
9.490961450e-01 -3.149865197e-01
9.510565163e-01 -3.090169944e-01
9.529793415e-01 -3.030352696e-01
9.548645447e-01 -2.970415816e-01
9.567120516e-01 -2.910361668e-01
9.585217890e-01 -2.850192625e-01
9.602936857e-01 -2.789911060e-01
9.620276716e-01 -2.729519355e-01
9.637236783e-01 -2.669019893e-01
9.653816388e-01 -2.608415063e-01
9.670014878e-01 -2.547707257e-01
9.685831611e-01 -2.486898872e-01
9.701265965e-01 -2.425992308e-01
9.716317329e-01 -2.364989970e-01
9.730985110e-01 -2.303894267e-01
9.745268728e-01 -2.242707609e-01
9.759167619e-01 -2.181432414e-01
9.772681236e-01 -2.120071099e-01
9.785809043e-01 -2.058626088e-01
9.798550524e-01 -1.997099805e-01
9.810905174e-01 -1.935494681e-01
9.822872507e-01 -1.873813146e-01
9.834452050e-01 -1.812057636e-01
9.845643345e-01 -1.750230590e-01
9.856445951e-01 -1.688334447e-01
9.866859442e-01 -1.626371652e-01
9.876883406e-01 -1.564344650e-01
9.886517447e-01 -1.502255891e-01
9.895761186e-01 -1.440107826e-01
9.904614257e-01 -1.377902907e-01
9.913076311e-01 -1.315643591e-01
9.921147013e-01 -1.253332336e-01
9.928826046e-01 -1.190971601e-01
9.936113105e-01 -1.128563849e-01
9.943007904e-01 -1.066111543e-01
9.949510170e-01 -1.003617149e-01
9.955619646e-01 -9.410831332e-02
9.961336091e-01 -8.785119655e-02
9.966659280e-01 -8.159061157e-02
9.971589003e-01 -7.532680553e-02
9.976125064e-01 -6.906002571e-02
9.980267284e-01 -6.279051953e-02
9.984015501e-01 -5.651853448e-02
9.987369566e-01 -5.024431818e-02
9.990329347e-01 -4.396811832e-02
9.992894726e-01 -3.769018267e-02
9.995065604e-01 -3.141075908e-02
9.996841893e-01 -2.513009544e-02
9.998223524e-01 -1.884843972e-02
9.999210442e-01 -1.256603988e-02
9.999802609e-01 -6.283143966e-03
