0.102387 0.806737 0.140996 0.25889
0.778996 0.360435 0.972254 0.810797
0.310127 0.848926 0.395682 0.349777
0.323148 0.251886 0.335492 0.785661
0.509989 0.864715 0.808895 0.41054
0.337349 0.320696 0.674752 0.751339
-0.0156034 0.709972 0.497052 0.649172
0.524761 1.38783 0.54774 0.83121
0.43689 0.469538 0.926128 0.713222
0.455368 0.471931 0.581819 0.0354293
0.906656 0.173283 1.31651 -0.124893
-0.0379358 0.604002 0.406057 0.918146
0.687556 0.448639 1.08826 0.144461
0.530057 0.0225252 0.884535 0.454297
0.0263408 0.914462 0.45455 0.632842
0.262224 0.965152 0.640484 0.701932
0.129245 0.440159 0.212758 0.0277826
0.477431 0.930615 0.951696 1.03526
0.234804 -0.111732 0.318022 0.331563
0.260636 0.85625 0.363064 0.309864
