0.000 0.000
50.887 37.070
38.608 119.850
-59.043 179.407
-204.479 146.995
-314.783 -1.982
-303.917 -224.336
-132.486 -420.319
160.457 -477.419
462.150 -327.835
629.528 7.927
554.581 414.783
222.577 721.962
-265.622 774.149
-722.096 505.429
-944.198 -17.836
-802.849 -608.387
-308.872 -1024.745
374.526 -1069.562
984.287 -679.756
1258.756 31.706
1048.692 805.127
391.360 1328.630
-487.156 1363.623
-1248.691 850.795
-1573.164 -49.538
-1292.079 -1004.978
-470.031 -1633.583
603.498 -1656.296
1515.277 -1018.524
1887.386 71.329
1532.981 1207.918
544.873 1939.568
-723.542 1947.546
-1784.014 1182.923
-2201.382 -97.079
-1771.370 -1413.924
-615.878 -2246.547
847.272 -2237.339
2054.871 -1343.972
2515.117 126.784
2007.215 1622.971
683.036 2554.485
-974.675 2525.639
-2327.817 1501.651
-2828.553 -160.443
-2240.489 -1835.036
-746.338 -2863.346
1105.737 -2812.413
2602.818 -1655.939
3141.652 198.053
2471.162 2050.095
805.774 3173.093
-1240.445 3097.624
-2879.844 1806.818
-3454.377 -239.611
-2699.207 -2268.123
-861.337 -3483.690
1378.782 -3381.240
3158.863 -1954.267
3766.691 285.114
2924.595 2489.096
913.018 3795.100
-1520.736 3663.224
-3439.841 2098.268
-4078.556 -334.557
-3147.298 -2712.989
-960.810 -4107.287
1666.290 -3943.544
3722.747 -2238.802
4389.936 387.938
3367.288 2939.776
1004.703 4420.214
-1815.428 4222.165
-4007.549 2375.851
-4700.793 -445.252
-3584.539 -3169.433
-1044.692 -4733.844
1968.137 -4499.052
4294.213 -2509.396
5011.090 506.494
3799.021 3401.933
1080.769 5048.141
-2124.398 4774.173
-4582.706 2639.419
-5320.789 -571.659
-4010.709 -3637.251
-1112.927 -5363.067
2284.197 -5047.493
4872.996 -2765.903
5629.855 640.743
4219.575 3875.361
1141.160 5678.587
-2447.516 5318.979
-5165.050 2888.830
-5938.248 -713.739
-4425.593 -4116.237
-1165.462 -5994.662
2614.339 -5588.597
5458.834 -3008.184
6245.934 790.643
4628.736 4359.852
1185.827 6311.256
-2784.649 5856.314
-5754.314 3123.947
-6552.874 -871.448
-4828.977 -4606.180
-1202.249 -6628.331
2958.428 -6122.097
6051.457 -3236.102
6859.032 956.147
5026.292 4855.193
1214.724 6945.852
-3135.658 6385.913
-6350.230 3344.634
-7164.371 -1044.734
-5220.654 -5106.864
-1223.246 -7263.780
3316.322 -6647.729
6650.598 -3449.527
7468.854 1137.201
5412.036 5361.167
1227.811 7582.078
-3500.402 6907.511
-6952.527 3550.764
-7772.444 -1233.542
-5600.415 -5618.073
-1228.415 -7900.709
3687.878 -7165.228
7255.983 -3648.330
8075.105 1333.749
5785.765 5877.554
1225.053 8219.636
-3878.732 7420.848
-7560.933 3742.211
-8376.800 -1437.814
-5968.061 -6139.583
-1217.723 -8538.822
4072.946 -7674.337
7867.341 -3832.391
8677.492 1545.728
6147.278 6404.132
1206.420 8858.228
-4270.499 7925.664
-8175.173 3918.856
-8977.145 -1657.483
-6323.392 -6671.171
-1191.142 -9177.819
4471.372 -8174.796
8484.394 -4001.591
9275.723 1773.070
6496.379 6940.673
1171.886 9497.555
-4675.545 8421.703
-8794.970 4080.582
-9573.189 -1892.481
-6666.214 -7212.608
-1148.650 -9817.401
4882.999 -8666.352
9106.865 -4155.817
9869.507 2015.704
6832.874 7486.948
1121.431 10137.318
-5093.712 8908.711
-9420.045 4227.281
-10164.640 -2142.731
-6996.336 -7763.663
-1090.229 -10457.270
5307.664 -9148.750
9734.475 -4294.960
10458.553 2273.552
7156.576 8042.724
1055.041 10777.217
-5524.834 9386.437
-10050.118 4358.844
-10751.210 -2408.155
-7313.571 -8324.100
-1015.866 -11097.124
5745.201 -9621.742
10366.940 -4418.918
11042.574 2546.531
7467.299 8607.763
972.704 11416.952
-5968.744 9854.633
-10684.906 4475.171
-11332.609 -2688.669
-7617.737 -8893.682
-925.554 -11736.665
6195.440 -10085.081
11003.979 -4527.590
11621.281 2834.556
7764.862 9181.827
874.416 12056.223
-6425.268 10313.054
-11324.125 4576.165
-11908.552 -2984.182
-7908.653 -9472.168
-819.290 -12375.591
6658.205 -10538.522
11645.306 -4620.883
12194.388 3137.534
8049.088 9764.673
760.177 12694.729
-6894.229 10761.455
-11967.488 4661.734
-12478.753 -3294.601
-8186.146 -10059.312
-697.077 -13013.602
7133.318 -10981.824
12290.634 -4698.707
12761.612 3455.369
8319.805 10356.055
629.991 13332.171
-7375.448 11199.598
-12614.709 4731.791
-13042.929 -3619.826
-8450.044 -10654.870
-558.921 -13650.398
7620.596 -11414.748
12939.675 -4760.976
13322.669 3787.960
8576.842 10955.725
483.869 13968.246
-7868.738 11627.245
-13265.497 4786.253
-13600.797 -3959.755
-8700.180 -11258.589
-404.836 -14285.678
8119.851 -11837.060
13592.139 -4807.612
13877.278 4135.199
8820.036 11563.431
321.825 14602.656
-8373.911 12044.163
-13919.564 4825.043
-14152.076 -4314.278
-8936.391 -11870.218
-234.838 -14919.143
8630.893 -12248.527
14247.735 -4838.538
14425.159 4496.977
9049.226 12178.918
143.879 15235.101
-8890.773 12450.122
-14576.616 4848.089
-14696.489 -4683.282
-9158.520 -12489.500
-48.951 -15550.492
9153.527 -12648.919
14906.170 -4853.686
14966.034 4873.178
9264.255 12801.931
-49.942 15865.279
-9419.128 12844.892
-15236.360 4855.321
-15233.758 -5066.650
-9366.411 -13116.178
152.798 -16179.425
9687.553 -13038.012
15567.150 -4852.988
15499.628 5263.682
9464.971 13432.208
-259.610 16492.892
-9958.775 13228.251
-15898.503 4846.678
-15763.608 -5464.258
-9559.915 -13749.989
370.376 -16805.643
10232.769 -13415.582
16230.381 -4836.385
16025.666 5668.363
9651.227 14069.488
-485.090 17117.641
-10509.509 13599.977
-16562.748 4822.102
-16285.767 -5875.980
-9738.887 -14390.671
603.746 -17428.848
10788.969 -13781.409
16895.566 -4803.821
16543.877 6087.093
9822.878 14713.506
-726.340 17739.227
-11071.122 13959.852
-17228.799 4781.538
-16799.962 -6301.684
-9903.184 -15037.958
852.865 -18048.740
11355.942 -14135.279
17562.409 -4755.246
17053.990 6519.736
9979.786 15363.994
-983.316 18357.352
-11643.402 14307.663
-17896.358 4724.940
-17305.926 -6741.233
-10052.670 -15691.580
1117.686 -18665.023
11933.474 -14476.978
18230.610 -4690.614
17555.738 6966.155
10121.817 16020.682
-1255.968 18971.718
-12226.132 14643.198
-18565.127 4652.263
-17803.392 -7194.486
-10187.212 -16351.266
1398.155 -19277.399
12521.348 -14806.297
18899.872 -4609.884
18048.855 7426.206
10248.839 16683.299
-1544.240 19582.029
-12819.095 14966.250
-19234.807 4563.470
-18292.095 -7661.298
-10306.683 -17016.744
1694.216 -19885.571
13119.343 -15123.031
19569.894 -4513.020
18533.078 7899.742
10360.728 17351.569
-1848.073 20187.989
-13422.066 15276.616
-19905.097 4458.528
-18771.772 -8141.519
-10410.959 -17687.738
2005.805 -20489.245
13727.234 -15426.979
20240.376 -4399.991
19008.146 8386.609
10457.361 18025.216
-2167.401 20789.303
-14034.819 15574.095
-20575.696 4337.407
-19242.166 -8634.994
-10499.921 -18363.969
2332.854 -21088.125
14344.792 -15717.941
20911.017 -4270.773
19473.800 8886.652
10538.623 18703.961
-2502.155 21385.677
-14657.125 15858.492
-21246.303 4200.086
-19703.017 -9141.564
-10573.455 -19045.158
2675.292 -21681.919
14971.787 -15995.724
21581.515 -4125.344
19929.785 9399.710
10604.402 19387.524
-2852.258 21976.818
-15288.750 16129.613
-21916.616 4046.545
-20154.072 -9661.068
-10631.451 -19731.023
3033.041 -22270.334
15607.983 -16260.136
22251.568 -3963.688
20375.847 9925.617
10654.590 20075.621
-3217.632 22562.434
-15929.457 16387.270
-22586.334 3876.772
-20595.079 -10193.336
-10673.805 -20421.280
3406.019 -22853.079
16253.142 -16510.992
22920.874 -3785.796
20811.736 10464.203
10689.084 20767.967
-3598.191 23142.234
-16579.008 16631.279
-23255.152 3690.759
-21025.787 -10738.197
-10700.415 -21115.644
3794.137 -23429.863
16907.023 -16748.108
23589.129 -3591.661
21237.202 11015.295
10707.787 21464.276
-3993.845 23715.930
-17237.158 16861.457
-23922.768 3488.502
-21445.951 -11295.475
-10711.187 -21813.827
4197.304 -24000.398
17569.381 -16971.305
24256.031 -3381.282
21652.002 11578.714
10710.605 22164.259
-4404.501 24283.233
-17903.662 17077.629
-24588.880 3270.003
-21855.326 -11864.989
-10706.030 -22515.538
4615.423 -24564.397
18239.968 -17180.408
24921.276 -3154.666
22055.893 12154.278
10697.450 22867.627
-4830.058 24843.856
-18578.270 17279.621
-25253.183 3035.271
-22253.673 -12446.557
-10684.857 -23220.489
5048.392 -25121.574
18918.534 -17375.247
25584.561 -2911.820
22448.635 12741.801
10668.239 23574.087
-5270.412 25397.515
-19260.730 17467.264
-25915.374 2784.316
-22640.751 -13039.987
-10647.587 -23928.385
5496.105 -25671.644
19604.825 -17555.654
26245.582 -2652.760
22829.992 13341.092
10622.892 24283.346
-5725.455 25943.925
-19950.787 17640.394
-26575.150 2517.156
-23016.328 -13645.089
-10594.144 -24638.933
5958.448 -26214.325
20298.584 -17721.466
26904.037 -2377.505
23199.730 13951.956
10561.335 24995.109
-6195.071 26482.806
-20648.183 17798.850
-27232.207 2233.813
-23380.170 -14261.666
-10524.457 -25351.837
6435.307 -26749.335
20999.552 -17872.526
27559.622 -2086.081
23557.619 14574.194
10483.500 25709.080
-6679.142 27013.877
-21352.657 17942.475
-27886.243 1934.315
-23732.050 -14889.516
-10438.458 -26066.801
6926.561 -27276.397
21707.465 -18008.678
28212.034 -1778.517
23903.432 15207.605
10389.322 26424.961
-7177.546 27536.860
-22063.945 18071.118
-28536.955 1618.693
-24071.740 -15528.435
-10336.086 -26783.525
7432.082 -27795.231
22422.061 -18129.774
28860.970 -1454.848
24236.945 15851.981
10278.742 27142.454
-7690.153 28051.478
-22781.780 18184.630
-29184.041 1286.987
-24399.020 -16178.215
-10217.285 -27501.711
7951.742 -28305.564
23143.069 -18235.667
29506.129 -1115.114
24557.938 16507.112
10151.706 27861.259
-8216.831 28557.456
-23505.894 18282.868
-29827.198 939.237
-24713.670 -16838.644
-10082.001 -28221.059
8485.404 -28807.121
23870.221 -18326.215
30147.209 -759.361
24866.192 17172.784
10008.164 28581.074
-8757.443 29054.523
-24236.015 18365.692
-30466.125 575.492
-25015.475 -17509.505
-9930.189 -28941.266
9032.929 -29299.631
24603.243 -18401.283
30783.908 -387.638
25161.494 17848.780
9848.072 29301.597
-9311.846 29542.409
-24971.869 18432.969
-31100.521 195.805
-25304.222 -18190.579
-9761.807 -29662.029
9594.173 -29782.824
25341.860 -18460.737
31415.927 0.000
31730.086 0.000
25595.787 -18645.715
9690.501 -30081.851
-9860.015 -29960.444
-25559.309 -18373.955
-31414.674 197.782
-25224.627 18619.543
-9406.289 29842.036
9948.157 29599.387
25417.731 18030.546
31098.043 -391.593
24854.821 -18589.443
9125.485 -29599.847
-10032.147 -29238.420
-25272.851 -17689.655
-30780.228 581.425
-24486.404 18555.433
-8848.106 29355.316
10111.991 28877.580
25124.697 17351.310
30461.269 -767.272
24119.410 -18517.529
8574.172 -29108.478
-10187.693 -28516.906
-24973.294 -17015.539
-30141.202 949.125
-23753.874 18475.746
-8303.700 28859.367
10259.258 28156.434
24818.670 16682.369
29820.065 -1126.979
23389.830 -18430.103
8036.708 -28608.015
-10326.693 -27796.204
-24660.851 -16351.827
-29497.895 1300.827
-23027.311 18380.615
-7773.214 28354.458
10390.003 27436.252
24499.864 16023.940
29174.731 -1470.665
22666.353 -18327.301
7513.233 -28098.729
-10449.194 -27076.617
-24335.736 -15698.736
-28850.611 1636.485
-22306.989 18270.179
-7256.785 27840.862
10504.273 26717.335
24168.495 15376.240
28525.571 -1798.283
21949.252 -18209.266
7003.884 -27580.892
-10555.247 -26358.445
-23998.168 -15056.479
-28199.650 1956.054
-21593.175 18144.581
-6754.547 27318.853
10602.123 25999.983
23824.784 14739.479
27872.885 -2109.793
21238.793 -18076.142
6508.791 -27054.780
-10644.909 -25641.988
-23648.370 -14425.265
-27545.315 2259.496
-20886.138 18003.968
-6266.630 26788.707
10683.611 25284.496
23468.955 14113.863
27216.977 -2405.160
20535.243 -17928.079
6028.080 -26520.670
-10718.240 -24927.544
-23286.567 -13805.299
-26887.909 2546.780
-20186.140 17848.492
-5793.156 26250.703
10748.802 24571.170
23101.234 13499.596
26558.149 -2684.352
19838.863 -17765.229
5561.873 -25978.842
-10775.307 -24215.411
-22912.986 -13196.781
-26227.735 2817.875
-19493.444 17678.309
-5334.246 25705.121
10797.763 23860.303
22721.852 12896.878
25896.705 -2947.346
19149.915 -17587.753
5110.288 -25429.575
-10816.180 -23505.883
-22527.860 -12599.910
-25565.097 3072.761
-18808.308 17493.580
-4890.013 25152.241
10830.568 23152.189
22331.040 12305.903
25232.948 -3194.119
18468.655 -17395.811
4673.436 -24873.154
-10840.936 -22799.257
-22131.423 -12014.879
-24900.297 3311.418
-18130.988 17294.467
-4460.569 24592.348
10847.295 22447.123
21929.037 11726.862
24567.182 -3424.657
17795.338 -17189.570
4251.425 -24309.861
-10849.656 -22095.824
-21723.913 -11441.876
-24233.640 3533.834
-17461.736 17081.141
-4046.016 24025.727
10848.028 21745.396
21516.080 11159.943
23899.709 -3638.949
17130.214 -16969.201
3844.356 -23739.983
-10842.423 -21395.876
-21305.570 -10881.086
-23565.428 3740.002
-16800.802 16853.772
-3646.457 23452.664
10832.854 21047.299
21092.413 10605.328
23230.834 -3836.991
16473.531 -16734.877
3452.329 -23163.806
-10819.330 -20699.702
-20876.639 -10332.691
-22895.965 3929.918
-16148.432 16612.539
-3261.985 22873.446
10801.865 20353.120
20658.279 10063.197
22560.859 -4018.782
15825.536 -16486.779
3075.436 -22581.620
-10780.471 -20007.590
-20437.365 -9796.867
-22225.554 4103.585
-15504.871 16357.621
-2892.692 22288.364
10755.160 19663.147
20213.927 9533.723
21890.088 -4184.328
15186.469 -16225.088
2713.764 -21993.714
-10725.945 -19319.827
-19987.997 -9273.786
-21554.498 4261.011
-14870.358 16089.203
-2538.663 21697.707
10692.840 18977.664
19759.607 9017.077
21218.822 -4333.638
14556.569 -15949.990
2367.397 -21400.380
-10655.857 -18636.696
-19528.788 -8763.617
-20883.099 4402.209
-14245.130 15807.473
-2199.978 21101.768
10615.012 18296.956
19295.572 8513.425
20547.366 -4466.727
13936.072 -15661.676
2036.413 -20801.909
-10570.317 -17958.479
-19059.991 -8266.522
-20211.660 4527.195
-13629.422 15512.623
-1876.713 20500.840
10521.787 17621.302
18822.078 8022.928
19876.019 -4583.615
13325.210 -15360.339
1720.885 -20198.596
-10469.437 -17285.458
-18581.865 -7782.663
-19540.481 4635.992
-13023.463 15204.849
-1568.938 19895.216
10413.282 16950.982
18339.383 7545.744
19205.084 -4684.328
12724.211 -15046.178
1420.881 -19590.735
-10353.337 -16617.910
-18094.667 -7312.192
-18869.864 4728.628
-12427.480 14884.351
-1276.720 19285.191
10289.617 16286.274
17847.748 7082.026
18534.860 -4768.895
12133.300 -14719.394
1136.464 -18978.621
-10222.139 -15956.110
-17598.660 -6855.262
-18200.109 4805.135
-11841.697 14551.333
-1000.120 18671.061
10150.917 15627.452
17347.436 6631.921
17865.649 -4837.352
11552.699 -14380.192
867.694 -18362.550
-10075.970 -15300.333
-17094.109 -6412.019
-17531.516 4865.552
-11266.334 14205.999
-739.193 18053.123
9997.313 14974.788
16838.712 6195.574
17197.749 -4889.739
10982.627 -14028.781
614.622 -17742.819
-9914.963 -14650.851
-16581.280 -5982.603
-16864.383 4909.920
-10701.606 13848.563
-493.989 17431.674
9828.937 14328.554
16321.844 5773.123
16531.458 -4926.101
10423.297 -13665.372
377.298 -17119.726
-9739.254 -14007.931
-16060.440 -5567.151
-16199.009 4938.288
-10147.727 13479.236
-264.555 16807.013
9645.930 13689.015
15797.101 5364.704
15867.073 -4946.488
9874.921 -13290.181
155.764 -16493.570
-9548.983 -13371.841
-15531.862 -5165.797
-15535.689 4950.707
-9604.905 13098.236
-50.931 16179.437
9448.433 13056.439
15264.756 4970.447
15204.892 -4950.954
9337.704 -12903.428
-49.940 -15864.650
-9344.296 -12742.844
-14995.818 -4778.668
-14874.719 4947.236
-9073.345 12705.785
146.846 15549.246
9236.594 12431.087
14725.082 4590.477
14545.208 -4939.561
8811.852 -12505.334
-239.783 -15233.263
-9125.343 -12121.202
-14452.582 -4405.888
-14216.395 4927.936
-8553.249 12302.105
328.747 14916.739
9010.564 11813.221
14178.354 4224.915
13888.317 -4912.372
8297.562 -12096.126
-413.735 -14599.712
-8892.277 -11507.175
-13902.432 -4047.574
-13561.010 4892.875
-8044.814 11887.425
494.745 14282.217
8770.500 11203.096
13624.851 3873.877
13234.511 -4869.457
7795.031 -11676.031
-571.774 -13964.294
-8645.255 -10901.017
-13345.646 -3703.840
-12908.855 4842.126
-7548.234 11461.973
644.820 13645.980
8516.562 10600.968
13064.852 3537.475
12584.080 -4810.891
7304.449 -11245.282
-713.881 -13327.311
-8384.441 -10302.982
-12782.504 -3374.796
-12260.222 4775.764
-7063.698 11025.985
778.956 13008.327
8248.914 10007.089
12498.638 3215.816
11937.317 -4736.753
6826.005 -10804.114
-840.043 -12689.064
-8110.001 -9713.321
-12213.289 -3060.546
-11615.400 4693.871
-6591.392 10579.697
897.142 12369.559
7967.724 9421.708
11926.492 2909.001
11294.508 -4647.128
6359.883 -10352.765
-950.252 -12049.852
-7822.105 -9132.281
-11638.283 -2761.190
-10974.676 4596.536
-6131.498 10123.347
999.373 11729.978
7673.166 8845.071
11348.698 2617.127
10655.941 -4542.105
5906.260 -9891.475
-1044.506 -11409.975
-7520.928 -8560.107
-11057.773 -2476.822
-10338.337 4483.847
-5684.192 9657.179
1085.649 11089.882
7365.414 8277.421
10765.542 2340.287
10021.901 -4421.776
5465.314 -9420.490
-1122.805 -10769.735
-7206.648 -7997.041
-10472.043 -2207.533
-9706.667 4355.903
-5249.648 9181.438
1155.974 10449.573
7044.651 7718.997
10177.312 2078.569
9392.672 -4286.241
5037.215 -8940.055
-1185.158 -10129.432
-6879.448 -7443.319
-9881.384 -1953.406
-9079.950 4212.804
-4828.035 8696.371
1210.358 9809.350
6711.060 7170.037
9584.295 1832.055
8768.536 -4135.604
4622.129 -8450.420
-1231.576 -9489.365
-6539.514 -6899.179
-9286.083 -1714.523
-8458.465 4054.655
-4419.518 8202.231
1248.814 9169.514
6364.831 6630.775
8986.782 1600.822
8149.773 -3969.971
4220.221 -7951.837
-1262.076 -8849.834
-6187.036 -6364.852
-8686.431 -1490.960
-7842.493 3881.566
-4024.258 7699.269
1271.364 8530.363
6006.154 6101.440
8385.064 1384.945
7536.661 -3789.456
3831.648 -7444.560
-1276.681 -8211.138
-5822.210 -5840.566
-8082.720 -1282.785
-7232.310 3693.653
-3642.410 7187.743
1278.030 7892.197
5635.227 5582.260
7779.433 1184.490
6929.476 -3594.175
3456.564 -6928.849
-1275.417 -7573.577
-5445.232 -5326.548
-7475.242 -1090.066
-6628.191 3491.035
-3274.127 6667.910
1268.844 7255.314
5252.249 5073.458
7170.183 999.521
6328.492 -3384.250
3095.118 -6404.961
-1258.317 -6937.447
-5056.304 -4823.018
-6864.292 -912.862
-6030.410 3273.836
-2919.556 6140.033
1243.839 6620.012
4857.423 4575.255
6557.606 830.096
5733.981 -3159.808
2747.457 -5873.159
-1225.417 -6303.047
-4655.631 -4330.196
-6250.163 -751.229
-5439.237 3042.184
-2578.840 5604.374
1203.055 5986.588
4450.956 4087.867
5941.999 676.268
5146.213 -2920.980
2413.721 -5333.709
-1176.760 -5670.673
-4243.423 -3848.296
-5633.151 -605.219
-4854.941 2796.213
-2252.118 5061.199
1146.537 5355.339
4033.060 3611.509
5323.656 538.086
4565.455 -2667.901
2094.047 -4786.876
-1112.393 -5040.622
-3819.892 -3377.531
-5013.552 -474.876
-4277.788 2536.060
-1939.524 4510.776
1074.335 4726.559
3603.947 3146.388
4702.876 415.592
3991.972 -2400.710
1788.566 -4232.930
-1032.368 -4413.188
-3385.253 -2918.107
-4391.664 -360.241
-3708.041 2261.867
-1641.188 3953.375
986.502 4100.545
3163.837 2692.712
4079.954 308.826
3426.027 -2119.552
1497.405 -3672.143
-936.742 -3788.666
-2939.726 -2470.229
-3767.783 -261.350
-3145.963 1973.781
-1357.234 3389.269
883.098 3477.588
2712.949 2250.683
3455.189 217.819
2867.881 -1824.575
1220.688 -3104.786
-825.577 -3167.348
-2483.533 -2034.098
-3142.208 -178.235
-2591.812 1671.952
-1087.782 2818.731
764.187 2857.982
2251.508 1820.498
2828.878 142.600
2317.790 -1515.932
958.532 -2531.137
-698.938 -2549.527
-2016.901 -1609.909
-2515.237 -110.919
-2045.845 1356.535
-832.950 2242.039
629.839 2242.019
1779.742 1402.354
2201.321 83.194
1776.009 -1193.780
711.050 -1951.471
-556.899 -1935.494
-1540.058 -1197.856
-1887.168 -59.426
-1508.314 1027.689
-592.847 1659.469
480.128 1629.988
1297.881 996.440
1572.816 39.617
1242.792 -858.281
478.353 -1366.068
-399.536 -1325.537
-1053.238 -798.128
-1258.301 -23.769
-979.472 685.578
-367.580 1071.303
315.132 1022.178
806.160 602.944
943.662 11.883
718.386 -509.601
260.543 -775.209
-226.929 -719.946
-556.675 -410.909
-628.936 -3.960
-459.566 330.370
-157.252 477.822
134.936 418.877
304.815 222.048
314.159 0.000
