0.000 0.000
5.138 3.835
3.648 12.293
-6.643 18.051
-21.493 13.991
-31.991 -2.054
-29.292 -24.936
-9.987 -43.755
20.762 -46.901
50.277 -28.316
63.588 8.199
50.662 49.063
12.279 75.951
-38.552 73.897
-80.871 38.945
-94.398 -18.384
-68.966 -75.940
-10.466 -108.490
59.825 -98.688
112.914 -45.714
124.035 32.526
83.946 105.266
4.521 140.979
-84.366 120.945
-146.035 48.487
-152.120 -50.507
-95.370 -136.720
5.548 -173.019
111.929 -140.354
179.850 -47.162
178.285 72.180
103.033 169.963
-19.701 204.217
-142.243 156.626
-213.968 41.670
-202.177 -97.363
-106.759 -204.637
37.861 -234.182
175.014 -169.492
247.992 -31.975
223.455 125.848
106.405 240.370
-59.920 262.528
-209.924 178.711
-281.523 18.074
-241.800 -157.394
-101.857 -276.778
85.739 -288.882
246.633 -184.067
314.159 -0.000
345.575 -0.000
271.810 -202.857
94.677 -318.999
-112.707 -306.261
-268.129 -174.533
-312.874 20.087
-233.845 199.075
-66.911 293.156
119.121 269.097
250.829 141.264
279.150 -35.992
197.582 -191.347
42.875 -265.195
-121.290 -232.490
-230.482 -110.994
-244.805 47.676
-163.364 179.882
-22.717 235.488
119.318 196.828
207.405 83.969
210.239 -55.131
131.516 -164.916
6.555 -204.419
-113.344 -162.487
-181.935 -60.407
-175.850 58.386
-102.339 146.711
5.528 172.378
103.534 129.828
154.423 40.494
142.034 -57.503
76.111 -125.553
-13.483 -139.761
-90.087 -99.196
-125.234 -24.389
-109.176 52.576
-53.083 101.750
17.293 106.964
73.230 70.919
94.746 12.216
77.651 -43.732
33.479 -75.629
-16.977 -74.383
-53.213 -45.301
-63.343 -4.067
-47.823 31.129
-17.493 47.534
12.587 42.410
30.315 22.625
31.416 0.000
