2 -364.625
3.5 -380
5.5 -390.8
8.6428571429 -402.57143
13.5 -412.9
19 -424.08333
25.5 -434.85714
33 -445.125
42 -455.65
52.5 -466.04545
63.5 -475.45455
74.5 -483.59091
85.5 -490.81818
96.5 -497.31818
107.5 -503
118.5 -508.45455
129.5 -513.31818
140.5 -517.77273
151.5 -521.81818
162.5 -525.54545
173.5 -529
184.5 -532.18182
195.5 -535.09091
206.5 -537.81818
217.5 -540.18182
228.5 -542.5
239.5 -544.54545
250.5 -546.45455
261.5 -548.18182
272.5 -549.59091
283.5 -551
294.5 -552.31818
305.5 -553.31818
316.5 -554.13636
327.5 -555
338.5 -555.68182
349.5 -556
360.5 -556.40909
371.5 -557
382.5 -557
393.5 -557
404.5 -556.09091
415.5 -556
426.5 -555.45455
437.5 -554.81818
448.5 -553.90909
459.5 -552.86364
470.5 -551.68182
481.5 -550.45455
492.5 -548.95455
503.5 -547.45455
514.5 -545.59091
525.5 -543.72727
536.5 -541.68182
547.5 -539.5
558.5 -537.13636
569.5 -534.63636
580.5 -531.90909
591.5 -529.04545
602.5 -525.90909
613.5 -522.68182
624.5 -519.22727
635.5 -515.5
646.5 -511.54545
657.5 -507.27273
668.5 -502.77273
679.5 -497.90909
690.5 -492.77273
701.5 -487.04545
712.5 -481.13636
723.5 -474.5
734.5 -467.22727
745.5 -459.36364
756.5 -450.31818
767.5 -440
778 -429.05
787 -417.75
794.5 -406.64286
800.5 -395.5
806.0714285714 -385.14286
809.5 -374.83333
812.5 -363
814.6666666667 -351.66667
814.8333333333 -341.83333
815 -332.25
812.75 -318.625
808.5 -305.1
802.5 -293.78571
795 -283.1875
785.5 -273.04545
774.5 -263.18182
763.5 -254.95455
752.5 -247.77273
741.5 -241.31818
730.5 -235.5
719.5 -230.22727
708.5 -225.27273
697.5 -220.68182
686.5 -216.31818
675.5 -212.22727
664.5 -208.22727
653.5 -204.5
642.5 -200.81818
631.5 -197.31818
620.5 -193.72727
609.5 -190.40909
598.5 -186.90909
587.5 -183.54545
576.5 -180.27273
565.5 -177.22727
554.5 -174.36364
543.5 -171.77273
532.5 -169.22727
521.5 -167
510.5 -164.90909
499.5 -163.09091
488.5 -161.36364
477.5 -159.77273
466.5 -158.5
455.5 -157.36364
444.5 -156.40909
433.5 -155.77273
422.5 -155
411.5 -155
400.5 -155
389.5 -155
378.5 -155
367.5 -155.18182
356.5 -156
345.5 -156.86364
334.5 -158
323.5 -159.36364
312.5 -160.86364
301.5 -162.72727
290.5 -164.81818
279.5 -167.09091
268.5 -169.68182
257.5 -172.63636
246.5 -175.72727
235.5 -179.27273
224.5 -183.09091
213.5 -187.22727
202.5 -191.59091
191.5 -196.13636
180.5 -200.77273
169.5 -205.63636
158.5 -210.5
147.5 -215.63636
136.5 -221
125.5 -226.81818
114.5 -232.72727
103.5 -239.09091
92.5 -245.72727
81.5 -252.86364
70.5 -260.68182
59.5 -269.13636
48.5 -278.45455
38 -288.55
28.5 -299.44444
20.5 -310.14286
14 -320.75
8.5 -332.7
5 -346.0625
2 -364.625
13.2777777778 -100.05556
18 -84.083333
25.5 -72.611111
35.5 -62.227273
46.5 -53.318182
57.5 -45.818182
68.5 -39.363636
79.5 -33.5
90.5 -28.590909
101.5 -23.909091
112.5 -19.772727
123.5 -16.136364
134.5 -13
145.5 -10.409091
156.5 -8.5454545
167.5 -7.3181818
178.5 -7
189.5 -8.0909091
200.5 -10.272727
211.5 -14.5
222.5 -21.590909
231 -31.5
234.5 -44.75
234 -57
231 -66.166667
222.5 -76.590909
211.5 -83.409091
200.5 -85.818182
189.5 -86
178.5 -85.590909
167.5 -84.590909
156.5 -84
145.5 -84.363636
134.5 -86.590909
123.5 -91.909091
112.5 -101.04545
102 -112.95
92 -124
81.5 -132.81818
70.5 -137.81818
59.5 -139
48.5 -137.59091
37.5 -134.22727
26.5 -128.09091
16.5 -117.44444
13.2777777778 -100.05556
27.2777777778 -746.27778
29.6666666667 -728.58333
33.5 -716.7
39 -705.33333
46 -694.5625
55 -683.65
65.5 -673.54545
76.5 -664.77273
87.5 -657.40909
98.5 -651.04545
109.5 -645.5
120.5 -640.54545
131.5 -636.18182
142.5 -632.18182
153.5 -628.63636
164.5 -625.5
175.5 -622.59091
186.5 -619.90909
197.5 -617.40909
208.5 -615.18182
219.5 -613.18182
230.5 -611.31818
241.5 -609.77273
252.5 -609
263.5 -609.59091
274.5 -610.90909
285.5 -613
296.5 -615.5
307.5 -618.5
318.5 -621.72727
329.5 -625.18182
340.5 -628.54545
351.5 -631.77273
362.5 -634.86364
373.5 -637.31818
384.5 -639.45455
395.5 -640.68182
406.5 -641
417.5 -640.63636
428.5 -639.31818
439.5 -637.22727
450.5 -634.59091
461.5 -631.40909
472.5 -627.81818
483.5 -624
494.5 -620
505.5 -616.09091
516.5 -612.18182
527.5 -608.54545
538.5 -605.31818
549.5 -602.59091
560.5 -600.45455
571.5 -599.09091
582.5 -599
593.5 -599.04545
604.5 -600.27273
615.5 -601.54545
626.5 -603
637.5 -604.54545
648.5 -606.45455
659.5 -608.27273
670.5 -610.40909
681.5 -612.86364
692.5 -615.36364
703.5 -618.36364
714.5 -621.59091
725.5 -625.27273
736.5 -629.40909
747.5 -634.09091
758.5 -639.5
769.5 -645.5
780.5 -652.68182
791.5 -661.27273
802 -671.35
811 -682.1875
818 -693
823.5 -704.5
826.9285714286 -716.42857
828.8333333333 -728
828.3 -738.5
826.5 -751.64286
822.6666666667 -763.5
817 -775.25
810 -787
801.5 -797.94444
791.5 -807.63636
780.5 -815.31818
769.5 -819.40909
758.5 -819.77273
747.5 -817.5
736.5 -813.31818
725.5 -807.86364
714.5 -801.54545
703.5 -795
692.5 -788.63636
681.5 -782.72727
670.5 -778.22727
659.5 -775.45455
648.5 -776.27273
637.5 -782.36364
629 -793.25
625.3571428571 -808
627 -825.125
630.9285714286 -838
636.5 -849.2
642 -860.16667
648 -871.08333
654 -881.66667
660 -892.33333
666 -903
671.5 -913.5
676.5 -924.5
680.9 -936.5
683.5 -946.58333
686.1 -959.3
683.6428571429 -973.14286
677 -984.9375
667.5 -993.81818
656.5 -999.22727
645.5 -1001.7273
634.5 -1003
623.5 -1002.1364
612.5 -1000.7273
601.5 -998.54545
590.5 -995.63636
579.5 -992.36364
568.5 -988.40909
557.5 -984.22727
546.5 -978.45455
535.5 -970.13636
525 -959.5
516 -948.5625
508 -937.4375
500.5 -926.14286
493.5 -915.5
486 -904.375
478 -893
469.5 -882.5
459.5 -872.5
448.5 -864.40909
437.5 -859.5
426.5 -857.18182
415.5 -857.45455
404.5 -860.40909
393.5 -866.59091
383 -875.85
374 -886.8125
366.5 -898.07143
359.5 -909.71429
352.5 -921.85714
345.5 -934.07143
338.5 -945.35714
331 -956.25
322 -966.8
311.5 -976.45455
300.5 -982.95455
289.5 -987.68182
278.5 -991.5
267.5 -994.90909
256.5 -997.63636
245.5 -999.72727
234.5 -1001.0455
223.5 -1002
212.5 -1000.8636
201.5 -998.86364
190.5 -994.45455
179.5 -986.22727
170.9285714286 -974.64286
168.2777777778 -958.16667
171.6428571429 -942.21429
175.5 -930
181 -918.5
187 -907.33333
193.5 -896.21429
200.5 -884.85714
207.5 -873.14286
214 -861.91667
219.5 -851.4
225.0714285714 -840.35714
228 -829.875
230.5 -823
229.5 -816
227.5 -805.3
220.5 -794.22222
210.5 -787.13636
199.5 -785.18182
188.5 -787.36364
177.5 -792
166.5 -798.09091
155.5 -805.13636
144.5 -812.63636
133.5 -820
122.5 -826.95455
111.5 -832.90909
100.5 -837.22727
89.5 -839.54545
78.5 -838.54545
67.5 -833.68182
56.5 -824.90909
47 -813.875
40 -802.33333
34 -790.875
30.0714285714 -777
27.7 -764.6
27.2777777778 -746.27778
181.2142857143 -344.78571
180.7 -361.3
181.7 -374.1
183.3333333333 -385.83333
186.5 -398.16667
189.9285714286 -409
196 -420.58333
202.5 -431.85714
210.5 -442.5
220.5 -452.40909
231.5 -460.27273
242.5 -465.72727
253.5 -469
264.5 -470
275.5 -469.54545
286.5 -466.86364
297.5 -462.04545
308.5 -454.90909
319 -445.35
328 -434.1875
335 -422.83333
341 -411.58333
344.5 -402.08333
347.6428571429 -390.28571
350.2142857143 -376.21429
350.8333333333 -363.33333
351.3333333333 -351.33333
350.1 -336.3
347.5 -323
344.6666666667 -312.08333
340.5 -299.3
335 -287.66667
328.5 -276.85714
320 -266.1
309.5 -256.13636
298.5 -248.68182
287.5 -243.77273
276.5 -240.90909
265.5 -240
254.5 -241.09091
243.5 -244.13636
232.5 -249.31818
221.5 -257.09091
211 -267.4
202.5 -278.42857
196 -289.58333
190.5 -301.7
186.6428571429 -314.92857
183.5 -327.58333
181.2142857143 -344.78571
475 -349.875
476.3 -333.2
478.5 -319.5
482 -306.8125
485.5 -294.5
491 -282.58333
498 -270.75
507 -259.4
517.5 -249.5
528.5 -242.13636
539.5 -237.27273
550.5 -234.45455
561.5 -234
572.5 -234.68182
583.5 -237.81818
594.5 -243.13636
605.5 -250.81818
615.5 -260.5
623.5 -270.92857
630 -281.75
635.5 -293.7
639.8333333333 -307.88889
643.5 -321.3
644.7 -333.1
646.3 -345.9
645.5 -354.5
645.5 -364.58333
643 -377.875
640.9285714286 -389.57143
637 -401.5
631 -413.66667
624.5 -425.07143
616.5 -435.61111
606.5 -445.63636
595.5 -453.77273
584.5 -459.18182
573.5 -462.45455
562.5 -463.95455
551.5 -463.13636
540.5 -460.54545
529.5 -455.86364
518.5 -448.68182
508 -439.2
499 -428.125
492 -416.83333
485.5 -404.14286
481.5 -392.91667
478.5 -381.3
476.5 -367.78571
475 -349.875
526.7222222222 -41.851852
529 -58.416667
537 -70.3
547.5 -77.727273
558.5 -80.727273
569.5 -81.181818
580.5 -80.954545
591.5 -79.954545
602.5 -79
613.5 -79.272727
624.5 -81.181818
635.5 -85.727273
646.5 -94.181818
656.5 -105
666 -116
676.5 -125.72727
687.5 -132
698.5 -134
709.5 -133.36364
720.5 -130.54545
731.5 -125.22727
741 -117.375
747.6666666667 -107.08333
747 -98.5
748 -90.5
743 -79.083333
736 -68.1875
726.5 -58.227273
715.5 -49.181818
704.5 -41.590909
693.5 -35.090909
682.5 -29.136364
671.5 -24.090909
660.5 -19.409091
649.5 -15.227273
638.5 -11.545455
627.5 -8.3636364
616.5 -5.8181818
605.5 -3.8181818
594.5 -2.6363636
583.5 -2
572.5 -3.1818182
561.5 -5.1818182
550.5 -9.1363636
539.5 -16
531 -25.333333
526.7222222222 -41.851852