0.415737 0.279702
0.199634 0.099315
0.110186 0.049789
0.279198 0.054716
0.329916 0.051770
0.376123 0.063692
0.461230 0.005666
0.470988 0.007190
0.510431 0.012587
0.576203 0.150321
0.647956 0.230729
0.638084 0.192588
0.636464 0.175321
0.664790 0.059715
0.691221 0.034565
0.734406 0.032883
0.998855 0.135778
0.966715 0.160091
0.708586 0.378983
0.618268 0.310609
0.428209 0.349334
0.397056 0.378420
0.300789 0.409461
0.416297 0.557513
0.433752 0.630705
0.541339 0.559327
0.571914 0.568929
0.620674 0.541257
0.591433 0.576870
0.578015 0.687328
0.738471 0.603983
0.840573 0.598628
0.856251 0.633876
0.823106 0.658338
0.965977 0.778841
0.951953 0.827248
0.868122 0.874425
0.727992 0.944139
0.411704 0.998328
0.377654 0.855800
0.302243 0.825390
0.205668 0.867005
0.066905 0.839428
0.075883 0.608087
0.216340 0.584243
0.239013 0.586314
0.190915 0.507242
0.158419 0.349009
0.198254 0.309820
0.183204 0.266224
