0.857455 0.501833
0.832101 0.489700
0.829184 0.511114
0.825540 0.506160
0.784710 0.502780
0.769508 0.497571
0.738936 0.483751
0.808245 0.484371
0.819560 0.478379
0.828472 0.470703
0.792589 0.445807
0.805879 0.436977
0.821948 0.429293
0.824844 0.424534
0.792568 0.410252
0.815998 0.379598
0.792974 0.375360
0.787550 0.346093
0.801122 0.317529
0.823094 0.330182
0.838529 0.339631
0.848089 0.347042
0.846744 0.364341
0.895426 0.331960
0.884632 0.312521
0.858139 0.298336
0.840046 0.302323
0.840179 0.302072
0.852148 0.256020
0.841619 0.244316
0.842460 0.243819
0.821705 0.182993
0.790860 0.177846
0.801510 0.222262
0.796669 0.272756
0.801291 0.280310
0.793367 0.292422
0.769060 0.318940
0.741793 0.301956
0.747476 0.280136
0.718135 0.288852
0.685758 0.292539
0.669089 0.303092
0.653795 0.307210
0.674342 0.354934
0.676898 0.366520
0.708236 0.354333
0.704583 0.343658
0.687265 0.346857
0.685937 0.328231
0.715776 0.311983
0.737837 0.337369
0.742828 0.350810
0.739767 0.365394
0.768779 0.403873
0.750479 0.402050
0.697414 0.442382
0.699045 0.497947
0.711306 0.515913
0.680727 0.520337
0.664545 0.533428
0.650295 0.532244
0.636574 0.514435
0.624373 0.553853
0.579870 0.551181
0.574044 0.546289
0.575456 0.509232
0.558555 0.536506
0.499840 0.575930
0.494436 0.582330
0.497524 0.591981
0.448686 0.570325
0.453641 0.551437
0.465113 0.543856
0.455749 0.538950
0.464662 0.523505
0.451776 0.510924
0.434163 0.544327
0.395122 0.527147
0.365721 0.523175
0.364811 0.523086
0.380993 0.484604
0.382480 0.462874
0.359924 0.465729
0.342124 0.471657
0.344797 0.495931
0.317186 0.502428
0.288007 0.517491
0.286513 0.499463
0.267266 0.495827
0.270108 0.482887
0.285229 0.489324
0.305783 0.467218
0.330037 0.447993
0.319798 0.450396
0.293443 0.441712
0.306758 0.401772
0.314741 0.392413
0.338956 0.387913
0.336023 0.396369
0.342405 0.399303
0.353206 0.407617
0.370392 0.406711
0.364241 0.396997
0.375518 0.372057
0.348092 0.362034
0.375496 0.348272
0.381715 0.374401
0.399046 0.395632
0.414488 0.397200
0.396509 0.383992
0.404745 0.366310
0.442782 0.373924
0.460852 0.377199
0.465073 0.374942
0.481166 0.381148
0.484288 0.393839
0.468089 0.388672
0.432031 0.418191
0.429734 0.473501
0.465374 0.466726
0.491130 0.486706
0.505371 0.497559
0.504030 0.454413
0.513432 0.450176
0.511100 0.433302
0.524729 0.442936
0.522236 0.458821
0.540224 0.461349
0.542178 0.476336
0.561789 0.463282
0.547243 0.435163
0.563709 0.431265
0.550934 0.398633
0.558933 0.384717
0.566738 0.378785
0.590694 0.369018
0.605158 0.381475
0.599211 0.387969
0.618952 0.422855
0.625177 0.434065
0.646529 0.455608
0.668727 0.476067
0.650616 0.370130
0.637709 0.345273
0.610301 0.319969
0.593555 0.312256
0.569549 0.352921
0.554132 0.358317
0.553501 0.329419
0.528441 0.327637
0.492068 0.341433
0.475624 0.338827
0.451196 0.349310
0.466818 0.339166
0.547874 0.296474
0.495436 0.279949
0.489557 0.244467
0.445971 0.254763
0.402013 0.204479
0.402986 0.213854
0.393332 0.240333
0.371957 0.254566
0.417089 0.267465
0.446054 0.275481
0.456969 0.277917
0.445250 0.285715
0.443251 0.292775
0.441615 0.294176
0.421917 0.294290
0.380628 0.305065
0.355937 0.316212
0.325775 0.330143
0.315172 0.333069
0.307487 0.332174
0.301915 0.329770
0.325527 0.285421
0.330366 0.222924
0.327432 0.206866
0.332730 0.212322
0.349546 0.220118
0.359017 0.172951
0.338842 0.135427
0.341919 0.131447
0.345191 0.117403
0.353105 0.095599
0.315792 0.135230
0.292967 0.135383
0.302798 0.152384
0.310638 0.152500
0.312125 0.162339
0.317586 0.169250
0.329594 0.180079
0.307010 0.190018
0.303370 0.186960
0.291033 0.181453
0.253343 0.207209
0.255523 0.220665
0.260483 0.264563
0.265986 0.278600
0.270429 0.285710
0.250975 0.308748
0.257428 0.322829
0.263920 0.330027
0.291181 0.335527
0.303399 0.379394
0.282030 0.401135
0.260767 0.413143
0.261116 0.392060
0.200430 0.389161
0.155189 0.371496
0.162134 0.353663
0.167421 0.351087
0.149562 0.337647
0.151519 0.323780
0.185651 0.312181
0.181266 0.299523
0.204652 0.293840
0.191128 0.279954
0.209417 0.246909
0.172251 0.268502
0.165167 0.282816
0.129917 0.280297
0.117624 0.254619
0.085658 0.258322
0.069778 0.245562
0.049950 0.278998
0.091864 0.286231
0.099093 0.308253
0.084473 0.334629
0.092430 0.339600
0.098917 0.337470
0.105477 0.345518
0.092518 0.345985
0.070555 0.365709
0.090287 0.367290
0.113444 0.395232
0.142547 0.416720
0.179225 0.419983
0.190834 0.425408
0.182457 0.427511
0.159361 0.462114
0.150279 0.463916
0.108865 0.451313
0.085415 0.453798
0.089318 0.468214
0.087260 0.469143
0.081727 0.507455
0.073477 0.535995
0.078302 0.546946
0.100260 0.543943
0.102567 0.549626
0.113658 0.538774
0.117984 0.547736
0.079098 0.611996
0.072334 0.561431
0.066916 0.564718
0.042677 0.552137
0.036364 0.540244
0.044521 0.500373
0.064763 0.491937
0.036256 0.458102
0.002344 0.444291
0.006879 0.438217
0.029186 0.429442
0.022300 0.411040
0.009980 0.385035
0.002054 0.367351
0.022189 0.380427
0.048667 0.387103
0.054052 0.345600
0.050971 0.310250
0.045379 0.297850
0.020595 0.279673
0.006706 0.274773
0.027023 0.263972
0.027624 0.259820
0.054299 0.216385
0.083239 0.210092
0.102999 0.228984
0.124121 0.209335
0.107938 0.191335
0.086095 0.191400
0.083524 0.184000
0.094891 0.173913
0.120311 0.155278
0.114952 0.138573
0.090436 0.134712
0.083749 0.137790
0.079942 0.157279
0.067437 0.133469
0.063245 0.123935
0.007708 0.139872
0.007684 0.086489
0.006818 0.075083
0.033915 0.089738
0.057258 0.094773
0.052049 0.085315
0.028555 0.078209
0.030620 0.060127
0.020746 0.037577
0.028725 0.018479
0.107399 0.010650
0.116943 0.010727
0.119976 0.022599
0.119135 0.074588
0.094847 0.064218
0.084358 0.073231
0.090767 0.077964
0.092896 0.084443
0.103513 0.115900
0.122852 0.138391
0.148870 0.120276
0.156074 0.106426
0.151042 0.148320
0.146170 0.153488
0.138572 0.206652
0.154300 0.230480
0.173658 0.208458
0.181734 0.198562
0.197838 0.191392
0.234391 0.186938
0.251431 0.165099
0.264220 0.139401
0.258133 0.124403
0.260933 0.109868
0.236218 0.129781
0.222155 0.104502
0.193442 0.079323
0.163928 0.065134
0.189037 0.061171
0.188628 0.055654
0.201460 0.058039
0.212559 0.082589
0.241476 0.092240
0.248279 0.074690
0.260128 0.065351
0.273714 0.072645
0.269326 0.043842
0.268256 0.011509
0.306371 0.010386
0.297056 0.022615
0.285592 0.030223
0.292121 0.040435
0.311261 0.062097
0.315942 0.082827
0.346144 0.053818
0.339826 0.035862
0.335153 0.014905
0.337155 0.014541
0.358130 0.002080
0.365494 0.049426
0.355880 0.054984
0.390455 0.076592
0.389232 0.087389
0.418263 0.118222
0.433212 0.116544
0.434476 0.128958
0.472879 0.120000
0.473654 0.115741
0.483024 0.104756
0.498165 0.132185
0.482702 0.165413
0.454780 0.165908
0.449794 0.171012
0.456568 0.198837
0.482349 0.184008
0.489113 0.194243
0.507124 0.222845
0.513796 0.214287
0.525629 0.215616
0.526253 0.205173
0.551266 0.201297
0.567140 0.184009
0.572241 0.176292
0.582289 0.151883
0.584283 0.137169
0.600538 0.138772
0.596482 0.110384
0.590221 0.079228
0.569696 0.058445
0.551014 0.065651
0.539020 0.066325
0.546280 0.085867
0.556018 0.120464
0.557010 0.137624
0.534101 0.145225
0.544821 0.103623
0.495203 0.065609
0.424400 0.057357
0.387575 0.034874
0.390925 0.028710
0.411360 0.016803
0.427328 0.019867
0.461418 0.004086
0.470241 0.025863
0.478278 0.022185
0.505907 0.010446
0.533411 0.014164
0.574046 0.042170
0.573916 0.042393
0.578263 0.047904
0.579097 0.039313
0.613278 0.022631
0.642246 0.042318
0.662836 0.038056
0.682629 0.011866
0.704558 0.000959
0.670208 0.035550
0.650810 0.064207
0.665813 0.081250
0.677154 0.090805
0.628986 0.114874
0.617118 0.149776
0.617392 0.175785
0.605821 0.204809
0.584841 0.200665
0.563074 0.205249
0.550958 0.209307
0.562983 0.236204
0.576183 0.258948
0.572691 0.231002
0.593072 0.223872
0.597492 0.223425
0.625979 0.231136
0.636037 0.225060
0.633454 0.214339
0.646567 0.195237
0.645567 0.248186
0.658120 0.256036
0.703694 0.236565
0.711518 0.224210
0.706117 0.217974
0.694250 0.195611
0.681852 0.190922
0.668458 0.170923
0.663794 0.161464
0.679906 0.162113
0.691583 0.141050
0.728623 0.173899
0.735470 0.184040
0.741032 0.156787
0.760079 0.129081
0.729789 0.106251
0.735913 0.073136
0.737264 0.075348
0.753736 0.084468
0.768763 0.055133
0.769935 0.044554
0.739566 0.021280
0.762642 0.002596
0.761175 0.017181
0.770632 0.017874
0.786243 0.008217
0.811313 0.041843
0.815711 0.068465
0.775942 0.102511
0.784386 0.124996
0.813920 0.155447
0.825044 0.135447
0.844227 0.123811
0.856424 0.094133
0.854248 0.055862
0.876522 0.048079
0.862936 0.029385
0.858655 0.009588
0.890565 0.006774
0.900706 0.007120
0.923881 0.002256
0.937360 0.018212
0.987757 0.022411
0.931238 0.041066
0.892698 0.074953
0.916409 0.074570
0.939386 0.076865
0.950159 0.080534
0.959720 0.095941
0.938981 0.126532
0.939222 0.152171
0.947967 0.146887
0.960920 0.146998
0.961094 0.169524
0.995002 0.166235
0.997390 0.212562
0.998029 0.222852
0.956216 0.201550
0.947059 0.198661
0.922833 0.202499
0.890879 0.192662
0.894940 0.204231
0.895217 0.224310
0.963696 0.258631
0.975366 0.245587
0.987097 0.254684
0.970352 0.264243
0.939187 0.290778
0.937822 0.308617
0.945532 0.299949
0.967189 0.292720
0.991994 0.303540
0.990851 0.305577
0.997342 0.313940
0.974161 0.346931
0.984255 0.378836
0.955654 0.397352
0.950942 0.368842
0.917748 0.385991
0.901111 0.377275
0.893590 0.417758
0.886978 0.449895
0.858045 0.461997
0.846633 0.466397
0.894015 0.470381
0.900132 0.460752
0.903203 0.463558
0.921494 0.463719
0.954975 0.464215
0.979448 0.423732
0.979838 0.421841
0.992210 0.456632
0.967272 0.530212
0.930153 0.516994
0.924615 0.503192
0.901519 0.509335
0.912086 0.525921
0.929690 0.562856
0.940778 0.564676
0.991267 0.536126
0.979682 0.587428
0.964385 0.584616
0.939648 0.655983
0.922826 0.653267
0.929806 0.683429
0.955678 0.686536
0.962856 0.690627
0.992677 0.698835
0.986364 0.713562
0.989067 0.728359
0.978113 0.749378
0.978260 0.732904
0.958131 0.717619
0.942010 0.718462
0.919082 0.703610
0.918132 0.721840
0.883390 0.745028
0.890342 0.720307
0.891357 0.695566
0.886806 0.685685
0.870313 0.687810
0.879198 0.672228
0.877956 0.657185
0.916334 0.646720
0.908918 0.622602
0.926268 0.618395
0.922275 0.602363
0.909195 0.607851
0.896708 0.590413
0.869204 0.592293
0.854143 0.603117
0.845490 0.634361
0.815116 0.634976
0.811863 0.654202
0.785118 0.661012
0.770661 0.676848
0.771753 0.684896
0.800739 0.713946
0.804920 0.726470
0.851476 0.710376
0.866413 0.724765
0.844501 0.740600
0.830117 0.775618
0.841278 0.782643
0.869848 0.861293
0.869003 0.878016
0.876681 0.858015
0.892613 0.857510
0.917901 0.863555
0.897314 0.830572
0.904936 0.813324
0.922302 0.790763
0.923740 0.768655
0.923984 0.761937
0.943846 0.789925
0.942644 0.821510
0.961885 0.792824
0.989111 0.807289
0.988950 0.810371
0.993878 0.831116
0.996374 0.862978
0.976120 0.862776
0.942771 0.848126
0.925259 0.885268
0.937000 0.913538
0.917464 0.909340
0.912077 0.904940
0.860709 0.901418
0.829108 0.938169
0.871396 0.958642
0.879979 0.964717
0.900558 0.964912
0.913866 0.942498
0.946727 0.984460
0.934847 0.981123
0.897326 0.975512
0.867469 0.972784
0.867040 0.976782
0.868965 0.986195
0.868984 0.996229
0.864782 0.997298
0.831245 0.982591
0.818904 0.982911
0.823930 0.964256
0.796136 0.959789
0.764663 0.960457
0.776034 0.936269
0.786536 0.898929
0.783891 0.873256
0.767359 0.880521
0.754879 0.866556
0.760444 0.853828
0.777238 0.835813
0.800726 0.853566
0.813675 0.836273
0.799007 0.839011
0.795868 0.834082
0.794039 0.803266
0.773326 0.786881
0.728383 0.804111
0.735361 0.853540
0.721785 0.844218
0.713079 0.839426
0.698665 0.826845
0.677408 0.843517
0.690227 0.872262
0.708133 0.887285
0.713649 0.883249
0.747042 0.920759
0.734624 0.922487
0.696398 0.960902
0.691784 0.988933
0.661933 0.996500
0.648430 0.974493
0.668365 0.923301
0.634421 0.927142
0.621955 0.912685
0.586563 0.927115
0.589512 0.930476
0.597222 0.966915
0.591606 0.982764
0.585150 0.989635
0.570176 0.976537
0.569378 0.969035
0.569319 0.932150
0.561132 0.927053
0.574074 0.911749
0.559419 0.918566
0.546331 0.921642
0.544509 0.960183
0.523511 0.989458
0.495375 0.943495
0.490865 0.931264
0.481401 0.917067
0.474371 0.939965
0.485846 0.952312
0.483555 0.965373
0.461274 0.970957
0.445746 0.968869
0.464637 0.942350
0.450984 0.933593
0.443636 0.929575
0.437534 0.919501
0.450886 0.907436
0.478497 0.879811
0.482977 0.870234
0.489425 0.860648
0.493841 0.863294
0.518819 0.856134
0.555296 0.836666
0.536872 0.798256
0.503205 0.800146
0.483691 0.845507
0.462253 0.858322
0.461345 0.866086
0.399420 0.853910
0.374683 0.866418
0.363418 0.846557
0.417724 0.837251
0.441197 0.839148
0.444901 0.843449
0.455776 0.827213
0.459485 0.799704
0.469935 0.784701
0.438708 0.776360
0.419521 0.788253
0.418780 0.785940
0.369895 0.774718
0.360491 0.783536
0.349589 0.787224
0.327479 0.776813
0.298536 0.787302
0.306658 0.809589
0.267127 0.836056
0.276669 0.848516
0.269277 0.852357
0.276764 0.864138
0.262332 0.920562
0.288764 0.932040
0.332654 0.879277
0.344901 0.908687
0.364430 0.912646
0.368699 0.920861
0.359758 0.932377
0.416223 0.957142
0.407044 0.969214
0.386755 0.973031
0.356204 0.956944
0.334254 0.964840
0.308986 0.966138
0.297562 0.953165
0.251185 0.994284
0.235446 0.965806
0.228966 0.979857
0.212662 0.996885
0.189281 0.974568
0.197103 0.942408
0.239890 0.931362
0.212941 0.923315
0.197559 0.917495
0.200674 0.902397
0.195636 0.901721
0.170159 0.885731
0.161032 0.869293
0.139945 0.877721
0.127248 0.906899
0.119090 0.894746
0.111566 0.874638
0.105256 0.892907
0.066874 0.891101
0.088669 0.930006
0.153179 0.982304
0.135929 0.980779
0.102482 0.978068
0.083463 0.957756
0.062432 0.944427
0.067825 0.976383
0.051628 0.981321
0.034759 0.990212
0.032711 0.991716
0.012246 0.950903
0.008298 0.932353
0.028189 0.933595
0.046173 0.910286
0.041258 0.880596
0.041816 0.871490
0.031415 0.878216
0.025779 0.864367
0.023509 0.836288
0.001345 0.825613
0.010190 0.805120
0.039089 0.809292
0.068775 0.803554
0.083613 0.816598
0.101164 0.803345
0.111839 0.827098
0.113057 0.824801
0.134824 0.821698
0.138611 0.857123
0.162168 0.853386
0.164872 0.856120
0.180719 0.841779
0.185639 0.842724
0.193170 0.857975
0.222975 0.871545
0.215494 0.861349
0.217518 0.856299
0.210330 0.846042
0.205249 0.837860
0.195848 0.812966
0.210399 0.783264
0.240042 0.813989
0.256230 0.796085
0.253484 0.751279
0.213373 0.721566
0.194499 0.726531
0.176326 0.695166
0.174870 0.701379
0.169756 0.744418
0.194736 0.745210
0.200375 0.768372
0.200202 0.773150
0.163307 0.773099
0.158983 0.778859
0.133250 0.766863
0.099275 0.772993
0.135761 0.735014
0.140661 0.729002
0.130445 0.718096
0.127381 0.716049
0.121352 0.723397
0.111011 0.732970
0.067607 0.721440
0.064559 0.712906
0.070971 0.697950
0.058961 0.691544
0.046629 0.720694
0.046848 0.754267
0.028055 0.752563
0.018065 0.756546
0.004410 0.746620
0.016158 0.743813
0.024908 0.717532
0.013436 0.713910
0.014939 0.699475
0.003995 0.680046
0.045063 0.664243
0.047083 0.661503
0.036749 0.656141
0.015725 0.603273
0.029355 0.590319
0.033602 0.601883
0.067257 0.637314
0.078097 0.648552
0.075459 0.665276
0.092468 0.646087
0.115783 0.655909
0.133794 0.671966
0.138896 0.670323
0.163879 0.629952
0.204406 0.623886
0.219088 0.637471
0.229304 0.665985
0.230126 0.676641
0.217609 0.687714
0.250527 0.693679
0.283844 0.696531
0.286571 0.731552
0.290429 0.733459
0.278399 0.756873
0.289340 0.762448
0.300576 0.742050
0.307674 0.694608
0.318767 0.702997
0.328093 0.702779
0.344219 0.691974
0.342776 0.686347
0.383094 0.653447
0.329738 0.649030
0.311685 0.669348
0.280324 0.664409
0.257381 0.639653
0.244463 0.576429
0.211622 0.602889
0.189285 0.605617
0.146076 0.596218
0.161525 0.573608
0.190021 0.562928
0.231183 0.543572
0.219367 0.537797
0.208954 0.469411
0.212347 0.467845
0.231331 0.470604
0.233371 0.492481
0.250923 0.518055
0.245990 0.538283
0.284292 0.564428
0.281577 0.600963
0.297786 0.619042
0.314401 0.601632
0.314117 0.576429
0.324198 0.556425
0.308810 0.535158
0.327672 0.528433
0.335280 0.555002
0.333994 0.581400
0.355250 0.585063
0.360833 0.572012
0.366553 0.569477
0.387977 0.571890
0.420563 0.566806
0.417014 0.572545
0.385152 0.581419
0.371514 0.616780
0.401820 0.623280
0.407577 0.627571
0.418068 0.622376
0.431283 0.651587
0.424000 0.670246
0.448039 0.652123
0.447082 0.666035
0.461376 0.673950
0.448486 0.692747
0.443824 0.692058
0.409127 0.703654
0.392526 0.708447
0.386857 0.712709
0.385098 0.708006
0.377255 0.711783
0.375357 0.719969
0.397866 0.716070
0.407826 0.724031
0.442850 0.752406
0.499701 0.763887
0.510227 0.781025
0.533566 0.759771
0.543985 0.756301
0.536030 0.768127
0.545825 0.788179
0.561751 0.764900
0.577822 0.784922
0.592022 0.767172
0.578123 0.728053
0.571525 0.726985
0.576935 0.698540
0.582494 0.689240
0.568532 0.679781
0.542142 0.719137
0.529924 0.727285
0.501572 0.732644
0.496812 0.665742
0.472625 0.639748
0.473657 0.623884
0.476620 0.626774
0.485232 0.636177
0.486520 0.633276
0.493137 0.626140
0.497586 0.617883
0.519183 0.616284
0.525906 0.607260
0.546252 0.629949
0.533588 0.642500
0.537728 0.650338
0.540106 0.670422
0.572767 0.658369
0.587824 0.627521
0.605966 0.627090
0.600409 0.665617
0.608306 0.670802
0.626149 0.683511
0.622498 0.692855
0.619311 0.714800
0.619446 0.753821
0.651213 0.744910
0.655307 0.765598
0.651169 0.766955
0.642263 0.795122
0.626121 0.795866
0.634931 0.817858
0.604188 0.846120
0.573502 0.838964
0.589824 0.858102
0.590022 0.870003
0.604906 0.891131
0.615077 0.874822
0.640788 0.865498
0.644707 0.847716
0.659035 0.826892
0.674814 0.804527
0.678806 0.805990
0.699965 0.802575
0.690223 0.779586
0.689449 0.776012
0.683558 0.760872
0.675945 0.734215
0.707809 0.742979
0.729322 0.732437
0.736397 0.731199
0.764238 0.731019
0.717124 0.707222
0.741140 0.698973
0.738193 0.681009
0.733714 0.676532
0.723571 0.666888
0.719014 0.655174
0.667534 0.647014
0.647048 0.643012
0.633967 0.618755
0.648404 0.599734
0.673112 0.587998
0.682204 0.595635
0.687691 0.603404
0.699231 0.621687
0.691309 0.587307
0.713535 0.578622
0.709474 0.547640
0.716112 0.560274
0.727507 0.575968
0.743415 0.591036
0.759086 0.598561
0.754976 0.573891
0.764766 0.562176
0.768704 0.557293
0.786462 0.561041
0.802875 0.609393
0.810972 0.592782
0.834234 0.550550
0.822771 0.537113
0.852104 0.532703
0.861924 0.540058
0.864469 0.547980
0.876577 0.547757
