0.429786 0.436022
0.417218 0.454380
0.452863 0.486609
0.420535 0.488869
0.413078 0.515609
0.414819 0.528593
0.440411 0.536443
0.458811 0.528384
0.463605 0.536635
0.489627 0.499701
0.515095 0.506833
0.513313 0.518706
0.532404 0.514086
0.531186 0.536158
0.506567 0.568917
0.548583 0.598695
0.548181 0.630517
0.539478 0.638719
0.508116 0.639160
0.509021 0.654509
0.511041 0.658436
0.520030 0.715542
0.539335 0.713495
0.548653 0.737035
0.568250 0.754007
0.566292 0.763637
0.550316 0.799671
0.532038 0.814928
0.550705 0.803844
0.562275 0.787167
0.582778 0.776105
0.583692 0.762064
0.603274 0.739020
0.623289 0.752885
0.614525 0.765237
0.603210 0.777900
0.582799 0.789629
0.613477 0.804163
0.589089 0.821108
0.590089 0.840116
0.599155 0.841062
0.600423 0.845528
0.624063 0.849278
0.650542 0.854860
0.683485 0.874992
0.691393 0.862725
0.705400 0.864972
0.746816 0.855336
0.736766 0.849301
0.720475 0.845743
0.700543 0.811325
0.654743 0.822901
0.677567 0.802956
0.681302 0.792043
0.713741 0.784424
0.729083 0.803784
0.736005 0.785590
0.786011 0.801211
0.782620 0.826062
0.809631 0.815655
0.836926 0.793625
0.822136 0.868526
0.865094 0.848279
0.880975 0.830212
0.894982 0.834437
0.882533 0.787838
0.880572 0.779251
0.919737 0.800242
0.920657 0.827035
0.926670 0.825429
0.955147 0.798515
0.929112 0.781265
0.937398 0.761132
0.925045 0.739611
0.968420 0.740831
0.986986 0.766184
0.977328 0.781169
0.973248 0.805309
0.985003 0.864968
0.977215 0.867241
0.971914 0.862759
0.934076 0.880918
0.986170 0.904883
0.985916 0.908520
0.972356 0.936994
0.947390 0.960062
0.975938 0.989846
0.956074 0.989300
0.941205 0.996922
0.919706 0.995110
0.871461 0.996084
0.859256 0.929795
0.820930 0.963310
0.815187 0.963134
0.803575 0.993853
0.768832 0.998971
0.773905 0.971088
0.756202 0.968296
0.761234 0.919520
0.785098 0.920457
0.801690 0.893081
0.797208 0.866104
0.783901 0.875644
0.780994 0.881436
0.759679 0.901327
0.747497 0.906206
0.718298 0.926307
0.674390 0.923496
0.691435 0.953847
0.681702 0.999224
0.648492 0.998825
0.603034 0.981896
0.625620 0.948709
0.626355 0.947960
0.591925 0.951408
0.598266 0.935176
0.619131 0.931559
0.621908 0.925623
0.618469 0.916888
0.585726 0.882957
0.582067 0.891242
0.541393 0.912589
0.550233 0.940785
0.541535 0.996185
0.509522 0.995651
0.484465 0.994216
0.502572 0.970158
0.518868 0.939920
0.501723 0.926215
0.525385 0.919591
0.539597 0.910874
0.535470 0.905293
0.544928 0.831336
0.514506 0.835065
0.502573 0.847399
0.511100 0.859803
0.503946 0.860715
0.491426 0.850170
0.462025 0.815693
0.491556 0.792858
0.499334 0.807624
0.518366 0.790833
0.516286 0.775180
0.530718 0.760898
0.508623 0.756475
0.473087 0.752856
0.485130 0.715257
0.454843 0.700124
0.452387 0.660953
0.417533 0.658674
0.425143 0.673087
0.418375 0.690451
0.420709 0.696272
0.396253 0.706561
0.427435 0.730648
0.399633 0.749168
0.387640 0.796120
0.391082 0.814051
0.395011 0.820813
0.426272 0.827538
0.466289 0.864960
0.463530 0.868950
0.442586 0.881050
0.464713 0.909267
0.443489 0.934657
0.436065 0.993420
0.422863 0.957293
0.423337 0.904270
0.373638 0.874307
0.376022 0.869678
0.397083 0.864271
0.397091 0.841052
0.385747 0.844329
0.366910 0.840327
0.356067 0.818455
0.349940 0.770529
0.379447 0.726049
0.365314 0.724225
0.347413 0.726640
0.338971 0.700521
0.308260 0.721524
0.297195 0.717556
0.247922 0.715926
0.253213 0.754069
0.292663 0.725545
0.311260 0.741612
0.331868 0.776099
0.285038 0.767548
0.298858 0.802694
0.295159 0.853351
0.253023 0.841187
0.262201 0.817134
0.217735 0.786115
0.214536 0.764909
0.191218 0.774916
0.189616 0.792130
0.188339 0.806717
0.177735 0.797885
0.156576 0.787529
0.156706 0.768913
0.157636 0.723087
0.151927 0.724470
0.130542 0.713312
0.132906 0.715980
0.136984 0.725641
0.130334 0.740987
0.103510 0.744049
0.077897 0.737214
0.071303 0.789715
0.103158 0.796409
0.051774 0.852238
0.059896 0.888312
0.068967 0.892225
0.147940 0.863702
0.174476 0.890785
0.178963 0.892593
0.191992 0.918442
0.210294 0.904177
0.204665 0.891705
0.201274 0.880814
0.222204 0.899452
0.241423 0.906717
0.244718 0.919151
0.225502 0.924880
0.246742 0.938714
0.279496 0.919522
0.287247 0.937873
0.290113 0.927503
0.296814 0.907713
0.302972 0.912973
0.329617 0.909159
0.353954 0.896580
0.369472 0.947545
0.340678 0.962858
0.327901 0.976686
0.329472 0.960292
0.327542 0.956609
0.321639 0.962259
0.317123 0.969196
0.298279 0.958072
0.277857 0.986565
0.266850 0.998334
0.235721 0.956747
0.220916 0.984408
0.224840 0.989790
0.179113 0.999341
0.156243 0.994560
0.114089 0.980284
0.125262 0.979486
0.149052 0.980214
0.192992 0.966929
0.192858 0.944703
0.167513 0.942073
0.165688 0.931131
0.143001 0.911247
0.119913 0.929979
0.107309 0.935757
0.084931 0.956146
0.034339 0.992262
0.016786 0.979263
0.010944 0.973172
0.000737 0.924383
0.029345 0.903327
0.031212 0.882035
0.018514 0.878972
0.015394 0.861273
0.023802 0.833629
0.031709 0.825260
0.028610 0.805359
0.020406 0.790332
0.027035 0.785027
0.014994 0.775575
0.008551 0.765222
0.043322 0.744948
0.008342 0.714940
0.006252 0.706886
0.041209 0.699424
0.093084 0.723814
0.084407 0.700737
0.068494 0.685784
0.079873 0.680273
0.076780 0.674205
0.123012 0.646439
0.124928 0.646328
0.144939 0.632093
0.112922 0.625161
0.095755 0.642201
0.092939 0.636432
0.065661 0.631406
0.064026 0.609824
0.081693 0.607896
0.110951 0.596121
0.134349 0.558615
0.163604 0.508052
0.169631 0.513816
0.189253 0.496818
0.253630 0.502414
0.234261 0.474501
0.184010 0.462626
0.168834 0.474637
0.165975 0.478384
0.142398 0.468951
0.144903 0.493703
0.130967 0.529389
0.106339 0.538634
0.089825 0.523727
0.091934 0.512110
0.083597 0.501932
0.070564 0.495830
0.049201 0.505686
0.048531 0.515607
0.083062 0.548101
0.070926 0.584566
0.048923 0.568208
0.000541 0.504992
0.011934 0.488512
0.006491 0.435800
0.022066 0.415812
0.039159 0.388464
0.058812 0.409765
0.076572 0.387433
0.063805 0.384394
0.067497 0.363259
0.077794 0.344340
0.064711 0.339866
0.025207 0.313809
0.006084 0.259377
0.009449 0.248477
0.038936 0.252505
0.029610 0.225624
0.048713 0.189670
0.031447 0.171701
0.009040 0.185808
0.009363 0.176109
0.022159 0.135198
0.016913 0.123760
0.006202 0.081446
0.014748 0.056785
0.023854 0.047557
0.022148 0.035400
0.018864 0.028717
0.032102 0.041588
0.070688 0.078339
0.060514 0.087810
0.069526 0.139222
0.089985 0.168254
0.101667 0.179760
0.101265 0.169174
0.146277 0.107041
0.133820 0.105760
0.093161 0.070367
0.102355 0.064043
0.107762 0.048043
0.126530 0.004284
0.164572 0.076064
0.194338 0.041755
0.221288 0.029832
0.237059 0.005737
0.244836 0.059839
0.247853 0.065733
0.203992 0.111684
0.211829 0.139221
0.247040 0.141093
0.258348 0.184213
0.305453 0.175661
0.316893 0.158556
0.314561 0.146269
0.273854 0.141288
0.301149 0.108441
0.285350 0.098399
0.293830 0.070199
0.284208 0.023491
0.326326 0.037185
0.328866 0.031463
0.338437 0.031910
0.331275 0.067576
0.334075 0.072512
0.366133 0.072985
0.383869 0.041960
0.380352 0.031656
0.386750 0.038354
0.392458 0.040095
0.391423 0.069734
0.388479 0.096842
0.364941 0.183252
0.396559 0.221067
0.415211 0.196673
0.418191 0.176027
0.431384 0.200294
0.452906 0.220250
0.454299 0.202535
0.450650 0.194717
0.453478 0.175876
0.468821 0.178324
0.481448 0.201007
0.498668 0.197143
0.484864 0.160984
0.483175 0.151666
0.473811 0.150089
0.459893 0.152510
0.447724 0.152127
0.416198 0.131740
0.410541 0.122153
0.431178 0.120963
0.417213 0.106790
0.425772 0.104565
0.428124 0.096767
0.465724 0.048357
0.427497 0.035369
0.433344 0.012170
0.481411 0.025511
0.491782 0.024079
0.492837 0.044867
0.516634 0.059245
0.503760 0.084055
0.488411 0.088359
0.472985 0.109637
0.497169 0.091525
0.527977 0.077955
0.536983 0.015964
0.554004 0.001798
0.617133 0.005996
0.618376 0.006851
0.654985 0.003766
0.657296 0.022059
0.652834 0.041720
0.641648 0.035803
0.610667 0.031760
0.589030 0.029216
0.583087 0.038925
0.580606 0.040714
0.579938 0.045516
0.563691 0.049710
0.565885 0.079267
0.581077 0.090611
0.575844 0.103996
0.602417 0.111486
0.599011 0.113859
0.598086 0.125119
0.566575 0.161713
0.541024 0.138493
0.540398 0.165785
0.522123 0.204443
0.500682 0.208110
0.501132 0.219044
0.497810 0.230829
0.483072 0.224105
0.476841 0.252314
0.495885 0.261076
0.503868 0.257810
0.503084 0.289700
0.481552 0.294905
0.473808 0.277544
0.461554 0.276115
0.453406 0.273883
0.425255 0.253566
0.399536 0.329080
0.371738 0.285661
0.367647 0.295937
0.349844 0.311308
0.328130 0.345123
0.345699 0.369646
0.328600 0.415360
0.269270 0.339929
0.273126 0.329534
0.281165 0.295759
0.320002 0.260875
0.326113 0.248330
0.325543 0.245739
0.279671 0.218285
0.254993 0.217930
0.268570 0.230700
0.266327 0.248187
0.275574 0.248578
0.271912 0.291011
0.258977 0.285465
0.251429 0.288109
0.213831 0.259664
0.173642 0.237536
0.197927 0.226485
0.208524 0.179426
0.193612 0.176453
0.186660 0.149340
0.173332 0.167714
0.162630 0.179912
0.154978 0.174950
0.138370 0.223306
0.108833 0.227879
0.105219 0.207889
0.069967 0.221888
0.063726 0.251442
0.075025 0.266656
0.079431 0.293293
0.081020 0.294576
0.077452 0.300204
0.084810 0.313824
0.090851 0.303308
0.091457 0.301257
0.102127 0.305670
0.110942 0.288755
0.122770 0.279625
0.170331 0.272354
0.190758 0.275904
0.190475 0.280619
0.201161 0.289933
0.201327 0.296101
0.219256 0.308332
0.234873 0.317143
0.223386 0.321525
0.195597 0.335824
0.188694 0.352483
0.163204 0.326764
0.147499 0.330763
0.124520 0.343582
0.090983 0.351494
0.110572 0.367907
0.138196 0.378062
0.107852 0.402268
0.095980 0.414428
0.092339 0.418388
0.096135 0.422947
0.076773 0.443684
0.093849 0.448857
0.112550 0.424639
0.119107 0.428912
0.144419 0.437697
0.171615 0.395009
0.171036 0.391161
0.172454 0.376716
0.195108 0.371723
0.245379 0.378604
0.222983 0.401433
0.215493 0.419095
0.228996 0.424734
0.262921 0.411254
0.283230 0.435202
0.269879 0.464630
0.266586 0.479935
0.304167 0.457273
0.312534 0.465618
0.294859 0.483895
0.285672 0.502275
0.285479 0.520227
0.290877 0.541399
0.304214 0.571650
0.298060 0.579227
0.268251 0.525830
0.250715 0.540302
0.222050 0.517259
0.220735 0.531950
0.222155 0.538837
0.234626 0.547568
0.226181 0.561031
0.223004 0.566811
0.189900 0.575053
0.157175 0.580531
0.186513 0.590932
0.216494 0.621505
0.176710 0.643655
0.189318 0.643605
0.219326 0.657974
0.218742 0.677506
0.211617 0.686437
0.189272 0.674672
0.186611 0.689785
0.206824 0.708253
0.224082 0.713577
0.256482 0.702934
0.265941 0.672360
0.243114 0.672764
0.240897 0.653294
0.249428 0.648726
0.241406 0.649716
0.231936 0.644961
0.231390 0.633170
0.254894 0.597180
0.258745 0.596878
0.266965 0.606679
0.263900 0.611612
0.267179 0.616446
0.265729 0.656815
0.299811 0.684087
0.304612 0.662251
0.302155 0.617377
0.318546 0.634046
0.354919 0.636980
0.411842 0.641504
0.441931 0.619590
0.448024 0.625180
0.461361 0.642742
0.486323 0.625261
0.462115 0.608494
0.466347 0.596848
0.438610 0.589927
0.432064 0.560487
0.423637 0.557511
0.407430 0.577075
0.422673 0.586773
0.408001 0.591025
0.377561 0.572042
0.369225 0.598349
0.348050 0.575771
0.348425 0.557072
0.361361 0.552961
0.374942 0.541457
0.377430 0.507353
0.376411 0.489582
0.355655 0.476047
0.353525 0.461452
0.368547 0.465053
0.381875 0.466452
0.398113 0.481615
0.398098 0.460924
0.392585 0.454485
0.382142 0.450380
0.378184 0.440269
0.370053 0.402291
0.379587 0.404206
0.416064 0.382493
0.426298 0.399549
0.437312 0.382783
0.448412 0.365399
0.441978 0.356924
0.483665 0.332840
0.508192 0.338755
0.521690 0.367520
0.530254 0.395487
0.540100 0.413966
0.540592 0.411941
0.556905 0.395504
0.552110 0.369076
0.559887 0.386084
0.577825 0.397773
0.606300 0.393640
0.630677 0.403042
0.638362 0.420417
0.681394 0.428096
0.678253 0.432134
0.675926 0.473006
0.666264 0.478310
0.646292 0.482198
0.657859 0.523507
0.669171 0.492903
0.676894 0.485884
0.706142 0.481584
0.706551 0.456924
0.708644 0.443208
0.678706 0.398772
0.699809 0.400361
0.700944 0.387669
0.693037 0.365945
0.670868 0.349752
0.652361 0.327843
0.655117 0.311727
0.641383 0.314227
0.618142 0.321720
0.627107 0.339066
0.629465 0.351501
0.632827 0.358982
0.609066 0.347005
0.603313 0.342123
0.581263 0.359219
0.573996 0.351087
0.563953 0.326068
0.548898 0.317072
0.541421 0.315412
0.528465 0.298632
0.538442 0.272829
0.549556 0.289135
0.573992 0.317355
0.590448 0.299107
0.606905 0.298964
0.607454 0.269106
0.605579 0.264625
0.583448 0.248010
0.555482 0.256562
0.551020 0.250972
0.565818 0.230922
0.542821 0.221660
0.551596 0.218409
0.565907 0.196624
0.590558 0.169205
0.616443 0.183320
0.593615 0.196870
0.602703 0.209312
0.600725 0.214870
0.611609 0.232279
0.659783 0.202045
0.622142 0.172909
0.641246 0.162600
0.638855 0.136117
0.625997 0.100621
0.650329 0.113469
0.659994 0.142880
0.667950 0.134244
0.681873 0.132604
0.696694 0.140264
0.697378 0.143093
0.715092 0.134978
0.709237 0.149862
0.701131 0.157832
0.695213 0.166062
0.678095 0.159423
0.669920 0.173696
0.700394 0.176223
0.705785 0.176468
0.731155 0.179259
0.716204 0.155787
0.737558 0.154648
0.747708 0.127355
0.736105 0.110498
0.735509 0.106369
0.737309 0.102256
0.721631 0.102852
0.708981 0.113818
0.698607 0.106299
0.693717 0.105196
0.700686 0.099572
0.677026 0.073919
0.681844 0.067011
0.691713 0.043801
0.679873 0.036083
0.703160 0.001858
0.708150 0.018861
0.727995 0.033447
0.753570 0.055169
0.747681 0.060876
0.757663 0.093588
0.762575 0.139180
0.772958 0.149937
0.766920 0.159862
0.764230 0.161167
0.757129 0.198913
0.774253 0.199634
0.779323 0.192056
0.800034 0.191033
0.805782 0.219546
0.842690 0.225877
0.829253 0.204524
0.861794 0.170048
0.862370 0.142286
0.852886 0.130682
0.836870 0.109518
0.843712 0.077074
0.832798 0.054717
0.819314 0.064785
0.790485 0.075306
0.786204 0.082432
0.785866 0.052989
0.768929 0.042243
0.785526 0.019830
0.789602 0.015080
0.827882 0.039581
0.826467 0.013815
0.831948 0.015530
0.855605 0.013791
0.856549 0.020728
0.877207 0.029343
0.894385 0.018059
0.892531 0.079182
0.896430 0.087222
0.897114 0.110290
0.926185 0.057690
0.943723 0.049837
0.955328 0.066934
0.964737 0.064020
0.983051 0.038631
0.986210 0.016596
0.986146 0.027016
0.999681 0.096484
0.951122 0.121452
0.942253 0.113659
0.921296 0.107489
0.941040 0.135486
0.919842 0.150129
0.953297 0.165244
0.971083 0.168176
0.985998 0.142993
0.994923 0.144450
0.999310 0.181720
0.996272 0.191499
0.994017 0.221274
0.993668 0.248131
0.975990 0.291956
0.952244 0.304590
0.935925 0.292773
0.931915 0.261738
0.951559 0.267396
0.952850 0.247914
0.929856 0.242173
0.957578 0.219776
0.969422 0.191910
0.930107 0.180210
0.924529 0.187455
0.903812 0.193942
0.904170 0.174810
0.895267 0.174773
0.888162 0.175878
0.892121 0.190347
0.897669 0.215151
0.882435 0.256941
0.880198 0.274568
0.869715 0.274539
0.857525 0.271322
0.858982 0.292095
0.857676 0.296066
0.813990 0.277713
0.793014 0.287795
0.754744 0.272335
0.782442 0.252243
0.766860 0.238299
0.743977 0.216417
0.733120 0.203791
0.724990 0.202473
0.707885 0.215166
0.714552 0.223082
0.684625 0.267547
0.662750 0.274465
0.681483 0.276360
0.694181 0.283798
0.696251 0.275769
0.716510 0.271584
0.732618 0.278220
0.735371 0.298597
0.728329 0.304255
0.713207 0.313601
0.701230 0.308470
0.705660 0.346846
0.721716 0.346534
0.746111 0.369966
0.770211 0.370115
0.753494 0.380619
0.748474 0.395301
0.772820 0.430775
0.797728 0.439399
0.798448 0.439245
0.788728 0.450164
0.740992 0.441406
0.740221 0.450658
0.726323 0.446071
0.725592 0.458730
0.719332 0.461756
0.719297 0.518629
0.725196 0.514924
0.732343 0.516724
0.746857 0.517730
0.741154 0.528743
0.788050 0.552784
0.772407 0.577266
0.782168 0.578971
0.779289 0.586147
0.784766 0.595044
0.793273 0.593387
0.823600 0.588750
0.833773 0.592662
0.827818 0.614982
0.830212 0.634472
0.852433 0.617853
0.874363 0.559031
0.832289 0.511924
0.841976 0.502859
0.830153 0.495746
0.820642 0.497755
0.838596 0.440038
0.848530 0.440334
0.876382 0.473847
0.848088 0.478533
0.849603 0.487399
0.864767 0.503224
0.871537 0.503198
0.877339 0.529385
0.895327 0.547782
0.911950 0.518546
0.925590 0.514329
0.917299 0.493993
0.911008 0.455264
0.886306 0.423378
0.895666 0.389755
0.906851 0.383941
0.893729 0.381331
0.888099 0.360966
0.874182 0.371761
0.849464 0.389170
0.768897 0.349995
0.818587 0.350799
0.848863 0.346773
0.879041 0.304235
0.919002 0.295862
0.919514 0.328331
0.952380 0.341180
0.986789 0.326807
0.991808 0.353857
0.964137 0.364989
0.973036 0.380290
0.967286 0.380755
0.947777 0.404311
0.948486 0.417852
0.948234 0.444236
0.992846 0.396948
0.992995 0.404197
0.987720 0.423803
0.992468 0.445169
0.997572 0.478275
0.985930 0.487033
0.986471 0.495438
0.943506 0.484267
0.952599 0.503364
0.974321 0.526757
0.990989 0.543638
0.982419 0.555085
0.986425 0.593183
0.981093 0.605337
0.984460 0.616206
0.981214 0.616625
0.958145 0.604140
0.957797 0.599027
0.941803 0.581814
0.932054 0.619461
0.948738 0.640723
0.950298 0.668165
0.977237 0.671028
0.998672 0.665741
0.988542 0.707880
0.969618 0.714954
0.948664 0.710135
0.946598 0.688195
0.879092 0.636449
0.873623 0.659646
0.875791 0.716207
0.881203 0.724788
0.838604 0.724006
0.832496 0.745101
0.822834 0.760820
0.821642 0.758188
0.816255 0.757122
0.806176 0.754487
0.821890 0.733615
0.812446 0.720044
0.795908 0.699287
0.772312 0.700697
0.777720 0.711978
0.777054 0.727254
0.724919 0.734575
0.703895 0.736433
0.672560 0.755156
0.668906 0.745063
0.674636 0.723822
0.697412 0.702105
0.715591 0.711297
0.728833 0.718077
0.746120 0.703357
0.753939 0.683504
0.789815 0.687429
0.810101 0.692990
0.806968 0.687636
0.810661 0.647288
0.790585 0.637701
0.799107 0.621714
0.769596 0.603362
0.766487 0.584349
0.741239 0.613726
0.736905 0.591462
0.715279 0.595384
0.712882 0.595374
0.693874 0.627069
0.689775 0.627392
0.710773 0.651234
0.690023 0.657048
0.682292 0.651669
0.689789 0.675466
0.691342 0.694790
0.665016 0.660200
0.651818 0.660076
0.608468 0.691641
0.599346 0.701964
0.589741 0.660219
0.605632 0.645466
0.621548 0.612884
0.648731 0.598919
0.680947 0.542731
0.633513 0.547330
0.625957 0.539103
0.599900 0.593445
0.593672 0.598108
0.581297 0.581279
0.579335 0.563064
0.558980 0.536723
0.576089 0.524166
0.564429 0.520562
0.568866 0.517163
0.569435 0.485908
0.590050 0.475710
0.549170 0.463772
0.547086 0.457347
0.555924 0.429225
0.542670 0.438680
0.522067 0.437942
0.519338 0.438382
0.447007 0.453438
0.435869 0.447666
