0.500299 0.090474
0.496776 0.086460
0.488829 0.090646
0.483478 0.099528
0.479521 0.090111
0.474587 0.065950
0.475020 0.090043
0.476703 0.092541
0.474747 0.097923
0.473761 0.098473
0.467718 0.113261
0.465471 0.118216
0.466681 0.120650
0.464904 0.133765
0.467959 0.135675
0.470230 0.126098
0.471062 0.120042
0.472161 0.118962
0.479402 0.119559
0.490357 0.114280
0.490085 0.127406
0.495928 0.120416
0.510622 0.122485
0.507689 0.109982
0.507453 0.107611
0.512053 0.105201
0.525789 0.101260
0.522588 0.109809
0.514221 0.116916
0.520091 0.130078
0.527661 0.138496
0.520212 0.163887
0.515656 0.167888
0.522193 0.168772
0.550616 0.166186
0.551612 0.166733
0.562899 0.153165
0.564292 0.145764
0.552787 0.142274
0.549983 0.140217
0.550587 0.137657
0.552933 0.131027
0.552030 0.127340
0.542462 0.123031
0.551783 0.125928
0.557436 0.124637
0.559947 0.117613
0.566777 0.118699
0.566585 0.096258
0.578203 0.107351
0.586511 0.116726
0.588451 0.120475
0.585736 0.121396
0.578613 0.133645
0.592269 0.125219
0.611052 0.135037
0.604852 0.136930
0.599855 0.143131
0.595625 0.140867
0.589735 0.140611
0.595005 0.149579
0.585582 0.158939
0.579735 0.162709
0.587959 0.173162
0.598574 0.177726
0.605187 0.180339
0.628435 0.158965
0.631704 0.163027
0.633359 0.172807
0.634609 0.177480
0.650684 0.169795
0.660329 0.165246
0.641339 0.189247
0.633494 0.205445
0.634500 0.230084
0.622909 0.232234
0.621004 0.224746
0.614178 0.227696
0.610048 0.226327
0.598010 0.221883
0.609572 0.221094
0.617760 0.217210
0.615425 0.210123
0.612102 0.191361
0.599802 0.184726
0.601044 0.198444
0.584553 0.207212
0.583111 0.193675
0.592051 0.185290
0.582143 0.174158
0.575611 0.183897
0.562053 0.181841
0.565849 0.188422
0.558296 0.202519
0.535666 0.195188
0.543827 0.212206
0.536857 0.212302
0.527312 0.218698
0.525799 0.212088
0.522491 0.210089
0.516407 0.206722
0.515010 0.205678
0.512029 0.204684
0.512280 0.200890
0.503732 0.193850
0.504386 0.183270
0.506799 0.181686
0.497899 0.172588
0.490859 0.170641
0.492501 0.163754
0.494755 0.160405
0.486628 0.156753
0.486407 0.160491
0.485704 0.161195
0.482958 0.164827
0.477772 0.152513
0.467055 0.148941
0.463817 0.147448
0.451944 0.157025
0.455434 0.162170
0.471067 0.164326
0.476050 0.170002
0.475788 0.174225
0.472593 0.176003
0.485152 0.183011
0.475252 0.201174
0.492081 0.205896
0.494970 0.201620
0.501428 0.210119
0.512939 0.237183
0.506510 0.236555
0.495239 0.221047
0.486922 0.221798
0.482439 0.234000
0.482183 0.228620
0.476420 0.214131
0.473902 0.212805
0.469596 0.218404
0.458288 0.216887
0.454624 0.210169
0.447921 0.214306
0.451477 0.230194
0.428296 0.234481
0.423452 0.235218
0.431655 0.227301
0.430634 0.214292
0.446715 0.202747
0.449911 0.181297
0.443880 0.177613
0.439841 0.178333
0.432421 0.164956
0.439440 0.161366
0.430525 0.148350
0.436085 0.147273
0.441232 0.143656
0.437539 0.133253
0.437884 0.131843
0.445983 0.129178
0.429845 0.118190
0.412231 0.124327
0.409887 0.115622
0.408394 0.111552
0.398535 0.124015
0.396484 0.131612
0.398654 0.140547
0.399324 0.143498
0.407471 0.136609
0.418885 0.140028
0.425604 0.134273
0.427290 0.142039
0.426268 0.143332
0.413619 0.146825
0.411179 0.150567
0.415686 0.164182
0.394319 0.166366
0.405769 0.170089
0.412696 0.181153
0.423129 0.182345
0.413504 0.193629
0.412422 0.201415
0.407389 0.201764
0.414706 0.212892
0.416029 0.215175
0.415897 0.217508
0.399948 0.230196
0.385810 0.239424
0.387538 0.239591
0.397846 0.244978
0.404618 0.246095
0.421563 0.252732
0.418557 0.254619
0.397535 0.259557
0.389966 0.272975
0.379161 0.277022
0.367812 0.276738
0.362577 0.265672
0.367289 0.267021
0.369813 0.268226
0.382809 0.257073
0.381004 0.254036
0.378371 0.247861
0.353488 0.255866
0.346764 0.258232
0.348978 0.273751
0.343330 0.292589
0.338247 0.274698
0.325933 0.272406
0.327995 0.259975
0.320110 0.250633
0.307557 0.247223
0.304338 0.243315
0.298115 0.240733
0.301084 0.226232
0.312633 0.239514
0.314972 0.239275
0.317550 0.232408
0.330794 0.229132
0.332409 0.224360
0.324006 0.221015
0.310782 0.210476
0.306846 0.212629
0.302570 0.205706
0.304434 0.183685
0.316163 0.189794
0.311339 0.198577
0.321131 0.202627
0.321361 0.197128
0.330354 0.186373
0.333576 0.206193
0.338776 0.207132
0.339658 0.213011
0.338669 0.220359
0.347727 0.225937
0.354092 0.222126
0.356028 0.224150
0.363114 0.238996
0.376854 0.219651
0.387652 0.216490
0.390638 0.224690
0.399047 0.213024
0.386740 0.191363
0.394542 0.186965
0.394420 0.185928
0.392561 0.180193
0.374008 0.162854
0.367967 0.172740
0.363875 0.170399
0.360385 0.182692
0.351692 0.185222
0.344971 0.180583
0.339066 0.179773
0.358655 0.150747
0.365903 0.143734
0.341333 0.140667
0.337389 0.145421
0.328393 0.157241
0.327860 0.159088
0.314445 0.153123
0.324171 0.142968
0.336311 0.125584
0.341016 0.127415
0.355697 0.129072
0.352591 0.120049
0.360797 0.119693
0.362618 0.127096
0.373945 0.124786
0.380291 0.128109
0.384294 0.132466
0.391857 0.125646
0.389447 0.107430
0.397296 0.110294
0.400129 0.102744
0.422519 0.102205
0.443535 0.102391
0.461243 0.094758
0.434541 0.080309
0.442222 0.071032
0.445215 0.071583
0.447316 0.069465
0.457333 0.069044
0.457293 0.063235
0.464400 0.054698
0.487537 0.046082
0.494376 0.048041
0.498623 0.043739
0.498873 0.040867
0.499846 0.031065
0.498488 0.024887
0.508511 0.030473
0.510878 0.041409
0.521805 0.050707
0.517250 0.062173
0.508556 0.069197
0.513616 0.070310
0.538666 0.063738
0.531087 0.045355
0.534960 0.045076
0.541295 0.039683
0.543066 0.036877
0.550014 0.045466
0.554533 0.063479
0.556573 0.050153
0.557061 0.049634
0.561433 0.040201
0.558980 0.030694
0.554649 0.020893
0.557763 0.014007
0.565936 0.007247
0.549459 0.005423
0.533748 0.000832
0.525896 0.002887
0.521699 0.015848
0.513981 0.012906
0.511632 0.009596
0.512974 0.005772
0.501224 0.012765
0.494990 0.008943
0.477557 0.001826
0.471915 0.006528
0.463508 0.005478
0.448674 0.018471
0.446824 0.021774
0.444026 0.037513
0.467247 0.025408
0.466306 0.016046
0.474544 0.023086
0.475010 0.031469
0.469000 0.032888
0.467773 0.042760
0.454526 0.052464
0.451204 0.056861
0.440021 0.054566
0.439854 0.061954
0.420770 0.073658
0.414211 0.065666
0.404991 0.065796
0.400120 0.064601
0.402638 0.068331
0.405065 0.080927
0.384422 0.086550
0.380996 0.089426
0.374293 0.082186
0.368526 0.091376
0.382863 0.111119
0.357833 0.102070
0.355589 0.097616
0.346384 0.100058
0.322777 0.099786
0.305889 0.090820
0.310146 0.077629
0.352953 0.089290
0.353707 0.083393
0.360162 0.071804
0.380745 0.054761
0.390135 0.051890
0.394544 0.051205
0.395405 0.033025
0.413617 0.035822
0.424829 0.027145
0.419211 0.014789
0.412219 0.020831
0.383648 0.014465
0.382980 0.016420
0.367158 0.017771
0.360002 0.013743
0.351361 0.012508
0.347050 0.008024
0.347136 0.000023
0.330778 0.019803
0.335113 0.018249
0.345502 0.016736
0.358670 0.022082
0.365968 0.028354
0.368012 0.037273
0.373802 0.036322
0.375322 0.036097
0.375952 0.040717
0.364362 0.053166
0.350992 0.053305
0.350458 0.049263
0.336750 0.040402
0.335952 0.036167
0.326373 0.045545
0.321043 0.052404
0.324755 0.058081
0.315867 0.070925
0.300632 0.065631
0.295956 0.053973
0.285024 0.059716
0.279778 0.048973
0.277811 0.046155
0.277106 0.037263
0.294128 0.027670
0.306812 0.037357
0.303700 0.041163
0.305861 0.041372
0.310147 0.043987
0.324062 0.033473
0.325324 0.029013
0.322662 0.021937
0.311444 0.002978
0.299305 0.012799
0.281272 0.013736
0.263494 0.015166
0.266119 0.030852
0.239438 0.039905
0.240267 0.044925
0.230558 0.056723
0.216105 0.056431
0.229197 0.037739
0.223985 0.022911
0.244668 0.014879
0.238197 0.008855
0.232337 0.000530
0.203131 0.002093
0.188069 0.011593
0.176898 0.001309
0.172529 0.001137
0.168689 0.008527
0.166358 0.017547
0.172428 0.018484
0.172259 0.020853
0.166800 0.033404
0.158434 0.020893
0.155728 0.001070
0.135520 0.005942
0.137048 0.010557
0.131428 0.021578
0.127063 0.038420
0.124737 0.036530
0.117892 0.035713
0.117161 0.013828
0.113337 0.005634
0.112124 0.006069
0.091943 0.007484
0.088953 0.005445
0.072667 0.003090
0.052691 0.005872
0.043388 0.019683
0.040276 0.023630
0.035420 0.029961
0.028698 0.034733
0.026395 0.032347
0.027836 0.027673
0.029380 0.002270
0.026213 0.000382
0.009363 0.015782
0.004739 0.022589
0.018779 0.038831
0.003613 0.042250
0.005130 0.053703
0.006336 0.064652
0.008843 0.066971
0.005464 0.068458
0.003411 0.070818
0.004381 0.073651
0.004590 0.073656
0.002292 0.080667
0.011496 0.081080
0.007579 0.094650
0.001313 0.118739
0.021413 0.101634
0.022174 0.098800
0.026470 0.099330
0.043367 0.104131
0.055040 0.109270
0.041361 0.096190
0.040500 0.090850
0.034515 0.083160
0.024771 0.077922
0.020579 0.077511
0.020990 0.071980
0.033865 0.074018
0.038791 0.070258
0.057530 0.073265
0.041227 0.066922
0.028699 0.057273
0.033676 0.056704
0.043982 0.051356
0.041827 0.044720
0.055616 0.048603
0.061203 0.050638
0.073197 0.063067
0.067940 0.067337
0.077125 0.072682
0.068541 0.075449
0.070304 0.085162
0.065847 0.089885
0.070555 0.089247
0.092474 0.098663
0.091581 0.100655
0.100466 0.110623
0.098939 0.114920
0.101891 0.114470
0.113894 0.116981
0.125483 0.111483
0.110193 0.106917
0.106673 0.103973
0.100885 0.101462
0.098578 0.094210
0.091110 0.075791
0.082609 0.072986
0.084465 0.070668
0.085687 0.067999
0.088111 0.061619
0.101852 0.049702
0.090614 0.041983
0.081875 0.045850
0.064504 0.027705
0.073887 0.018956
0.073254 0.015788
0.075337 0.017803
0.089642 0.013351
0.091337 0.022932
0.098473 0.024488
0.111051 0.026310
0.113714 0.027949
0.107284 0.048917
0.112703 0.051237
0.122862 0.063850
0.126404 0.056471
0.139664 0.055223
0.152304 0.055477
0.146770 0.038280
0.146947 0.037753
0.158870 0.041267
0.161841 0.050287
0.167096 0.041989
0.170946 0.043155
0.173533 0.051912
0.189633 0.032172
0.189802 0.024956
0.199098 0.031700
0.206087 0.022678
0.212943 0.028138
0.209215 0.033437
0.207611 0.033475
0.201819 0.040257
0.202312 0.049799
0.196869 0.054945
0.193395 0.050106
0.183952 0.062090
0.167306 0.056843
0.166127 0.061353
0.160505 0.066647
0.160775 0.082757
0.161418 0.093889
0.177825 0.091843
0.191084 0.086355
0.175820 0.097137
0.174659 0.098104
0.172950 0.098134
0.172119 0.097937
0.165027 0.108236
0.151415 0.105080
0.139283 0.085387
0.133129 0.084768
0.127497 0.083204
0.123133 0.092579
0.130456 0.098958
0.140401 0.108136
0.137228 0.122965
0.148709 0.119675
0.154913 0.138296
0.164471 0.132569
0.169950 0.134389
0.184923 0.139454
0.187214 0.114716
0.200968 0.132711
0.213255 0.141735
0.213104 0.132641
0.213134 0.117348
0.219137 0.120225
0.234239 0.122862
0.241684 0.126383
0.238040 0.117503
0.227333 0.102262
0.224373 0.096729
0.213748 0.101587
0.217775 0.091695
0.215104 0.078303
0.224338 0.071434
0.229584 0.081515
0.234569 0.080339
0.241589 0.090874
0.247900 0.070738
0.243553 0.063306
0.241707 0.058485
0.250974 0.064738
0.260735 0.051568
0.261203 0.056780
0.271781 0.077539
0.293022 0.081649
0.289472 0.092023
0.295744 0.097119
0.296510 0.107404
0.277602 0.095150
0.270815 0.089642
0.268464 0.090548
0.258146 0.093344
0.255877 0.096260
0.267880 0.111030
0.258479 0.118047
0.257750 0.119730
0.262635 0.134171
0.256139 0.133789
0.248561 0.129287
0.232304 0.138185
0.227753 0.158101
0.219257 0.151019
0.207914 0.161602
0.205438 0.172924
0.199585 0.187417
0.198431 0.174833
0.194880 0.169385
0.180092 0.172351
0.152129 0.169440
0.153644 0.162128
0.150654 0.154782
0.148506 0.150211
0.146288 0.149987
0.143829 0.161044
0.135866 0.165990
0.131677 0.165319
0.124686 0.159428
0.116867 0.146152
0.116921 0.144992
0.115721 0.144437
0.096287 0.142185
0.095186 0.138805
0.087450 0.133214
0.073008 0.122593
0.070287 0.114404
0.059047 0.121616
0.055824 0.134378
0.052348 0.139778
0.049672 0.141195
0.039745 0.146124
0.040641 0.148678
0.041869 0.157123
0.025893 0.149744
0.004090 0.145121
0.019443 0.154580
0.033900 0.158247
0.042830 0.165961
0.048552 0.177662
0.051721 0.176415
0.054499 0.181732
0.063707 0.178807
0.066028 0.187769
0.044969 0.184576
0.036323 0.179031
0.035621 0.192503
0.035260 0.201118
0.037129 0.199604
0.042123 0.196094
0.044444 0.202081
0.067669 0.203592
0.066627 0.211517
0.071612 0.217148
0.073525 0.206557
0.075563 0.201427
0.081432 0.191959
0.095115 0.185793
0.086591 0.182005
0.084138 0.182584
0.083116 0.173085
0.084900 0.170046
0.081536 0.169492
0.063889 0.152844
0.091125 0.164575
0.091860 0.162131
0.099926 0.162374
0.105142 0.158381
0.113182 0.159055
0.134315 0.180960
0.138139 0.188564
0.142949 0.193612
0.146414 0.181565
0.150313 0.182845
0.152103 0.193101
0.148374 0.200889
0.155704 0.200011
0.162172 0.198558
0.170463 0.197044
0.167355 0.220002
0.161174 0.228821
0.158518 0.229706
0.158501 0.229138
0.158646 0.215435
0.154700 0.214639
0.144693 0.209485
0.142080 0.209450
0.134546 0.198906
0.120689 0.193387
0.112621 0.181730
0.108141 0.200707
0.112623 0.203207
0.108119 0.211192
0.093772 0.216816
0.089515 0.223144
0.087504 0.224581
0.088417 0.224950
0.090269 0.229463
0.079805 0.235499
0.061410 0.242096
0.057733 0.232880
0.056140 0.228662
0.050487 0.238671
0.053802 0.248065
0.048712 0.247071
0.040610 0.254662
0.038973 0.249906
0.022664 0.237229
0.021306 0.229646
0.018246 0.227303
0.033064 0.222494
0.025591 0.216302
0.022285 0.216617
0.020795 0.212504
0.015317 0.202461
0.015775 0.197017
0.011533 0.188772
0.001994 0.197855
0.006298 0.204688
0.010483 0.211597
0.008759 0.212408
0.010886 0.217272
0.005587 0.229169
0.002165 0.246913
0.001726 0.247596
0.011139 0.255823
0.010970 0.264677
0.015358 0.262133
0.023979 0.261639
0.064394 0.263389
0.064690 0.264461
0.064798 0.279877
0.057451 0.276600
0.049441 0.277162
0.048492 0.277275
0.044413 0.277421
0.039287 0.278688
0.028383 0.281561
0.026762 0.282701
0.010774 0.288268
0.007446 0.288075
0.004364 0.310759
0.007612 0.327708
0.031439 0.329240
0.028494 0.336634
0.025613 0.340466
0.014492 0.356236
0.005315 0.354720
0.011804 0.376934
0.003008 0.384998
0.011129 0.382097
0.018790 0.383340
0.021822 0.377070
0.020919 0.371633
0.028122 0.361145
0.030909 0.364439
0.047475 0.367667
0.057684 0.360186
0.059069 0.381349
0.045553 0.392481
0.036705 0.391443
0.031440 0.393368
0.030316 0.389572
0.027403 0.390331
0.017071 0.397379
0.033264 0.415053
0.021893 0.415897
0.005388 0.431754
0.000663 0.435325
0.010766 0.448406
0.001768 0.455390
0.006968 0.460090
0.016036 0.456343
0.013764 0.459408
0.008934 0.467787
0.023108 0.478799
0.004556 0.487567
0.010729 0.507456
0.011679 0.506560
0.039142 0.517768
0.038573 0.538517
0.019448 0.526427
0.015801 0.536274
0.002602 0.541348
0.012210 0.561139
0.019914 0.555824
0.018621 0.561933
0.021339 0.575848
0.034745 0.571977
0.035431 0.570099
0.041056 0.567334
0.046696 0.560275
0.051911 0.551325
0.045456 0.552275
0.040343 0.546639
0.052821 0.540100
0.060531 0.547500
0.066622 0.550887
0.061224 0.556473
0.066861 0.564229
0.083630 0.560138
0.085136 0.560030
0.086779 0.562279
0.092856 0.567723
0.109975 0.573758
0.105257 0.559534
0.111793 0.557740
0.119874 0.537443
0.114056 0.535011
0.092533 0.534218
0.079333 0.525770
0.094260 0.522666
0.104952 0.512827
0.114719 0.520619
0.118695 0.510577
0.115754 0.501468
0.105994 0.498886
0.079393 0.485374
0.078194 0.491991
0.085634 0.500306
0.073980 0.512723
0.070770 0.513409
0.053856 0.524587
0.048297 0.514286
0.045833 0.507186
0.041791 0.493885
0.037504 0.491494
0.035165 0.469297
0.039145 0.462333
0.033292 0.450236
0.028560 0.430339
0.043825 0.452544
0.051546 0.451676
0.059951 0.465053
0.062600 0.475932
0.065629 0.474127
0.074951 0.468923
0.078230 0.473004
0.079815 0.465452
0.078439 0.459751
0.085810 0.462910
0.090762 0.469392
0.092544 0.480212
0.100762 0.480307
0.106513 0.471628
0.098575 0.470588
0.097074 0.453566
0.101925 0.438734
0.102920 0.438420
0.110730 0.439071
0.118625 0.455343
0.121547 0.454033
0.126822 0.449795
0.129704 0.439277
0.145817 0.429739
0.145584 0.420718
0.148390 0.423548
0.154428 0.433083
0.164730 0.421633
0.157985 0.413500
0.149008 0.401031
0.137239 0.391979
0.131520 0.395276
0.137609 0.420876
0.134074 0.427358
0.133726 0.428341
0.115993 0.427809
0.100184 0.417443
0.099284 0.418682
0.094282 0.431547
0.096716 0.434679
0.086818 0.435779
0.082374 0.426365
0.083951 0.419991
0.073978 0.428655
0.072064 0.440774
0.076299 0.449449
0.070836 0.446378
0.059981 0.446383
0.059513 0.441484
0.067741 0.433313
0.068076 0.425307
0.063767 0.423348
0.062766 0.425258
0.057845 0.423877
0.053519 0.430301
0.051555 0.425884
0.057432 0.401429
0.068661 0.393308
0.068089 0.403156
0.070206 0.405593
0.082076 0.407872
0.084260 0.397797
0.107189 0.393617
0.110115 0.387148
0.114173 0.382079
0.114882 0.382150
0.112541 0.370284
0.098014 0.361096
0.090128 0.362873
0.095610 0.368488
0.095456 0.372417
0.083449 0.370416
0.066490 0.372214
0.067225 0.366111
0.061594 0.349547
0.067941 0.341437
0.063152 0.341516
0.061272 0.347336
0.050240 0.352735
0.047331 0.341772
0.045978 0.340954
0.039496 0.326694
0.036829 0.323903
0.026990 0.304743
0.042456 0.314339
0.061363 0.308869
0.067995 0.309797
0.076414 0.308479
0.061498 0.292420
0.069829 0.293325
0.073405 0.290949
0.076900 0.286293
0.086069 0.287699
0.086379 0.266359
0.078875 0.263623
0.080365 0.259237
0.089693 0.256753
0.096051 0.232901
0.114307 0.227753
0.115614 0.221159
0.134905 0.228844
0.125072 0.238152
0.128467 0.253601
0.124000 0.257072
0.118177 0.249456
0.103967 0.257002
0.104190 0.266805
0.117624 0.267456
0.127569 0.288901
0.112661 0.301980
0.109430 0.312215
0.102883 0.300111
0.098397 0.299895
0.094535 0.299094
0.098317 0.303683
0.096663 0.312816
0.107187 0.328600
0.088870 0.324693
0.086674 0.343382
0.083552 0.345612
0.084086 0.349260
0.083288 0.355472
0.090549 0.351949
0.094496 0.349005
0.099718 0.346158
0.114956 0.334410
0.117568 0.329704
0.128088 0.338295
0.130223 0.338717
0.131891 0.340502
0.142716 0.336562
0.136276 0.322654
0.146248 0.329082
0.156965 0.329584
0.158320 0.326568
0.171692 0.328402
0.174500 0.335333
0.181612 0.335092
0.193895 0.314468
0.189814 0.294247
0.179245 0.299383
0.160955 0.308544
0.154621 0.308835
0.152517 0.307249
0.132480 0.301822
0.148819 0.291510
0.154021 0.287860
0.137625 0.278655
0.137885 0.269420
0.140996 0.268368
0.143000 0.265941
0.145871 0.264667
0.148523 0.269922
0.167843 0.273126
0.170276 0.267987
0.163283 0.265096
0.165798 0.254557
0.151710 0.257422
0.157128 0.250961
0.151914 0.240330
0.165006 0.247437
0.174023 0.236245
0.173538 0.229793
0.184747 0.213619
0.189518 0.196367
0.203548 0.204233
0.207438 0.202597
0.212129 0.190669
0.213107 0.196950
0.216581 0.199570
0.209455 0.207759
0.208360 0.214323
0.205712 0.235070
0.212623 0.238987
0.213468 0.241313
0.217331 0.240223
0.220140 0.237900
0.226156 0.241512
0.225282 0.235863
0.225951 0.229401
0.224088 0.224182
0.226877 0.210495
0.258044 0.206975
0.260755 0.198848
0.257769 0.199949
0.230321 0.193318
0.238070 0.186946
0.250539 0.183507
0.248409 0.169751
0.250352 0.151929
0.263732 0.157200
0.270076 0.138023
0.287043 0.148772
0.300918 0.148656
0.305502 0.164785
0.289004 0.164384
0.272730 0.175049
0.275290 0.182419
0.276137 0.183799
0.278312 0.195280
0.279850 0.197223
0.287776 0.201587
0.285568 0.202123
0.276930 0.208553
0.285150 0.218149
0.276279 0.219796
0.267762 0.221129
0.251808 0.232844
0.255850 0.237607
0.259851 0.250308
0.245715 0.256367
0.239964 0.255527
0.233450 0.255996
0.230816 0.267762
0.218876 0.254222
0.211690 0.248428
0.205775 0.259420
0.195108 0.260214
0.185941 0.257235
0.191486 0.273604
0.211215 0.282506
0.216451 0.297346
0.218556 0.299190
0.223780 0.303074
0.205888 0.324841
0.199597 0.332063
0.204316 0.332764
0.205368 0.342531
0.205593 0.344847
0.218084 0.323822
0.221728 0.328904
0.227521 0.349586
0.226971 0.353931
0.222530 0.351391
0.201969 0.357853
0.195572 0.362657
0.200898 0.368948
0.205912 0.370164
0.200945 0.380843
0.193693 0.380542
0.189658 0.382749
0.181205 0.378403
0.178767 0.378951
0.182777 0.363927
0.166566 0.356806
0.149442 0.368499
0.129645 0.374014
0.139942 0.375447
0.153981 0.381011
0.161704 0.380757
0.165666 0.367861
0.172737 0.377712
0.171931 0.386516
0.190479 0.390517
0.183294 0.397467
0.193338 0.411767
0.204824 0.410058
0.200714 0.424115
0.209735 0.423313
0.208118 0.432764
0.213241 0.441854
0.200163 0.439131
0.194268 0.433220
0.192667 0.435510
0.174444 0.432773
0.189172 0.448840
0.193336 0.455154
0.208018 0.462439
0.215316 0.456785
0.222327 0.461699
0.223641 0.459792
0.235004 0.452970
0.235938 0.437980
0.232915 0.434737
0.231597 0.429980
0.234583 0.429022
0.233367 0.417088
0.226406 0.422551
0.216035 0.424928
0.223529 0.412975
0.223449 0.399465
0.217920 0.387917
0.220980 0.387206
0.227085 0.367997
0.237814 0.386528
0.241165 0.386970
0.240702 0.398737
0.235641 0.410822
0.257601 0.414603
0.252487 0.404271
0.254078 0.392748
0.258454 0.381745
0.266914 0.378654
0.249593 0.362706
0.247146 0.347414
0.244256 0.347934
0.231269 0.336707
0.236046 0.317725
0.245736 0.322669
0.258362 0.312376
0.258434 0.309936
0.255111 0.304879
0.241376 0.298152
0.237581 0.297747
0.236251 0.289761
0.239977 0.280840
0.243311 0.278861
0.240710 0.265937
0.251907 0.274961
0.253864 0.273303
0.262103 0.274326
0.270778 0.279218
0.280181 0.269575
0.271611 0.263682
0.271240 0.260946
0.276012 0.261446
0.284473 0.259930
0.286085 0.260543
0.292404 0.255330
0.296415 0.254189
0.304515 0.260613
0.304753 0.266506
0.302872 0.273425
0.300606 0.277097
0.298999 0.284975
0.292138 0.285808
0.286257 0.285952
0.275952 0.282124
0.265463 0.301966
0.265816 0.318899
0.262916 0.331419
0.249977 0.339631
0.266184 0.351911
0.265794 0.355946
0.271222 0.357750
0.273794 0.364841
0.284225 0.363857
0.293757 0.387401
0.312736 0.366282
0.326324 0.363894
0.324122 0.366781
0.326355 0.373002
0.322102 0.379836
0.325372 0.396477
0.328804 0.391073
0.330606 0.387305
0.336045 0.378681
0.336559 0.368420
0.330597 0.349111
0.330765 0.346421
0.319549 0.349428
0.301939 0.340421
0.285773 0.335600
0.302606 0.309430
0.299167 0.297592
0.312644 0.293163
0.315960 0.291612
0.322838 0.286055
0.320951 0.297801
0.313125 0.309845
0.315942 0.312262
0.316556 0.316712
0.319134 0.322664
0.323900 0.319784
0.332984 0.311022
0.336689 0.310829
0.351636 0.307714
0.334326 0.324532
0.348397 0.329430
0.350081 0.335964
0.344706 0.354758
0.353466 0.376908
0.356818 0.364322
0.360496 0.363445
0.367894 0.368890
0.375326 0.366657
0.379319 0.364462
0.378288 0.359071
0.379307 0.357551
0.368408 0.348325
0.386239 0.336470
0.392123 0.330659
0.414680 0.339311
0.415013 0.338554
0.420294 0.332996
0.428445 0.320461
0.423528 0.315756
0.417839 0.318596
0.416615 0.307632
0.416111 0.284146
0.404777 0.295270
0.405066 0.304340
0.402176 0.314425
0.388907 0.317160
0.372398 0.316172
0.373484 0.309124
0.400548 0.303813
0.394141 0.297024
0.382450 0.295105
0.386685 0.292350
0.394548 0.287361
0.394352 0.286842
0.391985 0.274128
0.399655 0.272016
0.414953 0.273884
0.421185 0.261425
0.436954 0.263525
0.440143 0.253652
0.439471 0.249883
0.451709 0.243248
0.456314 0.236597
0.465913 0.237441
0.472468 0.235413
0.470971 0.241005
0.477908 0.246186
0.480446 0.253156
0.490720 0.257776
0.495397 0.256691
0.500289 0.265573
0.506233 0.265199
0.507942 0.269432
0.497750 0.278335
0.490512 0.290220
0.480691 0.284411
0.473880 0.284747
0.463550 0.286944
0.457572 0.286563
0.437465 0.268271
0.438969 0.277311
0.428619 0.295928
0.446215 0.289147
0.457389 0.290113
0.460355 0.297853
0.452285 0.317043
0.466875 0.315429
0.476206 0.312973
0.471089 0.305795
0.476440 0.298308
0.490178 0.310545
0.491023 0.318820
0.486545 0.323211
0.496956 0.325324
0.485442 0.339987
0.498068 0.354133
0.507529 0.366516
0.503700 0.366799
0.497619 0.373479
0.497555 0.378199
0.481236 0.365863
0.479022 0.377431
0.480147 0.382272
0.485466 0.391554
0.493863 0.400733
0.491246 0.402583
0.484606 0.400038
0.480672 0.401202
0.477034 0.407469
0.476600 0.418867
0.473830 0.421581
0.482429 0.421248
0.488285 0.423602
0.491241 0.427380
0.475496 0.434541
0.472172 0.431300
0.465416 0.460801
0.467476 0.465717
0.475290 0.463074
0.474389 0.470397
0.471917 0.480629
0.491933 0.481946
0.495029 0.485381
0.510113 0.490572
0.511642 0.492083
0.494451 0.497623
0.494246 0.507197
0.516741 0.517083
0.514843 0.523524
0.512515 0.538437
0.493610 0.527093
0.478272 0.518221
0.477179 0.513989
0.466310 0.509591
0.467620 0.502713
0.460245 0.499372
0.464413 0.494766
0.465907 0.492908
0.460827 0.489223
0.459698 0.475524
0.448089 0.471096
0.455770 0.485447
0.445303 0.489712
0.454851 0.494689
0.448647 0.513362
0.462098 0.512026
0.463993 0.520278
0.477829 0.532178
0.479349 0.537976
0.490296 0.543713
0.509488 0.556618
0.511810 0.550084
0.530363 0.533294
0.539952 0.530116
0.546475 0.535597
0.546313 0.543642
0.552635 0.544919
0.554361 0.544878
0.548708 0.559480
0.556195 0.570860
0.565986 0.562810
0.567739 0.568374
0.574139 0.574802
0.582103 0.568341
0.575978 0.558883
0.578820 0.558563
0.581719 0.552692
0.582673 0.537000
0.594725 0.536591
0.601957 0.514702
0.621923 0.524415
0.623992 0.525119
0.617253 0.533656
0.623080 0.541028
0.626316 0.537231
0.632064 0.543615
0.646058 0.538335
0.652749 0.537678
0.660705 0.548414
0.651939 0.550519
0.646754 0.562605
0.636921 0.566532
0.627697 0.553158
0.626975 0.552876
0.615545 0.553684
0.608399 0.559945
0.591148 0.547031
0.591907 0.552224
0.595129 0.564779
0.593747 0.572532
0.595456 0.578936
0.588957 0.575728
0.585867 0.585580
0.582180 0.593478
0.565576 0.591584
0.542606 0.580868
0.527622 0.583463
0.526507 0.585323
0.531706 0.589444
0.538541 0.593778
0.547383 0.614248
0.538841 0.618494
0.538221 0.626375
0.532827 0.625987
0.512845 0.619538
0.504252 0.617146
0.479075 0.614299
0.469092 0.617423
0.461531 0.605621
0.460011 0.601475
0.468973 0.604850
0.472053 0.606389
0.499404 0.599702
0.505169 0.593272
0.499624 0.582310
0.485400 0.584524
0.472766 0.559692
0.483730 0.553474
0.469656 0.546650
0.466144 0.545443
0.461918 0.541406
0.453917 0.555844
0.455446 0.561967
0.457929 0.573105
0.458448 0.576953
0.457303 0.579897
0.455363 0.601207
0.443621 0.596311
0.439752 0.621834
0.434789 0.640186
0.443450 0.649648
0.448573 0.651781
0.450173 0.659053
0.443258 0.665129
0.443334 0.672878
0.448370 0.684122
0.437321 0.690398
0.422582 0.691315
0.425408 0.685582
0.427822 0.686458
0.429368 0.674425
0.437735 0.665743
0.431307 0.665530
0.418671 0.665498
0.411654 0.667245
0.419239 0.649108
0.420339 0.629075
0.423726 0.615142
0.417159 0.600430
0.410707 0.600637
0.406313 0.611506
0.400635 0.594018
0.385519 0.602270
0.388792 0.607697
0.379341 0.618433
0.371020 0.607130
0.379915 0.591667
0.376342 0.585540
0.373424 0.579357
0.379322 0.568847
0.389040 0.570394
0.387589 0.563718
0.381004 0.549693
0.390507 0.553457
0.401847 0.550007
0.398074 0.560257
0.394782 0.571422
0.394364 0.576087
0.407190 0.573309
0.408003 0.575574
0.415774 0.575641
0.424160 0.581272
0.423499 0.584175
0.422812 0.591689
0.437723 0.592620
0.431220 0.581998
0.430286 0.580601
0.433873 0.562455
0.428531 0.551364
0.426757 0.549632
0.443451 0.548237
0.434452 0.523088
0.424342 0.517727
0.431398 0.514184
0.435704 0.500486
0.433696 0.496473
0.418058 0.494914
0.413076 0.536368
0.400101 0.537885
0.401245 0.528152
0.386915 0.530464
0.381870 0.532636
0.361008 0.543517
0.353642 0.532760
0.342432 0.537180
0.332688 0.531000
0.327772 0.532901
0.329661 0.529611
0.327199 0.527416
0.335326 0.524487
0.364131 0.526521
0.369400 0.513441
0.381980 0.485696
0.393505 0.487344
0.392940 0.491885
0.392186 0.496298
0.399393 0.499293
0.416388 0.478583
0.427234 0.459912
0.440010 0.458946
0.445054 0.458281
0.445655 0.440202
0.433094 0.436558
0.437061 0.421627
0.447590 0.432004
0.457556 0.426634
0.456769 0.420054
0.454775 0.415211
0.456040 0.408091
0.461042 0.401753
0.458756 0.385113
0.449476 0.382061
0.445651 0.379969
0.432071 0.384323
0.433570 0.370263
0.449756 0.373169
0.455602 0.374195
0.466617 0.356461
0.471211 0.355292
0.465495 0.352711
0.460457 0.344776
0.452506 0.354545
0.447259 0.343043
0.447937 0.335041
0.439096 0.339490
0.432029 0.338534
0.430864 0.349308
0.422610 0.357073
0.415439 0.361349
0.403824 0.367277
0.401341 0.377097
0.415840 0.386202
0.411937 0.394723
0.401064 0.393370
0.401429 0.404477
0.397436 0.402437
0.386092 0.401410
0.395351 0.391475
0.392138 0.384574
0.386048 0.389361
0.384084 0.390479
0.377807 0.392230
0.355369 0.396922
0.340462 0.407637
0.314800 0.411429
0.302742 0.393030
0.302556 0.397409
0.298995 0.410450
0.300587 0.417706
0.325174 0.427511
0.344312 0.421774
0.356460 0.425628
0.361355 0.426272
0.356003 0.433754
0.353335 0.438993
0.366240 0.438442
0.380296 0.437271
0.371924 0.422185
0.372937 0.403565
0.389819 0.422577
0.395510 0.429054
0.417345 0.421980
0.417120 0.434220
0.393889 0.441793
0.404464 0.466567
0.393769 0.458886
0.380585 0.459581
0.377119 0.470147
0.366028 0.468867
0.366131 0.468303
0.363078 0.464229
0.358154 0.462425
0.357770 0.465215
0.358284 0.479311
0.361636 0.492310
0.362134 0.498088
0.355188 0.496948
0.350114 0.495989
0.352264 0.491446
0.341911 0.489555
0.339570 0.480339
0.339539 0.447618
0.340186 0.439375
0.334425 0.443222
0.330253 0.446359
0.325916 0.440117
0.321866 0.438420
0.317926 0.440139
0.323929 0.450203
0.312461 0.452840
0.298855 0.453438
0.278639 0.436282
0.284084 0.428144
0.269361 0.413154
0.262168 0.438632
0.273681 0.444031
0.275668 0.444815
0.281766 0.446606
0.285832 0.463216
0.287476 0.464821
0.294787 0.470540
0.291968 0.476802
0.288469 0.478544
0.287879 0.483944
0.283882 0.500571
0.288064 0.508708
0.307636 0.481215
0.322995 0.500136
0.322058 0.510483
0.317853 0.515383
0.314498 0.520203
0.306955 0.541880
0.300153 0.549861
0.297803 0.552882
0.284638 0.557846
0.283511 0.565325
0.297538 0.572100
0.304574 0.559905
0.309392 0.559873
0.312161 0.556485
0.319209 0.554124
0.319515 0.553491
0.331547 0.553300
0.336262 0.549517
0.335833 0.553639
0.334077 0.560283
0.321096 0.557818
0.313331 0.569197
0.312670 0.582475
0.311298 0.596916
0.310252 0.600178
0.310651 0.604150
0.320651 0.580820
0.327094 0.570869
0.338161 0.573840
0.345362 0.563959
0.347132 0.561228
0.348919 0.568544
0.351111 0.573053
0.348172 0.591152
0.355301 0.599937
0.352872 0.603434
0.347709 0.609115
0.358024 0.627438
0.344889 0.626056
0.334655 0.616778
0.336464 0.628276
0.332809 0.628227
0.333599 0.635342
0.331243 0.644051
0.330560 0.650406
0.327261 0.663796
0.320001 0.657862
0.315972 0.647966
0.316415 0.635152
0.310215 0.628699
0.311200 0.618177
0.305589 0.630689
0.295337 0.630599
0.276637 0.623816
0.286217 0.613029
0.276479 0.605398
0.274183 0.615970
0.257526 0.616065
0.253392 0.603294
0.268888 0.596513
0.269522 0.583140
0.259381 0.573973
0.267041 0.574978
0.272184 0.569167
0.277639 0.566312
0.275163 0.548887
0.267075 0.551915
0.237009 0.571508
0.229414 0.556992
0.222504 0.561516
0.220959 0.552745
0.234412 0.554150
0.246541 0.543721
0.264713 0.542996
0.255649 0.528328
0.257016 0.516100
0.266919 0.519971
0.287487 0.525255
0.275539 0.507939
0.268532 0.491849
0.266650 0.472910
0.258752 0.466635
0.253343 0.456187
0.248377 0.472361
0.239783 0.474137
0.242553 0.479680
0.251164 0.481288
0.253472 0.480175
0.260172 0.487371
0.261917 0.493661
0.256350 0.509541
0.253413 0.510327
0.250211 0.509957
0.243096 0.503525
0.246276 0.513156
0.221903 0.538506
0.223113 0.540607
0.213954 0.542741
0.197961 0.548816
0.204342 0.531120
0.215002 0.527641
0.201799 0.522052
0.209939 0.503172
0.213701 0.502667
0.218208 0.488316
0.210794 0.472847
0.195914 0.469105
0.187079 0.467784
0.164733 0.467447
0.163017 0.468903
0.161453 0.466503
0.164861 0.461785
0.161240 0.450471
0.157569 0.453676
0.151024 0.455749
0.140050 0.457822
0.144963 0.464930
0.157589 0.480459
0.143069 0.479619
0.142640 0.485161
0.125903 0.490981
0.124821 0.495544
0.126309 0.503336
0.146189 0.510223
0.152121 0.508585
0.153750 0.495101
0.154558 0.487311
0.177452 0.490886
0.185434 0.484025
0.189558 0.501581
0.186614 0.513620
0.183160 0.526662
0.188889 0.532636
0.176171 0.530748
0.160599 0.537067
0.157958 0.527913
0.148987 0.528383
0.147641 0.520221
0.128201 0.525215
0.140296 0.530156
0.137964 0.534921
0.156323 0.551860
0.160543 0.559351
0.171958 0.557198
0.172241 0.558190
0.182048 0.557232
0.196559 0.553325
0.195912 0.569859
0.210930 0.585622
0.212411 0.592290
0.216062 0.593629
0.226501 0.594049
0.227843 0.592308
0.228668 0.597683
0.221797 0.599391
0.209599 0.600306
0.201933 0.599108
0.197478 0.591544
0.186036 0.585068
0.188301 0.584102
0.190268 0.579515
0.185357 0.573645
0.188386 0.569008
0.177497 0.567365
0.168928 0.572519
0.165702 0.568145
0.141568 0.562711
0.140877 0.565022
0.138260 0.574186
0.136459 0.578173
0.123599 0.577907
0.127708 0.583256
0.117152 0.602231
0.106199 0.608230
0.104191 0.599504
0.110267 0.590865
0.104983 0.586011
0.093826 0.582747
0.076573 0.579240
0.066107 0.586452
0.051314 0.595734
0.051276 0.598307
0.057038 0.601087
0.051443 0.605619
0.045400 0.611571
0.061653 0.620418
0.064333 0.633938
0.071267 0.622514
0.076785 0.619088
0.073487 0.610450
0.086188 0.601055
0.090994 0.602710
0.096559 0.610866
0.084292 0.614355
0.081267 0.621853
0.078515 0.632484
0.082981 0.634674
0.093019 0.623563
0.096819 0.632990
0.088454 0.644020
0.073673 0.641212
0.075342 0.647619
0.078506 0.650748
0.072394 0.659262
0.077851 0.686016
0.086129 0.680308
0.088586 0.674428
0.105715 0.677275
0.110630 0.686858
0.106936 0.690735
0.087709 0.699085
0.068511 0.711811
0.066858 0.712327
0.053730 0.707955
0.052366 0.702856
0.053587 0.702396
0.055806 0.692681
0.040126 0.682784
0.020674 0.671162
0.020992 0.664037
0.024064 0.657351
0.027067 0.661670
0.049198 0.668157
0.051022 0.664528
0.065462 0.664579
0.062438 0.659070
0.059819 0.657722
0.056747 0.652036
0.052281 0.647309
0.041652 0.650479
0.034976 0.644717
0.022479 0.634235
0.018042 0.630439
0.014895 0.621142
0.028246 0.616822
0.021659 0.612402
0.024816 0.609823
0.031523 0.603238
0.028126 0.603047
0.025735 0.600829
0.009578 0.601225
0.011433 0.605847
0.009664 0.617569
0.000953 0.625056
0.004417 0.645864
0.003633 0.653071
0.015071 0.660370
0.003509 0.679874
0.008728 0.681151
0.009619 0.680962
0.009160 0.698225
0.020747 0.680816
0.025239 0.691084
0.029990 0.699226
0.020837 0.703458
0.013773 0.702098
0.012877 0.710424
0.028814 0.708214
0.035062 0.714983
0.040618 0.732535
0.036831 0.737857
0.033271 0.737297
0.025277 0.737471
0.024338 0.734676
0.022740 0.721473
0.013708 0.739402
0.003291 0.742941
0.019704 0.750241
0.010785 0.753373
0.006347 0.762925
0.011184 0.770912
0.014982 0.773149
0.025391 0.775487
0.028033 0.781542
0.021922 0.783181
0.008941 0.790334
0.002050 0.804201
0.016151 0.820338
0.029547 0.826685
0.038029 0.832505
0.037455 0.835719
0.025060 0.849115
0.042763 0.841954
0.047587 0.850124
0.055077 0.865863
0.050349 0.876700
0.029341 0.888436
0.016554 0.884357
0.004874 0.859935
0.005301 0.851576
0.002340 0.858942
0.003863 0.897264
0.027694 0.899648
0.039170 0.890485
0.060132 0.881640
0.067484 0.884129
0.067442 0.894524
0.072136 0.895339
0.073022 0.901470
0.074487 0.906081
0.082803 0.895715
0.095090 0.891141
0.088289 0.912381
0.087636 0.913284
0.093887 0.916138
0.093775 0.910094
0.103146 0.904679
0.106716 0.911852
0.099991 0.925051
0.095535 0.923882
0.097237 0.936817
0.111476 0.934028
0.117200 0.928114
0.115046 0.923017
0.130255 0.928645
0.130471 0.937842
0.127076 0.936653
0.122421 0.938794
0.122111 0.954998
0.127782 0.968864
0.109898 0.957532
0.103200 0.974688
0.099634 0.969436
0.099300 0.966133
0.094250 0.958474
0.095140 0.940772
0.077062 0.947960
0.060061 0.946456
0.065006 0.931153
0.065845 0.927414
0.059026 0.929191
0.044875 0.903619
0.042896 0.923973
0.035743 0.931329
0.032714 0.928901
0.022163 0.921468
0.003506 0.939475
0.016599 0.954213
0.012968 0.957619
0.010167 0.958168
0.014145 0.961882
0.023608 0.959964
0.037545 0.956526
0.031966 0.961696
0.021707 0.967138
0.005924 0.969599
0.002858 0.970850
0.014102 0.991145
0.014654 0.993664
0.012830 0.999837
0.018521 0.996069
0.024196 0.996188
0.032107 0.991518
0.042178 0.992659
0.048109 0.993274
0.058773 0.989574
0.049453 0.980890
0.036962 0.976204
0.041961 0.974551
0.042553 0.973932
0.053716 0.973280
0.058913 0.969489
0.060857 0.965779
0.081682 0.982938
0.072862 0.992884
0.086139 0.997539
0.096783 0.992603
0.097828 0.986931
0.102745 0.982507
0.103927 0.983526
0.121135 0.991352
0.135057 0.999122
0.147978 0.991151
0.141390 0.988037
0.136189 0.972005
0.147343 0.948902
0.149406 0.945710
0.140005 0.940045
0.147981 0.931475
0.158873 0.933956
0.167768 0.938746
0.165283 0.939935
0.161577 0.950250
0.167780 0.947433
0.172099 0.949986
0.187085 0.952080
0.193594 0.950297
0.194898 0.952660
0.188306 0.962934
0.181263 0.958780
0.176651 0.977890
0.187093 0.985483
0.194681 0.991286
0.200553 0.987548
0.206355 0.988726
0.214353 0.999904
0.223011 0.988565
0.210077 0.976560
0.202712 0.969975
0.198953 0.965994
0.216466 0.948529
0.220121 0.943460
0.232202 0.932232
0.251508 0.933646
0.270775 0.937698
0.257082 0.956327
0.261384 0.960910
0.258341 0.965644
0.257911 0.966553
0.248568 0.967688
0.248363 0.973344
0.257104 0.975743
0.262413 0.971908
0.265610 0.981263
0.270438 0.982078
0.274552 0.975562
0.288676 0.975071
0.292732 0.979742
0.294447 0.994323
0.301791 0.996214
0.307099 0.991250
0.329016 0.994969
0.343946 0.993431
0.342828 0.981343
0.322243 0.981592
0.323830 0.978687
0.326245 0.967157
0.302397 0.968930
0.300317 0.961416
0.287968 0.960187
0.307893 0.949075
0.313439 0.947319
0.321641 0.943053
0.321163 0.935867
0.318174 0.931133
0.302765 0.926530
0.311396 0.917629
0.330085 0.933229
0.337405 0.931669
0.343975 0.942866
0.344178 0.949710
0.349663 0.950181
0.350607 0.947519
0.358565 0.955707
0.384502 0.963639
0.386499 0.950878
0.400780 0.950718
0.403514 0.951998
0.400385 0.956923
0.391624 0.961186
0.394807 0.963469
0.399896 0.966229
0.395234 0.967220
0.389450 0.973129
0.384301 0.972287
0.373728 0.972669
0.369601 0.976891
0.372985 0.982193
0.362661 0.980030
0.350948 0.984698
0.348814 0.990820
0.360226 0.990636
0.362667 0.993380
0.365489 0.994806
0.367769 0.995514
0.372053 0.993628
0.384187 0.992963
0.392881 0.992773
0.401054 0.989913
0.405606 0.975417
0.418778 0.960480
0.425907 0.968287
0.428352 0.976548
0.419139 0.983252
0.421116 0.990467
0.447299 0.987066
0.431663 0.955179
0.432633 0.942170
0.439806 0.944014
0.439643 0.947742
0.449430 0.956120
0.459860 0.944946
0.471504 0.943473
0.464706 0.957017
0.461025 0.969472
0.451653 0.977902
0.453450 0.980312
0.458784 0.981151
0.469788 0.982415
0.468230 0.988487
0.486906 0.989763
0.489064 0.989391
0.491186 0.980047
0.489311 0.976442
0.500352 0.959003
0.517801 0.979327
0.515919 0.993267
0.529662 0.988873
0.531222 0.982058
0.534051 0.990496
0.537322 0.991206
0.544729 0.989562
0.564311 0.989697
0.574778 0.962770
0.579165 0.961501
0.568265 0.951566
0.548077 0.960176
0.546725 0.964522
0.537544 0.961944
0.535002 0.971478
0.532234 0.973140
0.531106 0.968290
0.534581 0.959446
0.526959 0.952987
0.513205 0.936474
0.512282 0.928373
0.507249 0.941370
0.486201 0.941276
0.474149 0.945773
0.478465 0.937986
0.484077 0.932674
0.467896 0.912477
0.467580 0.905363
0.462231 0.900547
0.477737 0.899783
0.478623 0.903671
0.479708 0.902863
0.504751 0.891233
0.512663 0.909838
0.510470 0.914531
0.518621 0.921809
0.533764 0.936474
0.548975 0.949512
0.547610 0.944460
0.550581 0.937874
0.551385 0.931450
0.551593 0.925519
0.555177 0.925499
0.562938 0.935126
0.564097 0.935451
0.568016 0.924843
0.572847 0.928932
0.577507 0.940799
0.582800 0.933480
0.587599 0.930164
0.580622 0.915367
0.577203 0.910680
0.577075 0.903820
0.566282 0.904366
0.557781 0.892751
0.557111 0.891761
0.560816 0.884698
0.547419 0.887814
0.548595 0.902746
0.546891 0.907606
0.525072 0.911674
0.530855 0.905595
0.531594 0.882046
0.539557 0.879323
0.531065 0.870314
0.528274 0.864883
0.512070 0.872590
0.490959 0.868615
0.490216 0.883145
0.490399 0.890322
0.482222 0.880577
0.467195 0.889405
0.454037 0.877015
0.453776 0.874955
0.447739 0.866135
0.445893 0.859362
0.444465 0.858448
0.442552 0.863935
0.427858 0.875419
0.417994 0.876853
0.423898 0.897538
0.429426 0.907129
0.442732 0.890135
0.446573 0.893822
0.448132 0.899891
0.444589 0.913514
0.451049 0.913444
0.451014 0.921770
0.434471 0.932988
0.424127 0.937579
0.416562 0.948470
0.411601 0.933757
0.417921 0.918776
0.416588 0.906530
0.413476 0.895807
0.409761 0.915714
0.405109 0.919059
0.402440 0.917563
0.400665 0.918228
0.397704 0.923156
0.393955 0.918720
0.377778 0.926731
0.364895 0.923993
0.345463 0.909718
0.343219 0.914384
0.338536 0.917735
0.336518 0.919097
0.325732 0.920709
0.331555 0.909032
0.324935 0.905283
0.342440 0.889774
0.334681 0.888441
0.329530 0.880731
0.324245 0.877536
0.314263 0.871073
0.303793 0.871256
0.291526 0.871515
0.304561 0.883173
0.298257 0.893893
0.291709 0.885535
0.277911 0.890156
0.284261 0.909774
0.288154 0.918079
0.285785 0.920995
0.261376 0.917762
0.258617 0.914906
0.250540 0.914929
0.256291 0.902339
0.267384 0.893073
0.256213 0.877311
0.246134 0.889682
0.235877 0.906766
0.210209 0.903621
0.204931 0.901934
0.203859 0.912405
0.197292 0.917348
0.182163 0.924334
0.179905 0.925088
0.180731 0.931121
0.170213 0.926202
0.172873 0.919083
0.156657 0.906890
0.155133 0.906088
0.155276 0.887300
0.164658 0.891009
0.170126 0.895830
0.184588 0.895579
0.208470 0.890357
0.213101 0.881347
0.222031 0.871922
0.217664 0.861483
0.221348 0.860778
0.221635 0.855937
0.239595 0.862660
0.245169 0.858447
0.249326 0.855065
0.254426 0.857713
0.269169 0.849998
0.276828 0.838388
0.265246 0.836850
0.258072 0.830027
0.248023 0.828991
0.246822 0.826539
0.228738 0.822596
0.217195 0.827946
0.227258 0.836701
0.212731 0.842177
0.210652 0.840383
0.211341 0.843759
0.206587 0.857407
0.205418 0.871195
0.191241 0.866221
0.191212 0.857176
0.194208 0.848709
0.199741 0.843355
0.194731 0.839724
0.196127 0.833724
0.189156 0.832674
0.179321 0.822589
0.181862 0.817136
0.184756 0.816250
0.192574 0.812220
0.218722 0.815343
0.235611 0.814084
0.247017 0.818868
0.249229 0.804355
0.255328 0.815903
0.261545 0.812890
0.263135 0.817175
0.289515 0.817924
0.292081 0.812265
0.293242 0.807730
0.313736 0.812378
0.310706 0.821687
0.311050 0.822587
0.309163 0.822473
0.290954 0.824274
0.298721 0.832727
0.309534 0.842338
0.314193 0.843420
0.323965 0.819700
0.342891 0.818610
0.343456 0.819436
0.356633 0.811030
0.343534 0.810881
0.340886 0.800897
0.338931 0.796313
0.328332 0.795578
0.313107 0.793785
0.302629 0.789679
0.295339 0.795180
0.292760 0.791135
0.280250 0.787066
0.278988 0.797143
0.272316 0.792704
0.268186 0.798942
0.261710 0.799876
0.254865 0.797457
0.266705 0.791757
0.256197 0.772982
0.271613 0.777189
0.284683 0.760154
0.297029 0.770336
0.307005 0.758273
0.327312 0.756149
0.329990 0.752477
0.311246 0.748634
0.309197 0.747099
0.306440 0.743371
0.304518 0.738013
0.292500 0.749259
0.273069 0.737119
0.262425 0.726488
0.251595 0.721412
0.252245 0.725559
0.255957 0.731682
0.256095 0.734334
0.245363 0.741990
0.246132 0.753844
0.236595 0.749295
0.231487 0.755052
0.232235 0.757733
0.233451 0.763827
0.232283 0.771101
0.236299 0.781798
0.239286 0.790362
0.231312 0.790637
0.225801 0.792867
0.226798 0.778696
0.224383 0.774246
0.220677 0.776954
0.213920 0.780654
0.220377 0.770920
0.222334 0.762744
0.225756 0.751933
0.215943 0.741753
0.225835 0.733361
0.233545 0.704504
0.218202 0.703505
0.202186 0.708919
0.201186 0.712491
0.208598 0.716283
0.217212 0.714400
0.211546 0.728121
0.200665 0.743542
0.200000 0.744228
0.181204 0.739768
0.184827 0.729569
0.180194 0.727313
0.167990 0.722727
0.183974 0.716484
0.171797 0.698405
0.152245 0.706410
0.161457 0.728262
0.167650 0.742616
0.191716 0.760311
0.199326 0.758275
0.197842 0.767283
0.206171 0.782423
0.206148 0.785533
0.201643 0.793797
0.196147 0.788902
0.188584 0.788937
0.188911 0.795614
0.177895 0.792613
0.164197 0.772891
0.158084 0.783411
0.156835 0.798737
0.169440 0.796105
0.169932 0.798724
0.166493 0.804122
0.171080 0.814087
0.163427 0.824698
0.158398 0.813392
0.154712 0.809375
0.149788 0.811010
0.142472 0.800334
0.137736 0.793476
0.137271 0.793660
0.132684 0.789226
0.126725 0.792474
0.130274 0.800522
0.134374 0.800947
0.128198 0.805887
0.141181 0.814345
0.135234 0.831618
0.127623 0.842906
0.135478 0.839593
0.156287 0.849420
0.163876 0.846726
0.172293 0.849131
0.169113 0.853283
0.157103 0.850613
0.137604 0.856617
0.125045 0.854594
0.117751 0.859031
0.103605 0.846150
0.109112 0.859001
0.120547 0.866621
0.130549 0.863161
0.130757 0.869242
0.130211 0.879363
0.130511 0.883151
0.131738 0.882557
0.145836 0.899036
0.142304 0.903428
0.139593 0.902107
0.138066 0.904883
0.133730 0.911322
0.131280 0.899324
0.119256 0.895747
0.113966 0.888993
0.111771 0.881060
0.112230 0.866777
0.098734 0.876802
0.082366 0.880272
0.077240 0.857103
0.085814 0.852433
0.088960 0.851757
0.084215 0.846885
0.091176 0.826517
0.077172 0.820189
0.086496 0.802975
0.088865 0.799836
0.105697 0.802951
0.118313 0.798325
0.100747 0.773035
0.090001 0.780595
0.085256 0.770891
0.080074 0.773983
0.059463 0.770177
0.072085 0.784760
0.075348 0.782310
0.085172 0.787975
0.062088 0.809773
0.060884 0.814114
0.061785 0.823969
0.059982 0.826943
0.057372 0.833255
0.056443 0.824487
0.054184 0.812500
0.055918 0.810992
0.050136 0.804630
0.042475 0.796789
0.037468 0.776835
0.031544 0.757171
0.051782 0.754259
0.055135 0.743231
0.073236 0.744830
0.073454 0.746556
0.081249 0.746224
0.082465 0.757087
0.084494 0.766080
0.096246 0.754069
0.098537 0.750329
0.091270 0.746047
0.101172 0.744782
0.109036 0.747296
0.105712 0.756700
0.113737 0.751695
0.127888 0.763416
0.128553 0.753785
0.131928 0.753557
0.136956 0.755548
0.141296 0.752306
0.137207 0.740067
0.116528 0.733234
0.096081 0.724867
0.095336 0.716691
0.119809 0.707326
0.122221 0.709410
0.131635 0.707140
0.148026 0.708242
0.125195 0.687189
0.124008 0.683907
0.128976 0.682072
0.145944 0.671727
0.131421 0.671795
0.127501 0.667903
0.129586 0.666579
0.126237 0.653126
0.121912 0.654927
0.118163 0.641012
0.133865 0.639703
0.130331 0.628359
0.121404 0.624563
0.128017 0.610770
0.139498 0.600272
0.146372 0.600194
0.165299 0.578227
0.165561 0.582634
0.168743 0.590367
0.176826 0.597911
0.171801 0.607136
0.168043 0.615362
0.186217 0.623280
0.197812 0.608333
0.197491 0.614143
0.198244 0.623344
0.202279 0.632735
0.194951 0.636572
0.192030 0.633196
0.177665 0.632446
0.164089 0.641762
0.164183 0.625932
0.149406 0.623197
0.148074 0.642176
0.152646 0.643718
0.157733 0.653110
0.160597 0.655077
0.146993 0.668810
0.173242 0.660732
0.179939 0.670818
0.173219 0.676257
0.187399 0.689335
0.195562 0.696299
0.188151 0.684369
0.187227 0.665869
0.186463 0.663093
0.189981 0.661201
0.192503 0.661058
0.196787 0.660188
0.213480 0.643515
0.220684 0.620289
0.229763 0.605756
0.237858 0.605193
0.242801 0.614876
0.242144 0.622898
0.233367 0.628342
0.236535 0.636091
0.235918 0.636838
0.234403 0.640132
0.248635 0.652299
0.248183 0.631793
0.253570 0.622870
0.266408 0.626745
0.271258 0.630569
0.265320 0.639417
0.268005 0.644788
0.264088 0.658097
0.287909 0.656783
0.311547 0.672798
0.329994 0.690719
0.324812 0.703995
0.319196 0.701687
0.313876 0.692118
0.307498 0.686489
0.301242 0.699368
0.288235 0.680524
0.280750 0.690919
0.277721 0.686615
0.261802 0.693499
0.254363 0.680722
0.252526 0.673380
0.256007 0.669057
0.252583 0.669762
0.245051 0.671573
0.225604 0.668856
0.224534 0.669053
0.236369 0.674445
0.252339 0.695419
0.257704 0.709698
0.275788 0.716096
0.278627 0.710546
0.290533 0.705083
0.291107 0.725105
0.294496 0.729254
0.317211 0.727320
0.321149 0.730749
0.326958 0.715668
0.325692 0.709780
0.347255 0.718296
0.368383 0.717281
0.365563 0.706477
0.360331 0.707629
0.358524 0.689478
0.366023 0.685276
0.370301 0.679134
0.356308 0.677839
0.350516 0.672326
0.349137 0.672939
0.346124 0.668492
0.336621 0.672307
0.339652 0.657993
0.348774 0.657187
0.353248 0.644724
0.363344 0.647147
0.369408 0.649365
0.366840 0.655027
0.368728 0.661418
0.371923 0.660168
0.375284 0.650610
0.377321 0.646055
0.365489 0.633102
0.378825 0.631913
0.400520 0.632065
0.401276 0.637804
0.400855 0.646979
0.398137 0.647358
0.393880 0.658371
0.377753 0.681366
0.381444 0.684483
0.397012 0.679460
0.408382 0.678908
0.406786 0.690562
0.417464 0.707460
0.414327 0.708714
0.401403 0.711976
0.382344 0.703035
0.376485 0.713544
0.388464 0.735699
0.409090 0.734745
0.418307 0.733632
0.437417 0.734304
0.441367 0.728956
0.432463 0.718825
0.426320 0.725699
0.427203 0.722587
0.427093 0.712357
0.427975 0.703932
0.442521 0.713194
0.446245 0.717476
0.460432 0.713236
0.465890 0.713755
0.474702 0.725759
0.470423 0.729516
0.468618 0.730025
0.479799 0.738322
0.471481 0.746326
0.466870 0.742337
0.453582 0.746217
0.424278 0.752471
0.422389 0.751717
0.421716 0.750201
0.413679 0.749142
0.400268 0.756573
0.391274 0.771295
0.376125 0.762680
0.363745 0.773109
0.360802 0.756742
0.350651 0.753485
0.348308 0.748981
0.350016 0.736404
0.341611 0.738882
0.341824 0.745319
0.340814 0.756624
0.340607 0.773829
0.337219 0.771913
0.336841 0.770584
0.322454 0.773397
0.330284 0.780754
0.356650 0.790850
0.370165 0.782822
0.375366 0.775163
0.375256 0.793070
0.374467 0.811234
0.372585 0.815608
0.368710 0.813045
0.365937 0.818205
0.387617 0.833586
0.385893 0.840234
0.373306 0.842283
0.359198 0.840612
0.350555 0.873121
0.369612 0.874636
0.369155 0.890860
0.396095 0.877872
0.394898 0.873633
0.387088 0.873258
0.379700 0.856443
0.390886 0.854860
0.406014 0.853297
0.420378 0.850106
0.421879 0.843700
0.422079 0.841189
0.408762 0.824763
0.406467 0.818153
0.407456 0.810635
0.400473 0.807861
0.397676 0.810942
0.386423 0.809620
0.392630 0.805490
0.394559 0.802289
0.409198 0.804503
0.413029 0.800072
0.417777 0.806922
0.419416 0.817886
0.430520 0.818520
0.443007 0.834389
0.441546 0.844089
0.453096 0.834516
0.445164 0.819473
0.440817 0.814881
0.439532 0.808619
0.438555 0.804537
0.432773 0.791870
0.435941 0.769720
0.449760 0.772057
0.451399 0.778852
0.454099 0.782487
0.455748 0.794173
0.458959 0.803761
0.471519 0.807388
0.473248 0.802009
0.477204 0.806460
0.488684 0.817914
0.488725 0.823969
0.471006 0.825474
0.475628 0.831320
0.469468 0.845129
0.479053 0.861507
0.471777 0.866032
0.473259 0.865930
0.476114 0.866421
0.489618 0.864288
0.493061 0.848524
0.499563 0.845176
0.490611 0.843613
0.488116 0.830822
0.494544 0.826836
0.517561 0.836111
0.512571 0.845337
0.521931 0.851038
0.523067 0.856146
0.533763 0.848988
0.537490 0.855437
0.553334 0.849808
0.556719 0.845238
0.561141 0.840052
0.569487 0.854853
0.571059 0.852105
0.573717 0.839671
0.587255 0.844643
0.590899 0.848885
0.604168 0.840394
0.599676 0.839600
0.583370 0.823690
0.580871 0.818175
0.580477 0.822226
0.578696 0.825011
0.573611 0.837441
0.566339 0.824917
0.571703 0.812713
0.568352 0.797274
0.556042 0.791001
0.550969 0.788581
0.553368 0.794839
0.548069 0.812644
0.540267 0.824100
0.537911 0.825814
0.529532 0.824389
0.528115 0.825506
0.521882 0.818068
0.521229 0.816223
0.524122 0.810515
0.529850 0.809434
0.531440 0.808741
0.528384 0.800405
0.517192 0.813640
0.510585 0.815244
0.491158 0.813438
0.497586 0.804128
0.493806 0.798131
0.514844 0.801978
0.515741 0.794903
0.518869 0.773043
0.513126 0.766850
0.495131 0.761361
0.497538 0.778701
0.494853 0.780718
0.486984 0.774716
0.475255 0.771422
0.464553 0.772030
0.462160 0.763688
0.476980 0.764205
0.493071 0.739671
0.511348 0.743098
0.505975 0.737497
0.492292 0.725463
0.493532 0.719757
0.497603 0.717164
0.497858 0.715371
0.503386 0.708548
0.512371 0.709113
0.513075 0.719774
0.516841 0.715979
0.528999 0.709770
0.547979 0.730701
0.554434 0.722742
0.563214 0.728171
0.567415 0.741412
0.548209 0.745128
0.546052 0.739129
0.531347 0.743218
0.535928 0.762900
0.543801 0.768303
0.534327 0.781809
0.542795 0.778356
0.568801 0.775411
0.569014 0.776462
0.579590 0.785634
0.595389 0.784424
0.603231 0.795987
0.617742 0.799296
0.617303 0.793954
0.609784 0.782711
0.614512 0.766896
0.601966 0.758987
0.597375 0.752815
0.582219 0.743566
0.582012 0.738380
0.578809 0.710983
0.597971 0.706117
0.597381 0.696944
0.591474 0.688673
0.607537 0.693173
0.631920 0.699500
0.621779 0.676370
0.613784 0.674590
0.606512 0.678001
0.592813 0.680676
0.593430 0.677831
0.597853 0.667682
0.594920 0.656303
0.589786 0.656996
0.591206 0.669034
0.584053 0.668443
0.579294 0.680564
0.570380 0.678803
0.570840 0.687527
0.554228 0.681372
0.556198 0.690138
0.549727 0.691872
0.547613 0.692522
0.531375 0.704668
0.527844 0.705374
0.522221 0.697094
0.513306 0.689818
0.499853 0.679117
0.497107 0.689664
0.481151 0.700243
0.470401 0.691333
0.479739 0.682783
0.475328 0.677130
0.478103 0.667871
0.487508 0.675959
0.500516 0.672256
0.502089 0.671908
0.505136 0.666004
0.478210 0.655903
0.460750 0.656357
0.467910 0.641178
0.474418 0.645608
0.480813 0.649271
0.478302 0.633523
0.493885 0.636401
0.508496 0.634008
0.516844 0.639337
0.520146 0.649186
0.514164 0.654079
0.513098 0.657413
0.527709 0.652853
0.529815 0.678464
0.551040 0.674338
0.551221 0.673294
0.558328 0.665818
0.563458 0.665602
0.570088 0.668203
0.570505 0.651769
0.559071 0.652226
0.539607 0.651416
0.545523 0.649640
0.559736 0.639206
0.571310 0.635298
0.558237 0.626840
0.552346 0.621065
0.570501 0.620918
0.589570 0.629466
0.592784 0.618778
0.590866 0.614739
0.579633 0.616972
0.582455 0.607027
0.594518 0.596748
0.597383 0.587283
0.610750 0.577313
0.610951 0.578400
0.626365 0.582504
0.630970 0.583705
0.634172 0.576563
0.659944 0.602571
0.654501 0.604263
0.639908 0.601821
0.638666 0.602489
0.635147 0.599509
0.635929 0.595584
0.620779 0.593248
0.611396 0.605425
0.612320 0.617583
0.624985 0.613885
0.630282 0.621399
0.641300 0.621510
0.653953 0.621163
0.650730 0.630034
0.644261 0.635100
0.649442 0.654456
0.643604 0.649460
0.635692 0.648968
0.622345 0.647433
0.627106 0.657460
0.631903 0.672551
0.649405 0.663856
0.650888 0.680717
0.665509 0.675479
0.666123 0.673483
0.666217 0.671030
0.670603 0.668075
0.673233 0.666550
0.685476 0.666145
0.691044 0.674639
0.692369 0.678156
0.696443 0.681610
0.682596 0.683999
0.675676 0.677735
0.680490 0.691925
0.690290 0.694867
0.681659 0.698886
0.676566 0.705237
0.673256 0.721036
0.673150 0.728705
0.671861 0.721063
0.663626 0.699049
0.662650 0.699638
0.648698 0.702360
0.650541 0.710564
0.650000 0.720766
0.635708 0.722248
0.620650 0.729243
0.613224 0.730827
0.611232 0.734650
0.609266 0.737924
0.619440 0.747963
0.624087 0.748435
0.621240 0.751613
0.621209 0.761630
0.625483 0.763469
0.632485 0.764516
0.636225 0.763698
0.637785 0.756939
0.647608 0.753202
0.647773 0.749208
0.650520 0.750570
0.675114 0.756548
0.668023 0.762458
0.648263 0.765652
0.638690 0.772076
0.652999 0.781068
0.653969 0.780473
0.663990 0.774683
0.668022 0.782837
0.649707 0.805641
0.655203 0.815016
0.654183 0.817362
0.630311 0.808926
0.622747 0.823003
0.630747 0.825678
0.654181 0.850452
0.650392 0.853958
0.634272 0.860724
0.633863 0.858611
0.622791 0.848577
0.619262 0.861420
0.611525 0.860720
0.603942 0.858842
0.594475 0.863671
0.579653 0.863223
0.579674 0.870896
0.573160 0.875056
0.571616 0.881065
0.574167 0.879641
0.588707 0.878244
0.595429 0.876058
0.591684 0.883435
0.602019 0.895319
0.611340 0.901291
0.615060 0.904574
0.611273 0.894608
0.612437 0.891285
0.611885 0.889974
0.614449 0.886976
0.611526 0.880278
0.607784 0.874841
0.634558 0.887283
0.637004 0.894562
0.644202 0.893305
0.635382 0.908278
0.605740 0.926974
0.606855 0.929525
0.602582 0.937888
0.589899 0.942798
0.588532 0.956024
0.601164 0.958521
0.614723 0.951235
0.618505 0.947638
0.640543 0.961659
0.643866 0.967733
0.635911 0.975100
0.631173 0.984678
0.629975 0.981695
0.625127 0.977151
0.616209 0.988237
0.608363 0.990125
0.582818 0.992414
0.601495 0.996792
0.604095 0.995550
0.617620 0.996802
0.637669 0.998204
0.643028 0.993097
0.642139 0.977725
0.652155 0.973294
0.647427 0.970308
0.649554 0.939058
0.652348 0.943490
0.663127 0.956676
0.664196 0.963934
0.664932 0.963986
0.668558 0.964169
0.677718 0.958093
0.678386 0.962297
0.688256 0.962861
0.675821 0.980939
0.659980 0.995113
0.666892 0.997166
0.669457 0.999793
0.674283 0.990231
0.687534 0.997055
0.692314 0.991021
0.696094 0.987319
0.703835 0.978804
0.705234 0.985566
0.699666 0.991981
0.706466 0.999963
0.721154 0.994787
0.721084 0.993676
0.725172 0.982791
0.739242 0.981377
0.740960 0.979953
0.727864 0.968992
0.723942 0.955519
0.719391 0.953913
0.710537 0.965133
0.698338 0.944044
0.683062 0.944622
0.683064 0.944403
0.670010 0.933294
0.669910 0.929059
0.652721 0.931511
0.642794 0.933874
0.655049 0.922731
0.656439 0.916925
0.668212 0.914431
0.657771 0.904318
0.661999 0.898530
0.648086 0.888866
0.642736 0.885127
0.667647 0.887052
0.669437 0.897917
0.679400 0.910296
0.696118 0.905300
0.706030 0.904042
0.715305 0.901500
0.709937 0.892612
0.701572 0.885800
0.693469 0.889841
0.689928 0.892946
0.693740 0.880900
0.706974 0.863491
0.696592 0.860537
0.696511 0.849216
0.673143 0.859582
0.666498 0.864428
0.659078 0.849798
0.681385 0.837322
0.696955 0.836891
0.691042 0.823995
0.703409 0.823792
0.710298 0.821215
0.709739 0.842036
0.718825 0.840165
0.713798 0.833102
0.720637 0.819004
0.724097 0.815711
0.729394 0.810833
0.715996 0.807207
0.702032 0.798350
0.696569 0.795250
0.681633 0.809991
0.677415 0.806487
0.674971 0.804899
0.680215 0.804113
0.679654 0.803232
0.681753 0.784846
0.693881 0.772090
0.701382 0.752026
0.702879 0.781278
0.708995 0.794432
0.719594 0.783753
0.719328 0.774578
0.731775 0.782448
0.728580 0.795771
0.743743 0.790996
0.745793 0.805935
0.760257 0.802857
0.758572 0.817782
0.767814 0.829053
0.756207 0.836483
0.741275 0.835572
0.740445 0.823898
0.730625 0.834945
0.728137 0.848639
0.744561 0.844003
0.765685 0.844496
0.762998 0.850617
0.759460 0.854298
0.748023 0.866749
0.748438 0.862087
0.742855 0.854483
0.724595 0.861057
0.729116 0.888697
0.736844 0.898951
0.724358 0.910766
0.723321 0.918218
0.718489 0.930202
0.715698 0.929517
0.715834 0.933366
0.735834 0.925511
0.734433 0.919567
0.732894 0.919238
0.743014 0.909307
0.748069 0.916306
0.757614 0.915348
0.755221 0.927397
0.753563 0.929968
0.767058 0.921110
0.772900 0.940078
0.779701 0.943515
0.779245 0.950078
0.772180 0.952476
0.761986 0.958866
0.742804 0.945840
0.740047 0.956979
0.751475 0.970492
0.757314 0.970912
0.756715 0.976627
0.754811 0.997883
0.762932 0.990074
0.765108 0.991125
0.776213 0.979294
0.789472 0.983112
0.793629 0.985052
0.792596 0.994312
0.800691 0.986052
0.819661 0.994498
0.839054 0.987718
0.848011 0.976364
0.857783 0.985597
0.871260 0.994935
0.887799 0.994174
0.897248 0.999767
0.899415 0.990727
0.919751 0.995084
0.932884 0.988990
0.930323 0.978594
0.939851 0.967012
0.958779 0.969898
0.955647 0.973952
0.955057 0.976828
0.968311 0.994197
0.992587 0.992835
0.991964 0.983567
0.971783 0.978436
0.970552 0.968581
0.974196 0.966006
0.979654 0.967549
0.979358 0.947680
0.978972 0.940369
0.972225 0.926837
0.955141 0.925286
0.972778 0.912025
0.971646 0.899565
0.958734 0.911342
0.953359 0.899895
0.958702 0.893906
0.958957 0.881045
0.987795 0.900805
0.993461 0.905657
0.990296 0.885022
0.976117 0.877624
0.975515 0.864331
0.952322 0.847586
0.943816 0.835663
0.957251 0.822753
0.960183 0.821600
0.962980 0.830800
0.963629 0.841968
0.971198 0.842289
0.973126 0.843552
0.976992 0.851053
0.990455 0.857152
0.992567 0.858513
0.990850 0.855498
0.990926 0.849111
0.998666 0.834038
0.996956 0.825040
0.978350 0.813641
0.968022 0.798977
0.954128 0.793443
0.965809 0.790066
0.973929 0.788364
0.965649 0.773624
0.956420 0.753856
0.973566 0.740228
0.973206 0.742404
0.984905 0.766641
0.987117 0.771030
0.993553 0.790879
0.999743 0.781215
0.998827 0.759844
0.988350 0.758238
0.989702 0.753255
0.995626 0.736245
0.971604 0.733280
0.975442 0.717794
0.965559 0.708873
0.954651 0.712651
0.939536 0.719743
0.939212 0.719652
0.945548 0.709835
0.947428 0.702590
0.942913 0.699938
0.939585 0.693603
0.949693 0.689229
0.953881 0.693557
0.961276 0.693097
0.967223 0.699959
0.982291 0.709037
0.991773 0.719550
0.995171 0.711543
0.984222 0.687789
0.977810 0.678793
0.988825 0.670718
0.993491 0.655539
0.999355 0.653658
0.990236 0.640376
0.988050 0.633671
0.975470 0.641700
0.986281 0.644362
0.983873 0.659387
0.967077 0.674598
0.963963 0.683432
0.948313 0.668915
0.941980 0.676342
0.920493 0.684994
0.917379 0.694025
0.908032 0.697553
0.910551 0.684320
0.916715 0.672666
0.933689 0.663822
0.942130 0.649251
0.947387 0.643834
0.955791 0.631878
0.961141 0.625363
0.963705 0.620558
0.943410 0.631650
0.942309 0.627733
0.930261 0.627103
0.923807 0.628556
0.920230 0.643012
0.931247 0.650160
0.923106 0.651367
0.924418 0.653303
0.921352 0.656696
0.911104 0.652072
0.905891 0.648547
0.909749 0.645986
0.907323 0.641764
0.904859 0.629719
0.902792 0.620674
0.893875 0.618436
0.887238 0.609160
0.883900 0.592106
0.885914 0.587049
0.895845 0.577177
0.921077 0.568358
0.924894 0.578666
0.912538 0.588987
0.920408 0.595681
0.914581 0.595241
0.909182 0.597480
0.900749 0.592783
0.903948 0.596008
0.911638 0.607092
0.914257 0.605959
0.927545 0.614188
0.928013 0.609711
0.925798 0.595330
0.928620 0.594325
0.931728 0.601853
0.938446 0.602767
0.947048 0.603336
0.952748 0.605726
0.953618 0.591738
0.962520 0.598500
0.965656 0.604739
0.966112 0.601611
0.966736 0.596619
0.970278 0.590028
0.974708 0.592666
0.987780 0.608629
0.988487 0.611184
0.993725 0.600941
0.990923 0.587977
0.995287 0.580042
0.993678 0.581436
0.976807 0.588482
0.970556 0.581208
0.970291 0.573543
0.971581 0.570353
0.979653 0.569733
0.978523 0.577612
0.990216 0.572794
0.993946 0.567894
0.972937 0.556711
0.965180 0.547014
0.973468 0.548258
0.999231 0.525001
0.997258 0.523258
0.995726 0.515870
0.985960 0.522316
0.982294 0.524981
0.972885 0.529999
0.954193 0.537287
0.959562 0.551679
0.931534 0.547459
0.931368 0.549375
0.925201 0.555971
0.926774 0.550751
0.922016 0.529452
0.943556 0.534599
0.943577 0.523716
0.930832 0.512038
0.936454 0.510726
0.954234 0.513283
0.954631 0.513335
0.975811 0.498450
0.980798 0.491020
0.993367 0.495989
0.999691 0.476014
0.991951 0.457976
0.981879 0.455356
0.979317 0.451865
0.974644 0.451897
0.965985 0.457918
0.965863 0.458912
0.965386 0.466255
0.983557 0.475092
0.988932 0.476590
0.969384 0.482593
0.954497 0.488044
0.954441 0.485207
0.954581 0.460472
0.958030 0.454502
0.933244 0.446510
0.917015 0.456184
0.934404 0.469294
0.937853 0.492722
0.933209 0.502156
0.904232 0.493761
0.906573 0.510493
0.915088 0.512497
0.895921 0.535877
0.900454 0.546385
0.895017 0.569381
0.874315 0.583956
0.872697 0.578495
0.868828 0.568955
0.878542 0.562496
0.870862 0.542116
0.875191 0.537514
0.882589 0.540512
0.880449 0.530820
0.888045 0.526333
0.876700 0.525182
0.872575 0.515862
0.859124 0.510864
0.869091 0.490534
0.883496 0.492467
0.889153 0.502028
0.891398 0.495500
0.892799 0.484719
0.889721 0.479163
0.892767 0.469835
0.899697 0.461465
0.882906 0.465086
0.880867 0.442504
0.885768 0.441072
0.891079 0.444881
0.908091 0.449993
0.909919 0.446817
0.914343 0.427462
0.919031 0.413667
0.907638 0.406663
0.909737 0.413396
0.898843 0.427213
0.887127 0.416888
0.880547 0.412074
0.887433 0.402436
0.883938 0.397726
0.873130 0.383182
0.870261 0.381842
0.866175 0.387441
0.862178 0.392673
0.851245 0.393307
0.862871 0.406961
0.866285 0.412740
0.847559 0.409762
0.839641 0.400508
0.839813 0.412475
0.827733 0.412470
0.816740 0.403576
0.817389 0.395277
0.821466 0.393029
0.839134 0.381780
0.818906 0.372444
0.793345 0.363756
0.784221 0.367847
0.778627 0.367930
0.780140 0.356749
0.767720 0.365767
0.772219 0.380391
0.780163 0.377854
0.794504 0.376063
0.790829 0.387525
0.782694 0.394012
0.790077 0.401696
0.783351 0.416228
0.787230 0.420950
0.797497 0.426102
0.802313 0.416464
0.814285 0.412119
0.818520 0.417868
0.824745 0.423267
0.832190 0.425176
0.846392 0.435227
0.847169 0.441022
0.847252 0.441921
0.854969 0.428861
0.861128 0.434602
0.851720 0.442342
0.853442 0.460876
0.842813 0.467927
0.827156 0.470289
0.824230 0.477437
0.818867 0.481420
0.811764 0.453137
0.806251 0.458264
0.799887 0.462592
0.795403 0.450058
0.800543 0.436602
0.791462 0.435956
0.791280 0.443193
0.785831 0.442123
0.783557 0.462086
0.792977 0.469811
0.798238 0.495095
0.809125 0.512242
0.818890 0.493037
0.837725 0.494570
0.849542 0.501456
0.845984 0.507998
0.845308 0.512919
0.837215 0.513309
0.824067 0.516863
0.812390 0.522550
0.831066 0.533398
0.847676 0.529201
0.854669 0.544608
0.846138 0.541659
0.843289 0.545160
0.843090 0.549279
0.860094 0.574106
0.853940 0.574379
0.852020 0.582839
0.839266 0.583780
0.833369 0.572694
0.831326 0.558163
0.828217 0.548552
0.815414 0.556058
0.814897 0.546777
0.793660 0.542770
0.791839 0.545749
0.782168 0.566677
0.790452 0.573937
0.801287 0.577710
0.806969 0.575516
0.812404 0.576272
0.811908 0.595490
0.794353 0.596263
0.797435 0.604540
0.796511 0.605861
0.822192 0.623033
0.829833 0.595751
0.845164 0.596700
0.864231 0.591025
0.864313 0.610085
0.858414 0.610093
0.852714 0.609218
0.856452 0.613401
0.867488 0.629373
0.859519 0.641858
0.851915 0.652237
0.881417 0.651152
0.881064 0.645213
0.889263 0.642603
0.897685 0.651846
0.899881 0.654628
0.896428 0.660227
0.871135 0.665386
0.871530 0.699647
0.887981 0.703921
0.897194 0.697719
0.900168 0.713098
0.905550 0.716572
0.907112 0.723486
0.899226 0.726124
0.891531 0.734596
0.890744 0.737701
0.887372 0.723824
0.889287 0.711035
0.885649 0.712986
0.878616 0.712123
0.876014 0.713462
0.864122 0.721985
0.858155 0.710419
0.854367 0.699083
0.850488 0.704288
0.848167 0.703023
0.843176 0.732702
0.840221 0.723821
0.835287 0.705656
0.829043 0.692976
0.829085 0.696944
0.826894 0.704899
0.815348 0.712594
0.812488 0.713857
0.818291 0.719488
0.827762 0.714948
0.829984 0.721557
0.832824 0.725794
0.830111 0.727911
0.827414 0.727836
0.825079 0.748507
0.820521 0.755701
0.813632 0.759015
0.815601 0.767240
0.814946 0.768526
0.798514 0.765522
0.793638 0.761464
0.786090 0.768287
0.798308 0.783490
0.802940 0.801069
0.805834 0.800911
0.818212 0.791636
0.829835 0.775837
0.833723 0.779866
0.830980 0.782868
0.833353 0.800202
0.838237 0.808441
0.844399 0.795991
0.852462 0.793297
0.851751 0.785916
0.861284 0.794250
0.864511 0.780762
0.852945 0.765613
0.847401 0.766577
0.845250 0.757793
0.834185 0.750933
0.842141 0.746417
0.855450 0.751630
0.861219 0.735774
0.860625 0.730362
0.868679 0.731088
0.879854 0.743466
0.879356 0.753858
0.890135 0.744390
0.896207 0.750321
0.897487 0.762126
0.911105 0.749432
0.906948 0.737364
0.917819 0.730456
0.916515 0.738633
0.918189 0.738535
0.930830 0.739078
0.934387 0.746933
0.934342 0.747209
0.941629 0.753517
0.947495 0.766025
0.937569 0.773754
0.925560 0.773526
0.936821 0.781173
0.949400 0.786767
0.943101 0.801757
0.939097 0.800354
0.935363 0.821786
0.933495 0.820226
0.923033 0.821285
0.911134 0.829567
0.904391 0.830756
0.901039 0.823376
0.910947 0.811517
0.918955 0.808479
0.928366 0.805050
0.928956 0.801294
0.925333 0.793000
0.927030 0.788639
0.921060 0.782826
0.916978 0.764255
0.906244 0.776184
0.900768 0.775796
0.894665 0.781012
0.910759 0.786112
0.902662 0.800538
0.887206 0.792976
0.873867 0.797805
0.866799 0.806870
0.871699 0.821187
0.871243 0.821984
0.871585 0.822376
0.876414 0.826151
0.876333 0.830189
0.886695 0.834083
0.908422 0.841927
0.922269 0.850239
0.927091 0.854120
0.935370 0.859617
0.932704 0.890569
0.923618 0.887808
0.914333 0.872981
0.907209 0.875062
0.907672 0.891780
0.922673 0.905882
0.923413 0.918523
0.936429 0.931188
0.948797 0.943399
0.942367 0.955009
0.919358 0.957450
0.910015 0.959637
0.875003 0.976227
0.871715 0.981913
0.870851 0.964600
0.859830 0.959624
0.853389 0.956128
0.860100 0.935571
0.840492 0.953945
0.837157 0.969045
0.821033 0.971064
0.811909 0.970463
0.798060 0.963155
0.795316 0.959347
0.803025 0.950037
0.797997 0.942086
0.797940 0.922310
0.785684 0.917972
0.780328 0.911446
0.792705 0.909747
0.796460 0.902062
0.804929 0.902834
0.819650 0.910279
0.816121 0.916349
0.807766 0.925691
0.803436 0.928144
0.810597 0.934600
0.811379 0.928711
0.817874 0.928537
0.815081 0.924010
0.818614 0.921435
0.844252 0.923120
0.855824 0.914568
0.861109 0.905567
0.882968 0.924771
0.877140 0.913919
0.878014 0.909308
0.881469 0.899402
0.895245 0.898935
0.897616 0.892020
0.893852 0.875254
0.887365 0.873458
0.876171 0.882799
0.871368 0.885006
0.865113 0.872074
0.855200 0.872096
0.856749 0.877462
0.845422 0.879356
0.840087 0.873753
0.842271 0.870876
0.835639 0.860132
0.826896 0.861381
0.830575 0.863928
0.830589 0.875561
0.815794 0.870378
0.812369 0.865807
0.807033 0.862957
0.796144 0.866616
0.804365 0.885527
0.785871 0.887381
0.776451 0.884968
0.768651 0.891809
0.764450 0.871394
0.759333 0.870774
0.761474 0.865775
0.778417 0.864207
0.786114 0.869583
0.783102 0.837998
0.795191 0.835145
0.797302 0.837564
0.808282 0.835338
0.818018 0.834771
0.819895 0.832584
0.826596 0.828194
0.833365 0.834943
0.832141 0.835638
0.833782 0.840134
0.825955 0.843420
0.837725 0.848205
0.848757 0.839963
0.850090 0.841945
0.849937 0.849388
0.865930 0.852761
0.862623 0.840580
0.866562 0.834462
0.865408 0.831303
0.856333 0.817833
0.843787 0.826262
0.837378 0.819410
0.834620 0.815901
0.820128 0.817078
0.810930 0.810060
0.796654 0.809812
0.788141 0.813043
0.778997 0.811401
0.769614 0.793194
0.757247 0.787470
0.757083 0.782949
0.752677 0.756131
0.762003 0.767144
0.770598 0.764601
0.793592 0.728369
0.789891 0.724192
0.773664 0.720330
0.770203 0.711974
0.767632 0.714245
0.742349 0.724778
0.733883 0.728473
0.740457 0.738487
0.748488 0.737236
0.737733 0.751985
0.735530 0.748155
0.734244 0.745891
0.723424 0.748802
0.719709 0.745080
0.724185 0.744375
0.726046 0.732289
0.722289 0.730380
0.713662 0.729097
0.706412 0.727809
0.697776 0.733289
0.690585 0.741376
0.695084 0.727190
0.714357 0.714158
0.714902 0.697546
0.723833 0.705297
0.732907 0.709103
0.743256 0.698385
0.735853 0.691605
0.745370 0.691359
0.749838 0.690674
0.755563 0.694047
0.757302 0.695863
0.758792 0.692226
0.760503 0.685150
0.771175 0.696343
0.775665 0.699199
0.791039 0.705057
0.800182 0.692876
0.810461 0.676734
0.815541 0.684355
0.816211 0.681157
0.838491 0.664750
0.834898 0.657499
0.845395 0.646764
0.838876 0.645936
0.833800 0.635972
0.815599 0.642968
0.813699 0.640707
0.812302 0.631698
0.807224 0.629327
0.781647 0.632259
0.789306 0.643902
0.789752 0.654711
0.802737 0.668331
0.802532 0.670177
0.793509 0.668179
0.786428 0.666536
0.785664 0.673524
0.775323 0.679583
0.770545 0.671977
0.762772 0.673377
0.757237 0.669430
0.740433 0.675126
0.734328 0.682423
0.731467 0.668955
0.717112 0.666479
0.715408 0.661437
0.717166 0.650512
0.714037 0.650257
0.708508 0.660727
0.703360 0.666010
0.701117 0.650116
0.700857 0.639951
0.703632 0.635638
0.697666 0.631147
0.697633 0.636401
0.688069 0.642075
0.684744 0.639356
0.684963 0.644861
0.681728 0.647249
0.678777 0.655571
0.671351 0.643479
0.678074 0.641136
0.669331 0.624373
0.668960 0.623460
0.661855 0.618404
0.657930 0.611431
0.659638 0.610332
0.674788 0.613329
0.677676 0.611970
0.678656 0.604030
0.681877 0.614510
0.681142 0.625492
0.690725 0.623040
0.698665 0.613996
0.697933 0.602124
0.705976 0.597322
0.713688 0.604330
0.709573 0.606246
0.712827 0.611185
0.710984 0.612394
0.712421 0.622170
0.717966 0.623960
0.727917 0.620367
0.732413 0.624177
0.754216 0.639051
0.758456 0.629503
0.769092 0.623160
0.753434 0.623228
0.748949 0.618470
0.744518 0.605675
0.735229 0.594777
0.760593 0.597180
0.761870 0.594472
0.763318 0.595800
0.774168 0.586523
0.763652 0.567762
0.756253 0.547955
0.756103 0.543799
0.741313 0.550509
0.737170 0.548089
0.726519 0.554079
0.722691 0.555003
0.727039 0.571756
0.710072 0.566641
0.710459 0.579580
0.690535 0.572880
0.657950 0.562328
0.670607 0.559883
0.685406 0.552529
0.690204 0.561894
0.695777 0.555681
0.738309 0.532675
0.732003 0.526538
0.725860 0.525620
0.725413 0.517353
0.731150 0.506392
0.734705 0.489622
0.745651 0.493194
0.753809 0.511497
0.752955 0.519647
0.756726 0.516645
0.769702 0.509398
0.774914 0.509390
0.779844 0.492811
0.775534 0.489016
0.775175 0.484916
0.764286 0.483351
0.763974 0.487020
0.761902 0.485967
0.747174 0.482845
0.759006 0.474141
0.756067 0.465929
0.772255 0.455448
0.760820 0.448051
0.755217 0.445162
0.744285 0.452131
0.743334 0.442937
0.740946 0.436635
0.746844 0.435350
0.765925 0.428012
0.769246 0.421436
0.765238 0.407495
0.761203 0.396225
0.771289 0.400354
0.775213 0.389992
0.770094 0.387775
0.764579 0.383940
0.754390 0.389304
0.754263 0.384416
0.757799 0.381830
0.752569 0.378425
0.745369 0.365262
0.742755 0.364982
0.736611 0.363940
0.730115 0.374006
0.731111 0.392594
0.733420 0.396423
0.735479 0.399577
0.735213 0.402577
0.734268 0.406425
0.736453 0.414483
0.741186 0.414589
0.743705 0.424277
0.735859 0.431800
0.737028 0.434590
0.736481 0.445959
0.731194 0.448592
0.722426 0.471791
0.729469 0.477155
0.721784 0.481671
0.727615 0.484186
0.725730 0.491691
0.715360 0.494912
0.712591 0.491271
0.696726 0.511876
0.705958 0.518165
0.700014 0.523750
0.700159 0.530865
0.688066 0.528409
0.688331 0.518431
0.685776 0.517571
0.682357 0.524867
0.661765 0.526918
0.665073 0.518916
0.663828 0.515609
0.654880 0.509324
0.649719 0.513294
0.640346 0.517579
0.624220 0.504980
0.626036 0.499956
0.621903 0.490866
0.615775 0.493998
0.616143 0.502394
0.613444 0.497557
0.593891 0.492036
0.589172 0.486384
0.586164 0.483640
0.585661 0.480219
0.584749 0.478071
0.586965 0.477180
0.581981 0.472120
0.577848 0.477848
0.579076 0.481519
0.581334 0.483358
0.582880 0.499891
0.574975 0.504612
0.563478 0.509263
0.569976 0.519221
0.569887 0.526158
0.551123 0.516170
0.544233 0.506110
0.539247 0.493838
0.530711 0.486718
0.533347 0.483268
0.555219 0.493159
0.557734 0.491708
0.560067 0.476581
0.559765 0.460515
0.555952 0.459557
0.540155 0.457678
0.509680 0.477559
0.514734 0.452820
0.503914 0.452631
0.502887 0.457795
0.497576 0.454007
0.487407 0.448487
0.496879 0.438624
0.500589 0.423105
0.508441 0.427006
0.516952 0.422101
0.517778 0.416759
0.517826 0.414579
0.508879 0.412022
0.505263 0.413133
0.503097 0.413311
0.497582 0.415937
0.507204 0.408217
0.513238 0.411211
0.520921 0.413157
0.524037 0.426067
0.537675 0.420965
0.557129 0.423842
0.555050 0.416246
0.546899 0.415226
0.541771 0.411466
0.535064 0.402490
0.512149 0.394709
0.508626 0.385088
0.512503 0.385737
0.524089 0.385725
0.530608 0.372750
0.524276 0.361486
0.534959 0.354388
0.526135 0.345203
0.520503 0.346605
0.512083 0.338329
0.503344 0.336359
0.510697 0.316156
0.514097 0.315514
0.512169 0.302516
0.517700 0.302514
0.519073 0.296279
0.509642 0.292315
0.517419 0.283264
0.518042 0.276075
0.527325 0.285932
0.536466 0.299551
0.542671 0.329737
0.533671 0.330367
0.527886 0.328598
0.534207 0.335351
0.542933 0.350472
0.557228 0.343157
0.561622 0.343603
0.571712 0.354570
0.556175 0.358794
0.564785 0.370066
0.566530 0.370894
0.558816 0.374729
0.555966 0.373650
0.547528 0.369483
0.541590 0.378561
0.554980 0.393344
0.558028 0.394533
0.557639 0.398717
0.573241 0.394459
0.566886 0.405701
0.565635 0.414209
0.570102 0.416662
0.580059 0.409336
0.584138 0.409867
0.584113 0.418283
0.574943 0.428131
0.578925 0.445494
0.579112 0.450776
0.563051 0.447564
0.574386 0.462118
0.580800 0.463428
0.598239 0.445818
0.608520 0.439548
0.619017 0.454815
0.626330 0.458244
0.622735 0.462510
0.623697 0.464298
0.613289 0.467761
0.605021 0.468809
0.604042 0.472272
0.608993 0.472847
0.636291 0.473653
0.655352 0.474122
0.641395 0.462230
0.634141 0.456435
0.638999 0.440629
0.630094 0.440228
0.634790 0.435238
0.628375 0.425618
0.620402 0.420052
0.608004 0.423956
0.601466 0.422056
0.598405 0.421866
0.587436 0.395540
0.591497 0.385494
0.595732 0.385438
0.611688 0.381997
0.612801 0.388984
0.606451 0.399743
0.613726 0.401546
0.612002 0.411482
0.622719 0.409508
0.628759 0.411938
0.630097 0.395309
0.646618 0.408165
0.654041 0.408762
0.660244 0.413206
0.651814 0.428542
0.644897 0.443634
0.649289 0.448103
0.657049 0.457588
0.670970 0.455026
0.679161 0.464773
0.687019 0.450970
0.700050 0.457485
0.698026 0.458614
0.694445 0.479648
0.697805 0.479877
0.708987 0.469789
0.705657 0.464870
0.702824 0.460881
0.703191 0.439882
0.711650 0.438029
0.709935 0.433129
0.709492 0.418919
0.700309 0.425674
0.694032 0.428568
0.686314 0.413175
0.686802 0.417802
0.684977 0.424656
0.680817 0.431154
0.687326 0.441613
0.677619 0.449398
0.660739 0.440651
0.664101 0.433337
0.660206 0.420939
0.672431 0.419997
0.675006 0.410559
0.697464 0.385861
0.695307 0.384358
0.684788 0.384723
0.680526 0.369770
0.675828 0.371520
0.670630 0.386961
0.649472 0.388012
0.650015 0.373367
0.649851 0.370751
0.651366 0.362987
0.659662 0.360961
0.654853 0.348276
0.648807 0.346390
0.643651 0.338456
0.643923 0.334608
0.627772 0.337182
0.633681 0.346229
0.629706 0.352369
0.626775 0.349707
0.612277 0.349496
0.605508 0.345169
0.604813 0.361312
0.597969 0.367371
0.594288 0.352276
0.595321 0.348616
0.582076 0.344037
0.583500 0.335751
0.585761 0.332675
0.592816 0.325302
0.583499 0.312040
0.563250 0.317159
0.562869 0.291991
0.565587 0.272920
0.546363 0.277344
0.545015 0.270083
0.544923 0.267766
0.534714 0.260902
0.530521 0.249932
0.528313 0.239429
0.545886 0.257350
0.552272 0.257624
0.556052 0.241928
0.548596 0.228409
0.563947 0.242524
0.569621 0.236183
0.575735 0.248930
0.580841 0.255630
0.576074 0.262047
0.573549 0.268986
0.581346 0.270081
0.590632 0.274704
0.598368 0.261959
0.601893 0.262360
0.605317 0.269709
0.603038 0.279042
0.604382 0.283854
0.613322 0.272831
0.626332 0.269756
0.629805 0.277979
0.618068 0.282533
0.608569 0.297326
0.596941 0.301337
0.600614 0.306662
0.611523 0.316576
0.637659 0.324442
0.646986 0.312794
0.654716 0.310293
0.656230 0.325271
0.662655 0.342111
0.687348 0.338144
0.679549 0.334585
0.665908 0.322205
0.667528 0.316067
0.667072 0.312770
0.677846 0.307808
0.672026 0.297244
0.661303 0.300265
0.655318 0.302027
0.653702 0.289946
0.639280 0.306034
0.638481 0.295847
0.643075 0.284744
0.645266 0.278908
0.644872 0.271769
0.645417 0.269161
0.632258 0.255353
0.626626 0.252582
0.633520 0.251804
0.646100 0.265017
0.654392 0.271865
0.658507 0.283407
0.658098 0.290232
0.662847 0.291198
0.678512 0.292967
0.683961 0.284777
0.673778 0.280309
0.681839 0.256271
0.656838 0.249572
0.682344 0.233000
0.691734 0.236305
0.688824 0.241391
0.684582 0.247152
0.699615 0.254477
0.701922 0.253282
0.697915 0.245275
0.714470 0.236214
0.712510 0.234127
0.711778 0.217034
0.717151 0.205605
0.725400 0.220286
0.741997 0.221161
0.749848 0.214694
0.760436 0.224243
0.765583 0.209032
0.769823 0.199421
0.783301 0.194983
0.783566 0.215185
0.795191 0.220588
0.798853 0.225197
0.786845 0.254690
0.783130 0.259208
0.780281 0.252240
0.774734 0.245444
0.770748 0.252472
0.760831 0.262456
0.760626 0.268992
0.753822 0.279608
0.757507 0.292779
0.761857 0.295302
0.770596 0.286327
0.783069 0.297091
0.749592 0.311057
0.736806 0.312543
0.721637 0.300771
0.713599 0.306646
0.712732 0.295264
0.730419 0.279982
0.737720 0.259839
0.745299 0.258025
0.744130 0.240948
0.736170 0.245690
0.730343 0.244427
0.728673 0.247462
0.723109 0.242250
0.721839 0.240673
0.718079 0.243485
0.722809 0.267790
0.705495 0.267482
0.707266 0.271331
0.707477 0.274819
0.692515 0.280572
0.692295 0.291779
0.700145 0.330489
0.710802 0.326377
0.710588 0.335371
0.707777 0.339085
0.704071 0.344053
0.698560 0.343495
0.697058 0.371024
0.695630 0.378537
0.704187 0.376894
0.711211 0.368169
0.717629 0.367764
0.723562 0.369199
0.719497 0.358285
0.730324 0.341842
0.739281 0.343126
0.747033 0.335821
0.752726 0.327719
0.749724 0.321892
0.755484 0.321645
0.763835 0.327477
0.770767 0.337717
0.788578 0.336933
0.789196 0.324618
0.788397 0.319192
0.790928 0.309749
0.807833 0.313963
0.804443 0.317900
0.804192 0.323215
0.806837 0.325762
0.825388 0.332133
0.829439 0.352401
0.828733 0.359684
0.832605 0.351065
0.833059 0.350017
0.835270 0.351530
0.839618 0.346879
0.849373 0.352015
0.859414 0.365706
0.857769 0.367467
0.854060 0.373290
0.858067 0.372534
0.862626 0.368311
0.859729 0.361468
0.863394 0.351449
0.860866 0.349554
0.870619 0.344439
0.868830 0.337916
0.862975 0.341532
0.856273 0.331942
0.846636 0.331638
0.839757 0.333408
0.836567 0.314754
0.822014 0.311628
0.813109 0.310625
0.798228 0.284941
0.813430 0.287198
0.820127 0.285958
0.842475 0.292646
0.846037 0.294032
0.848698 0.301343
0.854570 0.303811
0.862284 0.309724
0.866784 0.320161
0.875801 0.326249
0.876597 0.328536
0.881476 0.311470
0.876020 0.305569
0.874636 0.304949
0.874286 0.305149
0.869827 0.304687
0.860410 0.293551
0.868406 0.293794
0.871668 0.286458
0.864589 0.285140
0.859372 0.282969
0.854194 0.276917
0.864658 0.279455
0.881466 0.275625
0.883229 0.280819
0.890186 0.280316
0.890617 0.274555
0.890275 0.268712
0.898571 0.273102
0.905101 0.274344
0.909864 0.282655
0.910487 0.290653
0.916953 0.292145
0.909681 0.297874
0.905497 0.317261
0.912235 0.326121
0.911772 0.328812
0.904206 0.334369
0.894985 0.333339
0.895974 0.339154
0.890314 0.338767
0.882738 0.359588
0.886795 0.357580
0.897683 0.356527
0.900792 0.357019
0.904932 0.356137
0.904522 0.350097
0.912595 0.340633
0.921838 0.337286
0.923292 0.347990
0.909514 0.361455
0.919481 0.363349
0.930958 0.368354
0.923934 0.368530
0.920565 0.369356
0.908832 0.394443
0.925026 0.389436
0.928677 0.394897
0.928639 0.396076
0.935885 0.404482
0.954962 0.410884
0.951083 0.414058
0.948246 0.417852
0.943813 0.419005
0.936904 0.427044
0.946380 0.431997
0.954004 0.424391
0.953542 0.428881
0.964650 0.439174
0.976584 0.428530
0.980050 0.425099
0.976898 0.415447
0.998050 0.432163
0.994309 0.405414
0.997038 0.394643
0.988889 0.397265
0.978107 0.388904
0.969896 0.385853
0.963597 0.389603
0.961245 0.399199
0.954581 0.399025
0.939757 0.390348
0.939895 0.376940
0.941129 0.361583
0.946711 0.349471
0.955277 0.349434
0.951197 0.363277
0.957194 0.380139
0.971495 0.366303
0.972499 0.368287
0.983927 0.373237
0.980503 0.379258
0.993482 0.385304
0.993755 0.371819
0.997250 0.368320
0.985885 0.368418
0.975730 0.361281
0.960873 0.348088
0.964126 0.343160
0.971973 0.338197
0.980375 0.335928
0.990263 0.334798
0.994195 0.323336
0.975263 0.323834
0.965276 0.333399
0.965368 0.324579
0.953536 0.311247
0.936605 0.313829
0.921859 0.302778
0.920825 0.288346
0.925034 0.291269
0.927448 0.290694
0.940372 0.290032
0.957957 0.286140
0.960663 0.286436
0.956586 0.276948
0.957045 0.272256
0.965220 0.280012
0.970716 0.291297
0.982102 0.294292
0.989024 0.295011
0.984147 0.288150
0.986918 0.276688
0.988856 0.245188
0.991000 0.240062
0.998087 0.236781
0.990825 0.226757
0.992025 0.224304
0.988306 0.213004
0.999137 0.199034
0.997770 0.190264
0.993124 0.176958
0.987550 0.178227
0.984277 0.179089
0.981201 0.178715
0.986994 0.175430
0.998321 0.152698
0.987727 0.151134
0.989627 0.143299
0.999561 0.123255
0.982164 0.099050
0.996257 0.090724
0.983772 0.084978
0.980592 0.093459
0.969496 0.104082
0.965297 0.118462
0.952374 0.129195
0.964114 0.128556
0.972698 0.141792
0.968077 0.141781
0.953866 0.155390
0.961944 0.156192
0.972970 0.164400
0.966779 0.169297
0.960964 0.173836
0.948924 0.178086
0.948516 0.183001
0.936820 0.182972
0.936417 0.180519
0.938637 0.177851
0.948804 0.161046
0.931119 0.164871
0.922457 0.166608
0.925160 0.175219
0.926373 0.185094
0.929810 0.196654
0.933798 0.205012
0.946931 0.211319
0.952441 0.201253
0.950983 0.190745
0.957786 0.194322
0.960641 0.189686
0.975850 0.193553
0.973968 0.209269
0.974550 0.210156
0.969993 0.209639
0.965438 0.212923
0.964258 0.211556
0.952352 0.215592
0.955756 0.221315
0.949314 0.225261
0.970887 0.247337
0.952397 0.265635
0.940544 0.261556
0.928451 0.272475
0.921834 0.267338
0.925983 0.256754
0.929536 0.255589
0.943095 0.244082
0.931887 0.221759
0.925621 0.212198
0.923792 0.205758
0.915404 0.194875
0.901688 0.184018
0.897584 0.184396
0.899653 0.187473
0.899716 0.192408
0.901914 0.194834
0.900481 0.197933
0.883025 0.202299
0.887639 0.186106
0.876604 0.171123
0.870945 0.172031
0.874367 0.161597
0.876759 0.158950
0.881156 0.154974
0.895665 0.167230
0.902005 0.172501
0.902713 0.171143
0.912900 0.165616
0.924679 0.151931
0.923845 0.131273
0.923577 0.117805
0.927690 0.116212
0.937290 0.108243
0.949032 0.108624
0.944872 0.107337
0.938039 0.101670
0.927864 0.103306
0.931943 0.076968
0.940195 0.084881
0.954853 0.087457
0.956106 0.088770
0.963774 0.094494
0.963234 0.089979
0.975017 0.082049
0.954618 0.077865
0.956490 0.060189
0.957722 0.056824
0.970848 0.047343
0.977069 0.044281
0.974492 0.028048
0.981024 0.039950
0.978423 0.047670
0.983932 0.049322
0.996384 0.043606
0.996899 0.020350
0.990330 0.007729
0.990801 0.007043
0.977823 0.005376
0.969146 0.015406
0.971608 0.027441
0.962069 0.014675
0.956654 0.012065
0.945755 0.023033
0.947305 0.026357
0.942318 0.033695
0.943638 0.043259
0.933441 0.051479
0.928497 0.057544
0.919441 0.056712
0.917006 0.052452
0.906958 0.027521
0.921269 0.023321
0.926457 0.019451
0.929327 0.012617
0.937871 0.008600
0.945969 0.003126
0.927652 0.006392
0.921458 0.009187
0.905069 0.011752
0.893844 0.016889
0.892414 0.003059
0.887071 0.001546
0.879272 0.010027
0.876510 0.017623
0.876046 0.011886
0.873344 0.004759
0.857938 0.012605
0.856219 0.017817
0.853880 0.018674
0.849884 0.020291
0.846356 0.018350
0.846543 0.014010
0.838845 0.021337
0.844700 0.028173
0.855860 0.035577
0.838266 0.047398
0.843519 0.047279
0.851764 0.048486
0.853381 0.048694
0.882785 0.034463
0.894492 0.040815
0.890690 0.047577
0.885672 0.051675
0.882170 0.057926
0.883463 0.068678
0.882565 0.070429
0.877388 0.072657
0.867947 0.066244
0.869568 0.085812
0.869960 0.089263
0.867228 0.089066
0.854452 0.081271
0.853532 0.079344
0.852453 0.094904
0.837130 0.088343
0.810192 0.088438
0.819850 0.092876
0.822876 0.097767
0.818816 0.103645
0.833628 0.099348
0.841338 0.104594
0.851370 0.115490
0.853187 0.105623
0.871442 0.098393
0.885558 0.088454
0.897251 0.096784
0.904585 0.084634
0.906042 0.062749
0.907484 0.073293
0.911161 0.080793
0.915047 0.091256
0.908497 0.116579
0.903311 0.125398
0.899331 0.126196
0.902823 0.133813
0.904556 0.141025
0.885559 0.143466
0.891819 0.122433
0.886879 0.124967
0.876199 0.123897
0.869761 0.123229
0.877701 0.134110
0.864616 0.140191
0.851359 0.126009
0.851819 0.124683
0.833844 0.128197
0.834920 0.134206
0.835599 0.144776
0.829494 0.152454
0.828350 0.158679
0.844901 0.167442
0.821803 0.175283
0.825515 0.184803
0.840619 0.194052
0.853017 0.191666
0.849977 0.171644
0.850526 0.171441
0.857245 0.171922
0.863873 0.172928
0.866915 0.185272
0.862324 0.202740
0.872254 0.203179
0.875037 0.207287
0.875862 0.221846
0.893316 0.216221
0.895664 0.224850
0.897358 0.233174
0.909364 0.242419
0.909421 0.243047
0.900184 0.247999
0.908215 0.257375
0.893370 0.256959
0.887692 0.259258
0.870319 0.242092
0.866612 0.248173
0.855296 0.248216
0.851007 0.244748
0.843133 0.241999
0.839561 0.246737
0.839536 0.251201
0.844332 0.252985
0.834813 0.260182
0.828896 0.269700
0.827330 0.269746
0.814200 0.267423
0.801882 0.274713
0.801108 0.267992
0.803611 0.255377
0.809437 0.260147
0.812454 0.257320
0.813040 0.245787
0.804835 0.237259
0.803039 0.233451
0.813503 0.234381
0.828384 0.224610
0.830386 0.229318
0.837806 0.237540
0.843241 0.236546
0.847399 0.232088
0.836811 0.225730
0.838412 0.210053
0.818429 0.199070
0.807609 0.201652
0.802331 0.203489
0.804203 0.187874
0.801533 0.175535
0.806232 0.172403
0.804299 0.156603
0.803112 0.155530
0.777932 0.170180
0.771488 0.165210
0.768638 0.177450
0.764581 0.172986
0.760178 0.176368
0.752618 0.188416
0.748581 0.176101
0.744682 0.162179
0.736445 0.168113
0.735079 0.168850
0.731883 0.170401
0.731912 0.191781
0.723160 0.180290
0.715017 0.177673
0.714066 0.185522
0.707992 0.191202
0.700951 0.206917
0.689773 0.203444
0.672750 0.218388
0.673009 0.221826
0.650034 0.230200
0.642603 0.222265
0.658383 0.218274
0.666186 0.211446
0.669362 0.199173
0.665080 0.193469
0.654589 0.193678
0.652434 0.186949
0.659927 0.186828
0.668429 0.184466
0.678639 0.179749
0.677138 0.164998
0.682317 0.171972
0.690536 0.186459
0.692802 0.187785
0.690678 0.192656
0.697657 0.197780
0.702739 0.176953
0.702335 0.170184
0.701110 0.166867
0.701501 0.165585
0.706314 0.163031
0.707648 0.151905
0.696458 0.140928
0.686103 0.144890
0.690259 0.136699
0.691848 0.132076
0.690513 0.120059
0.699838 0.125230
0.708945 0.129428
0.715316 0.132213
0.712258 0.136762
0.711549 0.140842
0.715284 0.138468
0.726119 0.144739
0.745403 0.140630
0.744472 0.137181
0.738054 0.129480
0.742505 0.127017
0.762388 0.119411
0.764159 0.121269
0.769019 0.141055
0.776647 0.143196
0.792345 0.143369
0.792101 0.132952
0.788861 0.122837
0.805741 0.133517
0.816839 0.130144
0.815190 0.127932
0.820276 0.119673
0.807855 0.121693
0.801607 0.115174
0.802403 0.111956
0.799135 0.112992
0.799610 0.110072
0.797558 0.101315
0.795103 0.102759
0.769448 0.100968
0.759467 0.106037
0.753364 0.107575
0.736678 0.107881
0.728982 0.099707
0.719565 0.100496
0.713812 0.099045
0.699017 0.107466
0.696990 0.113831
0.694650 0.112838
0.690742 0.108687
0.678051 0.109050
0.671378 0.128917
0.676559 0.137675
0.670745 0.134947
0.665349 0.135992
0.655053 0.146783
0.660790 0.117043
0.651594 0.118445
0.642777 0.126047
0.642165 0.130865
0.629972 0.139809
0.634705 0.133354
0.638261 0.125168
0.641353 0.122041
0.632584 0.107703
0.625832 0.110294
0.604752 0.117567
0.602786 0.120821
0.603433 0.116088
0.605680 0.112779
0.615595 0.105167
0.620140 0.101420
0.622405 0.094825
0.612078 0.100385
0.608727 0.096399
0.610039 0.088018
0.606974 0.085625
0.603892 0.076689
0.602171 0.075148
0.628818 0.069093
0.644422 0.060502
0.656265 0.059144
0.662259 0.060559
0.662831 0.061266
0.656658 0.079442
0.653111 0.066077
0.641873 0.064730
0.636789 0.080060
0.642157 0.083326
0.654343 0.084752
0.670275 0.086002
0.664549 0.098414
0.678148 0.096736
0.693711 0.092948
0.695425 0.066202
0.683243 0.050655
0.690344 0.046753
0.695532 0.050857
0.705655 0.037324
0.713706 0.046557
0.718348 0.045763
0.716713 0.042347
0.734166 0.037318
0.726687 0.047514
0.725609 0.053551
0.725016 0.063234
0.724997 0.064559
0.721271 0.070525
0.721485 0.075705
0.725407 0.076836
0.727229 0.077872
0.721606 0.083897
0.738736 0.083998
0.749923 0.085581
0.755017 0.085361
0.764690 0.071576
0.783907 0.073088
0.787430 0.062492
0.755868 0.054807
0.750188 0.037869
0.767913 0.041889
0.791886 0.027539
0.791532 0.030288
0.798713 0.043082
0.802867 0.039710
0.805910 0.040589
0.805942 0.043227
0.800032 0.059625
0.802087 0.065194
0.820719 0.066791
0.834732 0.070399
0.834906 0.062355
0.826527 0.051865
0.820933 0.048151
0.825487 0.038780
0.828661 0.035548
0.825603 0.032016
0.834510 0.026730
0.832469 0.017990
0.829941 0.018702
0.829530 0.019229
0.824490 0.008659
0.823102 0.006291
0.810977 0.005092
0.806329 0.017602
0.784853 0.012545
0.767593 0.014164
0.762682 0.009045
0.761959 0.009508
0.753984 0.003378
0.738765 0.001708
0.731538 0.002177
0.716960 0.009979
0.715162 0.021717
0.701120 0.004325
0.698083 0.014196
0.696554 0.014693
0.685730 0.022584
0.680562 0.031871
0.678327 0.036187
0.679251 0.050960
0.675570 0.052941
0.675536 0.063499
0.670846 0.062230
0.668690 0.057630
0.673000 0.026840
0.667758 0.020849
0.677854 0.019118
0.675186 0.000680
0.665614 0.003830
0.660601 0.009612
0.647008 0.019230
0.641455 0.032761
0.640752 0.032412
0.630019 0.043948
0.640515 0.028435
0.640169 0.012045
0.634861 0.006205
0.629454 0.008096
0.628227 0.009938
0.628328 0.013228
0.601389 0.001827
0.615633 0.032535
0.606204 0.027869
0.594612 0.026246
0.591141 0.042841
0.590447 0.049974
0.591725 0.058687
0.596632 0.068350
0.589510 0.071504
0.585720 0.074025
0.588139 0.081043
0.586723 0.082402
0.570579 0.075099
0.557333 0.071255
0.542420 0.095138
0.539224 0.102203
0.545377 0.110967
0.535627 0.113806
0.528290 0.108410
0.540606 0.094774
0.534381 0.085264
0.527473 0.087124
0.523297 0.086655
0.514334 0.089922
0.509718 0.085451
0.508122 0.093043
0.509154 0.095386
