0.308412 0.220345
0.313605 0.214516
0.320288 0.201131
0.324893 0.202514
0.326058 0.207762
0.328293 0.208025
0.338461 0.212203
0.346457 0.216917
0.337120 0.197825
0.341925 0.195577
0.350854 0.203185
0.357587 0.196171
0.353602 0.190801
0.354821 0.188872
0.348257 0.181137
0.354744 0.182516
0.373819 0.187003
0.375553 0.185185
0.388566 0.178222
0.389050 0.178633
0.398859 0.177062
0.391346 0.169454
0.382781 0.151131
0.374496 0.152358
0.373127 0.154168
0.361530 0.153619
0.363442 0.147486
0.374602 0.139060
0.377057 0.138978
0.378628 0.139364
0.376695 0.136571
0.369784 0.133425
0.368004 0.126373
0.352897 0.111251
0.352036 0.110441
0.346590 0.102321
0.344159 0.096682
0.367382 0.093688
0.372269 0.076451
0.372264 0.073130
0.362194 0.082236
0.352014 0.082423
0.346972 0.076443
0.342413 0.061815
0.351259 0.055218
0.356984 0.052686
0.370112 0.053222
0.371202 0.053591
0.360879 0.022122
0.361966 0.012184
0.348128 0.003369
0.336488 0.006480
0.331897 0.008135
0.328750 0.008477
0.316382 0.007196
0.309503 0.017651
0.308308 0.027393
0.305329 0.020520
0.288600 0.003050
0.284791 0.001254
0.282542 0.005300
0.274334 0.011563
0.289539 0.018011
0.288611 0.033375
0.275527 0.033346
0.277536 0.046455
0.296430 0.053192
0.309427 0.062688
0.304291 0.047628
0.317729 0.036292
0.326107 0.038259
0.341261 0.031011
0.353037 0.034122
0.348012 0.043782
0.338208 0.051055
0.330110 0.065891
0.323802 0.070732
0.332075 0.079340
0.319914 0.089807
0.320498 0.094804
0.328800 0.101145
0.336054 0.098633
0.337314 0.117328
0.337976 0.149186
0.338773 0.149701
0.351499 0.147960
0.350240 0.153309
0.362749 0.169709
0.356319 0.169854
0.354801 0.170191
0.340670 0.174439
0.335035 0.171107
0.332545 0.167132
0.328743 0.162580
0.320026 0.166432
0.321077 0.182478
0.314635 0.197143
0.300110 0.191839
0.298178 0.211752
0.293091 0.213453
0.292833 0.203507
0.285346 0.198044
0.295849 0.193584
0.288123 0.175541
0.297711 0.175189
0.307073 0.166009
0.310338 0.152483
0.297879 0.156194
0.290057 0.153229
0.282949 0.143420
0.281108 0.146523
0.273527 0.144524
0.279076 0.137992
0.287781 0.135545
0.296785 0.133857
0.305882 0.131624
0.303532 0.130610
0.293349 0.111269
0.289354 0.111608
0.292844 0.100356
0.304586 0.107920
0.307556 0.098957
0.281141 0.079105
0.273696 0.070712
0.275939 0.086221
0.269224 0.081666
0.263089 0.079443
0.259476 0.072101
0.248915 0.087736
0.245265 0.093442
0.268888 0.107481
0.275798 0.116775
0.263792 0.116231
0.246257 0.117788
0.255001 0.131639
0.261247 0.146164
0.252007 0.148316
0.239105 0.162817
0.246447 0.166128
0.252484 0.176106
0.253398 0.176962
0.270938 0.182389
0.274999 0.194851
0.271757 0.202921
0.261687 0.205763
0.257430 0.215989
0.255207 0.208101
0.257660 0.188431
0.255768 0.186803
0.253849 0.194906
0.242680 0.200411
0.244903 0.211473
0.223651 0.199547
0.213207 0.204802
0.204966 0.208053
0.194588 0.216576
0.183490 0.205260
0.182938 0.201885
0.194451 0.199692
0.200408 0.188405
0.200948 0.184637
0.216973 0.174423
0.220822 0.167116
0.210282 0.164396
0.205842 0.164352
0.196479 0.166447
0.202842 0.136542
0.209547 0.126602
0.217259 0.131955
0.210320 0.147314
0.229274 0.152396
0.232718 0.146925
0.234563 0.144216
0.234102 0.142695
0.228715 0.139704
0.226329 0.129096
0.231715 0.128533
0.228779 0.115917
0.230467 0.104638
0.223752 0.093327
0.230351 0.090833
0.233497 0.070603
0.247725 0.059660
0.240004 0.056677
0.242705 0.016783
0.241545 0.010182
0.236591 0.006670
0.235114 0.000986
0.226177 0.007906
0.237464 0.030961
0.233199 0.034420
0.228843 0.038450
0.227370 0.050420
0.219252 0.057942
0.206113 0.052260
0.207928 0.048513
0.199351 0.043971
0.209212 0.030599
0.217133 0.030378
0.214521 0.018606
0.201375 0.015053
0.198671 0.010336
0.195101 0.011212
0.195350 0.017270
0.187637 0.009347
0.181663 0.012041
0.185160 0.020101
0.188779 0.041249
0.178202 0.037936
0.173774 0.045594
0.174921 0.055233
0.176376 0.075622
0.183958 0.077154
0.190149 0.059727
0.202692 0.070665
0.216323 0.070259
0.210115 0.076500
0.213530 0.085058
0.219410 0.086625
0.212095 0.100154
0.206344 0.094298
0.197065 0.089714
0.190989 0.084648
0.187027 0.091190
0.177919 0.102373
0.171947 0.105788
0.162440 0.108862
0.158331 0.119184
0.164547 0.129721
0.177174 0.126229
0.178640 0.122267
0.184986 0.120290
0.189424 0.124775
0.195660 0.122057
0.198136 0.126187
0.190949 0.142609
0.187782 0.141238
0.175838 0.142065
0.173123 0.154844
0.182485 0.160801
0.184790 0.172653
0.178246 0.179262
0.183040 0.182979
0.171105 0.195226
0.162724 0.194712
0.147000 0.198046
0.128840 0.183760
0.125599 0.196213
0.113638 0.198678
0.114723 0.187374
0.116288 0.182442
0.124087 0.169762
0.128168 0.167950
0.155790 0.175749
0.148547 0.163801
0.150502 0.161590
0.141804 0.157459
0.117890 0.148690
0.122991 0.133668
0.132476 0.133500
0.142471 0.127289
0.145775 0.124810
0.149521 0.117255
0.141877 0.117091
0.135094 0.124095
0.125020 0.129338
0.111054 0.125569
0.106610 0.102079
0.117226 0.085261
0.119540 0.091443
0.121045 0.092031
0.118741 0.104979
0.123562 0.100173
0.127178 0.098779
0.137494 0.098316
0.157389 0.088818
0.145608 0.084631
0.145787 0.072756
0.150402 0.058439
0.143039 0.061806
0.129060 0.058436
0.118440 0.057156
0.117153 0.064895
0.109582 0.065087
0.103720 0.063142
0.103986 0.063823
0.106882 0.086707
0.096343 0.089054
0.079693 0.082429
0.067236 0.065686
0.057463 0.074234
0.056964 0.066415
0.044539 0.055638
0.080392 0.050421
0.088284 0.053723
0.089037 0.066094
0.094968 0.051119
0.108521 0.037698
0.138812 0.046393
0.154550 0.041238
0.157977 0.036417
0.175883 0.023769
0.167455 0.017555
0.142598 0.019562
0.128209 0.013968
0.117426 0.024183
0.118041 0.026595
0.106142 0.029136
0.105014 0.027885
0.097040 0.027896
0.103514 0.004270
0.090077 0.018069
0.083196 0.017718
0.076801 0.019033
0.076434 0.027358
0.065704 0.036050
0.065010 0.012947
0.060172 0.002944
0.053191 0.013692
0.044283 0.027532
0.046323 0.029034
0.040561 0.041640
0.037269 0.047147
0.031288 0.042310
0.028578 0.038369
0.040921 0.011070
0.033478 0.009338
0.017459 0.000245
0.014320 0.002456
0.009590 0.027853
0.009948 0.033767
0.015769 0.042469
0.019206 0.047071
0.007949 0.054447
0.016198 0.052393
0.025798 0.056745
0.029548 0.064558
0.017683 0.072877
0.005268 0.064824
0.009404 0.072474
0.007202 0.081372
0.009422 0.092966
0.011530 0.092437
0.023232 0.079351
0.035076 0.075735
0.044706 0.079676
0.058756 0.093268
0.063839 0.087890
0.074914 0.087523
0.075644 0.098255
0.082490 0.102625
0.082389 0.108945
0.070416 0.109701
0.077304 0.134544
0.070900 0.140900
0.054323 0.139370
0.048678 0.148164
0.042179 0.151385
0.040281 0.139829
0.032497 0.134886
0.052979 0.126274
0.051413 0.120452
0.049620 0.122459
0.029070 0.118506
0.033355 0.110515
0.021243 0.106851
0.022440 0.109256
0.023911 0.112246
0.019366 0.117870
0.013585 0.111572
0.010826 0.122443
0.003281 0.121704
0.007909 0.129055
0.011169 0.137609
0.005947 0.147396
0.008644 0.165623
0.019200 0.152137
0.028079 0.162219
0.045647 0.160490
0.044431 0.169773
0.039134 0.178787
0.032332 0.180037
0.025675 0.179106
0.026367 0.189784
0.039859 0.189500
0.043394 0.184543
0.057817 0.185609
0.064702 0.192881
0.068832 0.197023
0.076740 0.200663
0.083051 0.165886
0.071149 0.148090
0.076313 0.140760
0.083321 0.136665
0.098290 0.140219
0.103127 0.147324
0.100810 0.149850
0.087119 0.151637
0.087531 0.160956
0.085784 0.167663
0.101525 0.169989
0.108495 0.168797
0.097312 0.176064
0.091157 0.184319
0.098187 0.201201
0.095625 0.206503
0.092447 0.206457
0.097999 0.212075
0.101439 0.216106
0.110555 0.210279
0.115495 0.212061
0.121693 0.231261
0.135119 0.217663
0.136292 0.209296
0.145213 0.216228
0.148195 0.221610
0.146074 0.228300
0.165916 0.221610
0.169062 0.222015
0.169771 0.214538
0.179625 0.228479
0.183384 0.227298
0.196187 0.235621
0.201195 0.239448
0.202937 0.218677
0.222182 0.223449
0.214812 0.236065
0.209248 0.241143
0.212399 0.242556
0.225829 0.236598
0.230667 0.225725
0.237959 0.226755
0.241962 0.237413
0.250217 0.232973
0.253036 0.231838
0.261330 0.238920
0.250617 0.252889
0.244013 0.261962
0.243909 0.266878
0.234789 0.255351
0.228387 0.258369
0.230975 0.273779
0.219896 0.281717
0.217175 0.291165
0.212593 0.290686
0.192312 0.285102
0.191049 0.279203
0.193313 0.263127
0.184475 0.277059
0.175747 0.276106
0.162949 0.273262
0.158240 0.277146
0.158883 0.249156
0.150504 0.247038
0.148621 0.255331
0.130856 0.244426
0.122157 0.258676
0.132702 0.269525
0.141596 0.277065
0.131832 0.276760
0.114646 0.276475
0.105810 0.270762
0.098901 0.268173
0.096144 0.260762
0.099246 0.248900
0.094010 0.240299
0.092769 0.240511
0.077715 0.239231
0.077979 0.234748
0.075023 0.226337
0.064520 0.207292
0.046138 0.207736
0.046479 0.216106
0.042682 0.223710
0.044832 0.235542
0.043913 0.237357
0.048360 0.242313
0.040294 0.238449
0.035252 0.237069
0.035220 0.228949
0.030693 0.231278
0.026171 0.222168
0.028095 0.214676
0.014636 0.225769
0.011044 0.213816
0.007220 0.205344
0.001275 0.220828
0.007070 0.248373
0.010818 0.255671
0.008920 0.261714
0.022954 0.263092
0.028040 0.252677
0.029108 0.245771
0.041022 0.245861
0.053646 0.255304
0.051613 0.263419
0.058053 0.270898
0.065733 0.273006
0.077480 0.265521
0.079745 0.268155
0.086994 0.288066
0.081461 0.299054
0.071397 0.293333
0.052888 0.280843
0.044033 0.270058
0.033717 0.280435
0.017967 0.286089
0.005986 0.289622
0.001247 0.291822
0.012410 0.290706
0.015014 0.292948
0.041954 0.288314
0.047648 0.293375
0.039914 0.300157
0.034219 0.307893
0.023782 0.310126
0.036759 0.319850
0.044360 0.308982
0.046179 0.307185
0.053729 0.309407
0.068292 0.314007
0.077830 0.314667
0.080448 0.327850
0.086440 0.337606
0.097668 0.331590
0.094355 0.349343
0.096008 0.352117
0.091394 0.349520
0.083184 0.344915
0.069732 0.343453
0.071206 0.340553
0.062588 0.332145
0.058520 0.335363
0.055738 0.332538
0.044937 0.327383
0.046984 0.346931
0.061587 0.363972
0.072997 0.360790
0.078205 0.366427
0.076515 0.371019
0.078017 0.372988
0.070763 0.379715
0.064794 0.383372
0.069167 0.387287
0.074998 0.395028
0.089027 0.387618
0.085857 0.381568
0.084554 0.377037
0.082618 0.375039
0.088954 0.365777
0.093659 0.368939
0.108585 0.370749
0.118200 0.368048
0.124336 0.401549
0.136166 0.369691
0.133655 0.352260
0.117139 0.355042
0.115862 0.355686
0.108928 0.349330
0.112855 0.336967
0.113223 0.318041
0.103856 0.309304
0.091628 0.312295
0.100654 0.306571
0.111482 0.300040
0.123162 0.304883
0.147861 0.302638
0.155881 0.305598
0.162794 0.307391
0.162403 0.296373
0.157885 0.298010
0.147246 0.290965
0.146337 0.288341
0.153193 0.285292
0.163313 0.281190
0.167038 0.283630
0.169143 0.291466
0.175580 0.287573
0.179625 0.291429
0.179323 0.308414
0.195673 0.309201
0.198704 0.326192
0.199729 0.320355
0.209067 0.308680
0.227556 0.322384
0.226874 0.325997
0.224453 0.332640
0.247622 0.334499
0.253226 0.353275
0.256891 0.377602
0.243981 0.368042
0.242637 0.368234
0.227796 0.357308
0.207912 0.352668
0.205934 0.348126
0.200819 0.355988
0.195320 0.347066
0.197619 0.341409
0.192586 0.343900
0.182602 0.348518
0.170055 0.353647
0.184865 0.338602
0.177115 0.335031
0.185094 0.318269
0.175703 0.314142
0.153071 0.320851
0.140438 0.340218
0.155026 0.337157
0.158667 0.348723
0.149875 0.351386
0.148041 0.364391
0.152189 0.367692
0.158784 0.369602
0.155099 0.389848
0.159583 0.392057
0.171877 0.404754
0.159343 0.410985
0.150126 0.400667
0.135970 0.395449
0.138068 0.403772
0.135998 0.414745
0.139277 0.414837
0.140010 0.433075
0.130964 0.430112
0.107122 0.448858
0.097483 0.459252
0.084059 0.449773
0.079409 0.445478
0.095571 0.423867
0.096534 0.411942
0.094154 0.403815
0.087036 0.418287
0.085279 0.417565
0.053410 0.400626
0.051394 0.402147
0.049819 0.400963
0.043269 0.409663
0.039183 0.412639
0.038236 0.412955
0.031429 0.402487
0.036790 0.395640
0.038614 0.396340
0.046857 0.392458
0.031115 0.390949
0.028473 0.390709
0.024301 0.372452
0.036239 0.375512
0.037741 0.363050
0.033486 0.359976
0.017165 0.345610
0.014763 0.337034
0.020731 0.333104
0.003511 0.316269
0.002877 0.326010
0.006939 0.342606
0.001402 0.344446
0.005347 0.361706
0.005910 0.369178
0.003218 0.372035
0.011983 0.374697
0.004418 0.384243
0.012323 0.382872
0.015120 0.387686
0.008750 0.392815
0.004792 0.407208
0.002515 0.414438
0.019404 0.411573
0.029545 0.417603
0.022183 0.428462
0.026285 0.431770
0.030772 0.431930
0.028168 0.426336
0.031239 0.425062
0.041515 0.419293
0.051447 0.423023
0.058923 0.427242
0.058621 0.440492
0.033857 0.462523
0.020652 0.445574
0.024352 0.436476
0.021301 0.437636
0.012146 0.437546
0.008521 0.429841
0.004846 0.427343
0.004838 0.432725
0.003316 0.450403
0.006284 0.473294
0.011639 0.471409
0.016911 0.480299
0.038961 0.477615
0.037568 0.490115
0.036729 0.498405
0.037115 0.497962
0.057265 0.487504
0.060700 0.483496
0.070342 0.482096
0.076842 0.477387
0.073584 0.494904
0.067902 0.498428
0.064466 0.505920
0.089833 0.506400
0.092787 0.494141
0.092493 0.477205
0.105651 0.473032
0.114877 0.481219
0.121792 0.470217
0.117145 0.461889
0.129176 0.454486
0.140288 0.460057
0.144528 0.463136
0.139531 0.464062
0.138318 0.465628
0.135268 0.483732
0.138874 0.486333
0.139288 0.490498
0.138320 0.497256
0.141305 0.500053
0.135870 0.502654
0.114019 0.494852
0.122247 0.514930
0.121773 0.526810
0.129039 0.520121
0.138952 0.522623
0.136991 0.516199
0.140274 0.514209
0.146198 0.517968
0.148098 0.524270
0.150184 0.531369
0.145963 0.530155
0.130376 0.543302
0.127305 0.545715
0.126369 0.556521
0.112959 0.560546
0.119403 0.568532
0.126518 0.571998
0.132843 0.567882
0.129761 0.578477
0.127640 0.591137
0.125512 0.613911
0.119149 0.609053
0.122279 0.601397
0.116241 0.598234
0.116593 0.592681
0.106700 0.593391
0.109692 0.598965
0.108420 0.599804
0.092693 0.603129
0.094467 0.611231
0.097306 0.615469
0.084581 0.618642
0.092836 0.635297
0.098570 0.640004
0.103414 0.656110
0.134995 0.628906
0.132997 0.619629
0.136890 0.610903
0.138108 0.611203
0.144909 0.635768
0.143912 0.640698
0.134829 0.649067
0.144673 0.672774
0.147926 0.664199
0.149752 0.664488
0.170431 0.659320
0.181922 0.660456
0.187431 0.643273
0.165478 0.644016
0.178526 0.635216
0.174992 0.631009
0.187062 0.625555
0.180206 0.622159
0.173841 0.621435
0.170835 0.622741
0.167385 0.622011
0.161897 0.612090
0.165450 0.608441
0.175502 0.607125
0.176101 0.611191
0.191213 0.607547
0.195083 0.620006
0.191233 0.627896
0.197821 0.627645
0.198102 0.639295
0.208323 0.629181
0.213374 0.631039
0.213209 0.636966
0.212242 0.643119
0.212932 0.652238
0.210521 0.660663
0.211597 0.661701
0.213232 0.660916
0.227888 0.660087
0.221996 0.673303
0.227561 0.682350
0.230325 0.682344
0.231457 0.682969
0.226966 0.686336
0.232550 0.690074
0.226183 0.693690
0.224187 0.713762
0.211377 0.686790
0.179468 0.679809
0.168222 0.682914
0.146359 0.700863
0.142606 0.694648
0.142980 0.686735
0.129349 0.693366
0.119490 0.674023
0.118576 0.667012
0.099441 0.669687
0.082455 0.653041
0.073878 0.645393
0.061840 0.641836
0.058909 0.621217
0.052790 0.589456
0.060337 0.598734
0.068169 0.601473
0.073364 0.602355
0.078627 0.599410
0.082686 0.594128
0.071569 0.576826
0.088243 0.568421
0.090967 0.569644
0.095468 0.556447
0.105515 0.546334
0.100656 0.546113
0.091108 0.527486
0.082808 0.521646
0.074484 0.520190
0.077601 0.544966
0.072100 0.546125
0.066999 0.548301
0.058941 0.544244
0.060533 0.550656
0.073675 0.563246
0.039019 0.573822
0.044110 0.564169
0.050738 0.553402
0.048950 0.547807
0.053631 0.546381
0.057375 0.531860
0.060666 0.527458
0.054668 0.526013
0.061146 0.516438
0.050269 0.515186
0.037602 0.510841
0.034067 0.526756
0.018198 0.514337
0.008997 0.515901
0.011525 0.522387
0.015662 0.522354
0.009430 0.537324
0.000625 0.549747
0.019446 0.554754
0.033344 0.562109
0.023036 0.563716
0.016926 0.575983
0.022893 0.578110
0.027593 0.590002
0.025149 0.595817
0.038753 0.604444
0.022003 0.600818
0.014850 0.603403
0.017337 0.611997
0.007978 0.631339
0.024903 0.651964
0.037044 0.642959
0.039185 0.628492
0.041539 0.629768
0.048241 0.652361
0.070592 0.659154
0.067549 0.660735
0.064790 0.664130
0.060395 0.672961
0.046327 0.669700
0.044394 0.669548
0.042511 0.671638
0.031427 0.697100
0.027769 0.688672
0.024992 0.678182
0.022609 0.661688
0.009424 0.663088
0.007209 0.687907
0.020368 0.685552
0.015546 0.696689
0.016013 0.707812
0.001150 0.717708
0.015255 0.728404
0.016122 0.728161
0.013561 0.744308
0.019029 0.750153
0.018256 0.757441
0.009625 0.764451
0.017297 0.760788
0.026243 0.754590
0.025190 0.745877
0.024039 0.728639
0.020969 0.722622
0.018572 0.720730
0.028805 0.716541
0.051949 0.711516
0.052698 0.707882
0.058301 0.712082
0.066289 0.727328
0.067849 0.730109
0.079034 0.727731
0.096583 0.720967
0.102169 0.728049
0.098906 0.734802
0.089034 0.741460
0.079956 0.735188
0.075725 0.738109
0.074459 0.742912
0.063130 0.748406
0.052457 0.749372
0.051989 0.752021
0.051564 0.752348
0.038792 0.754600
0.059626 0.757428
0.059945 0.772596
0.044123 0.772835
0.036858 0.765389
0.040703 0.793153
0.038122 0.794865
0.026032 0.783900
0.021629 0.784559
0.015696 0.786501
0.009311 0.786434
0.004081 0.797571
0.004093 0.806939
0.016184 0.810121
0.010975 0.822472
0.022428 0.823334
0.023614 0.834753
0.014431 0.838018
0.013762 0.843905
0.002629 0.836077
0.003311 0.860152
0.018063 0.862736
0.015515 0.868583
0.020083 0.873116
0.012481 0.871953
0.001002 0.880406
0.006017 0.897905
0.000165 0.909913
0.003221 0.915407
0.002326 0.917652
0.007874 0.917627
0.018253 0.903827
0.027586 0.903200
0.032303 0.904467
0.033578 0.923128
0.018833 0.928073
0.011777 0.934712
0.011985 0.949798
0.020169 0.949669
0.029994 0.940327
0.033098 0.929338
0.039826 0.939945
0.046000 0.935651
0.047517 0.921957
0.061865 0.920081
0.066191 0.914835
0.067348 0.913875
0.072919 0.928127
0.055524 0.941332
0.057347 0.955808
0.073914 0.944505
0.095112 0.919948
0.096145 0.919400
0.104441 0.912314
0.108280 0.923885
0.100713 0.953257
0.083156 0.958451
0.075459 0.961685
0.078847 0.976044
0.072026 0.979142
0.061032 0.981724
0.052942 0.976647
0.051549 0.970205
0.044788 0.973738
0.044367 0.970350
0.042853 0.950736
0.037880 0.968643
0.030755 0.971472
0.015377 0.971441
0.003229 0.987978
0.007587 0.995308
0.036195 0.985694
0.037372 0.984804
0.040705 0.983997
0.075850 0.994956
0.080097 0.996127
0.091052 0.999536
0.087200 0.980000
0.087827 0.978737
0.096036 0.984008
0.105743 0.998204
0.124762 0.986932
0.123958 0.969583
0.141459 0.971733
0.143315 0.965222
0.122137 0.931177
0.134573 0.935728
0.145551 0.937507
0.144798 0.935071
0.147718 0.933292
0.155095 0.939440
0.160498 0.935045
0.167121 0.942530
0.155272 0.953234
0.163984 0.997675
0.201854 0.997238
0.193488 0.987516
0.180657 0.963067
0.176764 0.939985
0.182044 0.929904
0.189762 0.936776
0.196685 0.933477
0.220726 0.952454
0.221973 0.958413
0.206493 0.963932
0.204236 0.972693
0.224412 0.975508
0.225920 0.975566
0.215403 0.983940
0.222341 0.992371
0.224139 0.997478
0.246165 0.996315
0.251983 0.993836
0.261376 0.972412
0.265602 0.978186
0.272041 0.976847
0.272187 0.991843
0.283377 0.991061
0.288650 0.986221
0.312951 0.988391
0.319668 0.968367
0.315507 0.963976
0.306107 0.962257
0.304668 0.954914
0.319714 0.957289
0.320499 0.957482
0.326252 0.953940
0.326722 0.993845
0.331673 0.986550
0.339872 0.985743
0.336784 0.979954
0.350596 0.968811
0.345848 0.955855
0.344997 0.954052
0.351232 0.956180
0.362575 0.955486
0.371264 0.946044
0.370226 0.951111
0.373608 0.961341
0.360515 0.969556
0.363668 0.983484
0.380466 0.999429
0.393097 0.992179
0.412009 0.994076
0.406016 0.975705
0.415450 0.976518
0.413257 0.970617
0.421808 0.963234
0.431366 0.964773
0.436700 0.975846
0.438956 0.974722
0.447566 0.984096
0.441982 0.987267
0.443524 0.991437
0.444373 0.999582
0.461632 0.996791
0.468833 0.991352
0.484632 0.980968
0.468752 0.950952
0.452420 0.968631
0.446557 0.973854
0.441291 0.969543
0.440741 0.960674
0.429750 0.957759
0.425335 0.954199
0.397779 0.955670
0.395973 0.929333
0.384889 0.924993
0.394271 0.916160
0.397808 0.910239
0.392441 0.911274
0.385047 0.896052
0.381706 0.894077
0.391280 0.893057
0.395848 0.879887
0.387279 0.877985
0.385869 0.876486
0.379221 0.882163
0.371545 0.893448
0.364899 0.894406
0.374787 0.902058
0.373483 0.902474
0.364094 0.918351
0.346493 0.902876
0.345944 0.914917
0.337876 0.933681
0.338468 0.939704
0.337366 0.941192
0.320789 0.940962
0.316599 0.925136
0.330400 0.920855
0.330384 0.920497
0.325818 0.896342
0.320048 0.895784
0.319693 0.891431
0.330640 0.893218
0.332070 0.895028
0.339980 0.890621
0.339005 0.887809
0.346545 0.887273
0.343011 0.880476
0.328859 0.860692
0.340936 0.860127
0.347356 0.863875
0.350286 0.848896
0.350538 0.849497
0.356533 0.856810
0.359111 0.853931
0.364620 0.857604
0.368392 0.855715
0.373187 0.855725
0.378642 0.864629
0.383611 0.867822
0.387863 0.868195
0.398126 0.848429
0.382274 0.844278
0.370633 0.835825
0.356827 0.820243
0.337215 0.839771
0.321340 0.830381
0.336726 0.824122
0.335097 0.821094
0.332960 0.816779
0.327614 0.813798
0.331487 0.801836
0.302385 0.798390
0.306159 0.808045
0.302811 0.828559
0.287747 0.808347
0.284239 0.809423
0.282988 0.822892
0.264643 0.825274
0.241554 0.832590
0.244468 0.846136
0.251723 0.855112
0.253951 0.860095
0.261673 0.855621
0.262493 0.852044
0.277557 0.849009
0.272342 0.852743
0.270595 0.860224
0.269064 0.863457
0.258339 0.879089
0.264626 0.882829
0.270359 0.871702
0.291434 0.864403
0.298010 0.857564
0.292363 0.852084
0.293496 0.847972
0.299520 0.855168
0.301486 0.852887
0.312282 0.836435
0.319341 0.869326
0.309902 0.883422
0.306492 0.885611
0.304977 0.880660
0.303731 0.881224
0.284141 0.886336
0.280697 0.892283
0.266133 0.902203
0.284307 0.899131
0.290215 0.899756
0.293358 0.899460
0.298538 0.895806
0.303062 0.902270
0.305538 0.906104
0.310965 0.922873
0.308972 0.932316
0.299011 0.940485
0.268780 0.937245
0.263041 0.941611
0.266521 0.942576
0.275291 0.955645
0.276295 0.960468
0.278088 0.958303
0.294323 0.959803
0.291842 0.977229
0.288936 0.976507
0.288577 0.969132
0.284853 0.969471
0.276877 0.968988
0.266283 0.965705
0.260313 0.963868
0.257659 0.966631
0.249421 0.969827
0.246689 0.977808
0.238564 0.977210
0.237545 0.965425
0.249814 0.957238
0.251883 0.959729
0.258454 0.956129
0.258407 0.952645
0.255841 0.945877
0.254616 0.932851
0.250394 0.920019
0.250503 0.916014
0.241300 0.916473
0.240226 0.910355
0.234954 0.910066
0.222543 0.915794
0.219066 0.908081
0.231333 0.905144
0.244433 0.895556
0.241980 0.880101
0.239963 0.876691
0.232935 0.873867
0.236051 0.879784
0.232422 0.885873
0.205934 0.886358
0.202237 0.881771
0.201602 0.896696
0.203665 0.904181
0.203183 0.921091
0.198387 0.922599
0.194886 0.923101
0.195031 0.921361
0.185460 0.913944
0.183813 0.907068
0.175780 0.924490
0.157705 0.930029
0.144038 0.909905
0.138409 0.905825
0.144136 0.901263
0.136578 0.894984
0.128302 0.885827
0.107437 0.875750
0.100783 0.884442
0.097351 0.868555
0.094394 0.858799
0.082961 0.862306
0.090345 0.876966
0.079733 0.870839
0.079224 0.874341
0.066369 0.883218
0.062336 0.889172
0.041469 0.892010
0.043820 0.889993
0.048329 0.872770
0.046027 0.855327
0.047964 0.853578
0.048408 0.850321
0.048725 0.850760
0.049342 0.851620
0.059647 0.854530
0.055916 0.848634
0.054828 0.849493
0.044778 0.835974
0.039166 0.817876
0.039291 0.817615
0.044062 0.818719
0.048089 0.816008
0.045613 0.814631
0.049514 0.793687
0.058142 0.793324
0.059125 0.805948
0.058803 0.808923
0.063755 0.818252
0.081836 0.845100
0.099470 0.843920
0.100003 0.851777
0.111589 0.863628
0.115727 0.865631
0.113523 0.857251
0.113748 0.855886
0.111743 0.847645
0.110974 0.843389
0.109476 0.841627
0.119132 0.839134
0.135359 0.845929
0.138385 0.851849
0.140393 0.852934
0.128912 0.852913
0.132016 0.862311
0.139167 0.865196
0.153154 0.870210
0.156967 0.871562
0.160298 0.870032
0.166923 0.869201
0.169871 0.863351
0.156360 0.851406
0.150161 0.846948
0.150421 0.835039
0.153741 0.837928
0.162409 0.841607
0.175183 0.838228
0.180023 0.852864
0.170759 0.865109
0.168729 0.875426
0.172281 0.885590
0.158432 0.880809
0.147159 0.888384
0.152701 0.902348
0.177903 0.899160
0.177530 0.896819
0.184809 0.894695
0.185670 0.896608
0.188039 0.893401
0.177330 0.880292
0.175822 0.872148
0.195226 0.874012
0.200845 0.862680
0.201257 0.846857
0.212825 0.850798
0.223663 0.854814
0.215000 0.837349
0.199121 0.835389
0.204651 0.833030
0.209119 0.827816
0.208121 0.822797
0.214018 0.800726
0.212446 0.801418
0.196957 0.802708
0.187811 0.799589
0.179507 0.806837
0.175660 0.808925
0.173326 0.809447
0.184221 0.813148
0.177946 0.821069
0.170588 0.820748
0.161350 0.815292
0.163849 0.807250
0.162961 0.804725
0.149461 0.809453
0.150138 0.814575
0.142617 0.819166
0.145949 0.827548
0.132227 0.830390
0.132301 0.823456
0.139066 0.810191
0.125594 0.805207
0.116102 0.789643
0.106809 0.810258
0.104096 0.806956
0.099560 0.801787
0.092258 0.789830
0.092225 0.785772
0.089524 0.789311
0.083140 0.795695
0.077012 0.784047
0.067593 0.783561
0.078065 0.760692
0.086559 0.759134
0.096016 0.747166
0.100863 0.740712
0.116742 0.744165
0.111578 0.748043
0.105336 0.751584
0.108265 0.760431
0.107324 0.767303
0.102461 0.770503
0.108459 0.774012
0.109996 0.768260
0.117184 0.757983
0.123485 0.759589
0.128781 0.774334
0.143502 0.785944
0.154272 0.798548
0.164626 0.775809
0.175845 0.771012
0.158796 0.758035
0.153290 0.763374
0.150648 0.757900
0.143399 0.756936
0.146228 0.739300
0.128630 0.738755
0.101179 0.712153
0.099119 0.704835
0.101930 0.701378
0.096388 0.692843
0.121166 0.704203
0.122403 0.711532
0.147937 0.715347
0.160073 0.709866
0.164394 0.703554
0.165267 0.714247
0.168691 0.712693
0.174829 0.715222
0.178409 0.716865
0.192689 0.722023
0.181102 0.722695
0.167494 0.719900
0.160072 0.725179
0.169194 0.749770
0.179794 0.740152
0.191498 0.741584
0.206821 0.744593
0.211623 0.741863
0.218240 0.735230
0.223854 0.752535
0.216224 0.754841
0.191772 0.761772
0.186694 0.760832
0.197003 0.777063
0.208411 0.772868
0.208348 0.767956
0.224509 0.774610
0.222371 0.784267
0.226065 0.791936
0.229704 0.791373
0.232914 0.799150
0.230833 0.802384
0.236255 0.803050
0.236652 0.817808
0.243760 0.813783
0.242278 0.802790
0.265884 0.794878
0.266759 0.784754
0.255403 0.790294
0.246618 0.788880
0.250643 0.784289
0.249630 0.780571
0.253282 0.768677
0.242313 0.769997
0.245329 0.763433
0.256781 0.746843
0.229182 0.744816
0.241854 0.735639
0.243008 0.730630
0.232776 0.718228
0.240012 0.719424
0.246944 0.712787
0.245076 0.698432
0.255875 0.692406
0.262616 0.703732
0.266323 0.704437
0.269510 0.703535
0.277570 0.702726
0.277347 0.692647
0.267614 0.689844
0.262433 0.684452
0.259467 0.683357
0.255434 0.665706
0.257839 0.654053
0.264046 0.647090
0.284673 0.646764
0.280630 0.656789
0.266566 0.669364
0.276713 0.676799
0.271721 0.683119
0.282787 0.685433
0.294760 0.694478
0.308831 0.685785
0.312896 0.690727
0.306523 0.707313
0.304226 0.708945
0.316716 0.716626
0.322278 0.718132
0.310352 0.725973
0.301988 0.721964
0.292110 0.710184
0.290284 0.713619
0.280271 0.719502
0.267369 0.718842
0.258852 0.717170
0.264356 0.726910
0.268669 0.731785
0.272143 0.727949
0.280424 0.734214
0.285308 0.728698
0.303145 0.740987
0.292533 0.744450
0.290400 0.746982
0.270821 0.758474
0.271943 0.764448
0.289118 0.772499
0.292135 0.772596
0.292681 0.774501
0.303476 0.770435
0.304662 0.768423
0.312886 0.751092
0.333656 0.730332
0.338067 0.719234
0.347941 0.712636
0.347420 0.718444
0.339053 0.727966
0.334431 0.738207
0.333050 0.749238
0.328564 0.758371
0.324449 0.756449
0.322853 0.769407
0.335170 0.780553
0.336171 0.785605
0.331636 0.792780
0.333599 0.797235
0.341198 0.784884
0.350649 0.787038
0.351750 0.791160
0.360120 0.785159
0.365846 0.792112
0.365076 0.797916
0.380389 0.784252
0.379043 0.778733
0.368020 0.783646
0.364841 0.779171
0.352481 0.774006
0.333507 0.767625
0.339395 0.760383
0.341906 0.761858
0.350839 0.758528
0.352348 0.761561
0.351489 0.764315
0.353397 0.768513
0.357199 0.769023
0.366324 0.757161
0.365692 0.752837
0.367541 0.741227
0.367371 0.736104
0.373781 0.755132
0.383949 0.759147
0.403122 0.758993
0.406492 0.762797
0.407443 0.764617
0.402085 0.787892
0.409052 0.792240
0.399923 0.797163
0.399339 0.790495
0.398941 0.789998
0.381418 0.792873
0.379783 0.792856
0.384730 0.817164
0.385680 0.826333
0.389547 0.812949
0.394279 0.807344
0.402285 0.816718
0.405470 0.832226
0.421204 0.829669
0.434484 0.830462
0.454493 0.819182
0.470256 0.836381
0.466735 0.842336
0.459810 0.849395
0.466310 0.865077
0.454177 0.872938
0.448886 0.884180
0.447844 0.878383
0.435672 0.863934
0.425272 0.850245
0.412442 0.841116
0.415084 0.847761
0.409649 0.857276
0.410075 0.876395
0.428596 0.875491
0.435517 0.878037
0.436024 0.879231
0.435945 0.884850
0.428214 0.887221
0.427939 0.889706
0.422472 0.885727
0.413950 0.894617
0.424927 0.905268
0.432732 0.896760
0.440742 0.895364
0.447957 0.900712
0.463516 0.900135
0.463709 0.900543
0.456648 0.905541
0.453024 0.906731
0.453152 0.910828
0.440047 0.915352
0.422201 0.915503
0.414488 0.919611
0.430903 0.935224
0.443346 0.938410
0.452192 0.928569
0.461381 0.941789
0.471012 0.928657
0.470690 0.926528
0.483898 0.927883
0.496739 0.938660
0.508050 0.942726
0.512899 0.955743
0.519359 0.968446
0.523560 0.971343
0.528060 0.974787
0.523394 0.984172
0.523977 0.986887
0.523897 0.993762
0.543007 0.979363
0.566787 0.981865
0.579702 0.980233
0.569744 0.967461
0.564150 0.963190
0.542782 0.956874
0.545489 0.951511
0.545655 0.943303
0.537621 0.947945
0.526712 0.930328
0.538533 0.920204
0.542127 0.913277
0.540331 0.911718
0.540851 0.907449
0.545292 0.910346
0.561920 0.913555
0.564850 0.916500
0.569886 0.915226
0.576834 0.918667
0.584384 0.922971
0.591010 0.923173
0.582613 0.930696
0.581629 0.948797
0.590446 0.943097
0.599179 0.940816
0.597948 0.934915
0.608844 0.913761
0.596856 0.910311
0.594830 0.907196
0.593221 0.909940
0.583426 0.915593
0.579138 0.916603
0.573624 0.913151
0.575263 0.910227
0.562870 0.902568
0.558612 0.898695
0.568203 0.895716
0.573841 0.886003
0.557453 0.885187
0.548872 0.881074
0.534914 0.871338
0.531328 0.881196
0.528349 0.880280
0.523945 0.871391
0.514919 0.873108
0.508618 0.878876
0.518042 0.889716
0.501854 0.890005
0.504951 0.895326
0.520319 0.908621
0.524695 0.909357
0.529138 0.911083
0.530183 0.912056
0.510721 0.922041
0.510759 0.924212
0.490631 0.914227
0.475270 0.907827
0.488772 0.904467
0.494541 0.899067
0.493086 0.893922
0.480010 0.886344
0.475282 0.873830
0.479187 0.868488
0.478670 0.861599
0.489098 0.847292
0.483563 0.835263
0.483887 0.818926
0.504572 0.836532
0.501719 0.838237
0.502642 0.858323
0.508632 0.858875
0.524424 0.849511
0.530713 0.852102
0.526127 0.838795
0.514752 0.828846
0.521042 0.820710
0.528601 0.819286
0.547438 0.817943
0.544638 0.825840
0.553990 0.832907
0.551366 0.837325
0.543257 0.841165
0.542699 0.849869
0.543568 0.852749
0.547783 0.870557
0.556996 0.870902
0.555766 0.869999
0.553087 0.866288
0.553738 0.849585
0.562308 0.845308
0.561939 0.843553
0.573361 0.829819
0.565093 0.824245
0.570158 0.813501
0.570920 0.812740
0.574598 0.818267
0.609266 0.816131
0.606694 0.800162
0.604245 0.800500
0.604681 0.789185
0.593738 0.785880
0.589793 0.797078
0.585552 0.792935
0.571330 0.787903
0.559033 0.779979
0.579310 0.774833
0.584500 0.775888
0.585041 0.772222
0.574387 0.760632
0.580361 0.760541
0.588812 0.747584
0.592020 0.761611
0.596165 0.760768
0.606968 0.762065
0.615278 0.760421
0.631580 0.778011
0.642353 0.784504
0.616621 0.785953
0.620401 0.797488
0.631116 0.803742
0.642406 0.810222
0.639111 0.828800
0.660541 0.839819
0.657398 0.844835
0.657966 0.854905
0.645219 0.860475
0.633119 0.859825
0.620113 0.852480
0.620953 0.848913
0.615649 0.840517
0.609497 0.836060
0.602234 0.828879
0.594493 0.836603
0.596950 0.839284
0.602933 0.851686
0.603969 0.859827
0.580464 0.851693
0.570551 0.867707
0.578676 0.872400
0.581148 0.887198
0.586908 0.884895
0.591743 0.876804
0.613980 0.872773
0.611146 0.885810
0.625871 0.901077
0.629574 0.904958
0.629955 0.918727
0.625430 0.929110
0.649212 0.926169
0.653756 0.923754
0.664480 0.930886
0.657107 0.947252
0.666987 0.957658
0.664339 0.958037
0.646157 0.969402
0.634993 0.975085
0.621997 0.969370
0.622535 0.960449
0.617514 0.943136
0.615441 0.947184
0.612582 0.961636
0.604895 0.966312
0.603406 0.967918
0.607290 0.987892
0.602716 0.991154
0.603460 0.991530
0.607568 0.996393
0.612357 0.991241
0.627100 0.978857
0.639483 0.985392
0.651742 0.996743
0.653427 0.993020
0.671317 0.991037
0.661242 0.981738
0.665643 0.974335
0.688498 0.972524
0.693110 0.961331
0.691515 0.948438
0.700853 0.954575
0.706735 0.951484
0.709577 0.962794
0.712935 0.961601
0.722807 0.953935
0.721430 0.945110
0.709597 0.940531
0.709895 0.929322
0.727858 0.919659
0.730861 0.925216
0.733537 0.938305
0.740368 0.930462
0.745321 0.925790
0.741607 0.910739
0.756358 0.914381
0.755605 0.920089
0.753551 0.923060
0.763141 0.927506
0.756799 0.934554
0.743965 0.934913
0.750050 0.964483
0.723090 0.965268
0.717726 0.978410
0.729997 0.987094
0.734802 0.983347
0.739740 0.993627
0.750502 0.999475
0.751819 0.977268
0.750817 0.975248
0.756719 0.971720
0.756356 0.969899
0.758984 0.967571
0.765215 0.969578
0.762713 0.958182
0.762882 0.947571
0.768946 0.946084
0.772653 0.952683
0.787003 0.951832
0.784495 0.962793
0.782646 0.963445
0.779399 0.977310
0.783066 0.984161
0.789343 0.977669
0.790175 0.980769
0.796960 0.992810
0.809224 0.993139
0.805522 0.987159
0.802315 0.983252
0.808335 0.979667
0.810860 0.971723
0.800142 0.970405
0.798653 0.971469
0.798775 0.961538
0.805082 0.964667
0.806591 0.961398
0.803272 0.947492
0.795126 0.949587
0.783681 0.935111
0.793834 0.931767
0.802566 0.914442
0.786073 0.925439
0.786049 0.919104
0.780274 0.912747
0.778473 0.905615
0.770667 0.894004
0.770091 0.895606
0.766540 0.896799
0.765008 0.890091
0.756111 0.894284
0.755655 0.891031
0.738454 0.867908
0.736995 0.853481
0.723646 0.850780
0.723102 0.853176
0.714807 0.849565
0.718725 0.865766
0.723971 0.863900
0.726011 0.874919
0.712323 0.885670
0.707751 0.886451
0.719206 0.893469
0.731405 0.898877
0.730391 0.914679
0.724879 0.902211
0.717673 0.901368
0.718476 0.907795
0.710472 0.906885
0.709622 0.912579
0.695317 0.906954
0.689957 0.902065
0.691540 0.911534
0.692153 0.916559
0.676320 0.920117
0.659838 0.914104
0.649078 0.910870
0.664374 0.896478
0.656956 0.884029
0.649667 0.871387
0.650580 0.871770
0.657968 0.872752
0.662579 0.878549
0.674208 0.878355
0.682468 0.882685
0.683285 0.883474
0.685829 0.892057
0.690742 0.887687
0.710073 0.868924
0.705577 0.862294
0.691375 0.859976
0.682249 0.847576
0.677783 0.831032
0.671437 0.836999
0.665158 0.831255
0.667487 0.829133
0.650324 0.808630
0.641689 0.794494
0.655548 0.788419
0.660633 0.777260
0.653360 0.772988
0.648514 0.767071
0.643364 0.764497
0.652444 0.764928
0.667265 0.758401
0.668036 0.748526
0.675651 0.732403
0.683441 0.720775
0.668053 0.731811
0.659500 0.728495
0.641443 0.726289
0.641272 0.727902
0.640191 0.730780
0.637767 0.741247
0.635808 0.744724
0.630520 0.730484
0.614455 0.732984
0.610784 0.719776
0.605793 0.717132
0.619130 0.704521
0.627487 0.695391
0.634362 0.691838
0.629729 0.706338
0.641378 0.714405
0.642825 0.695747
0.643223 0.690009
0.630870 0.676396
0.621027 0.660394
0.609757 0.660893
0.609403 0.656708
0.602679 0.652909
0.612099 0.652508
0.618648 0.638614
0.612573 0.626252
0.612654 0.622572
0.599185 0.619126
0.605716 0.633813
0.582453 0.638251
0.576484 0.642078
0.579343 0.647104
0.584033 0.650346
0.572433 0.649446
0.569749 0.646057
0.562984 0.651429
0.563237 0.637150
0.559529 0.638807
0.549093 0.630181
0.555809 0.615399
0.534140 0.607159
0.532241 0.611534
0.530621 0.611782
0.517440 0.618152
0.507007 0.602696
0.506288 0.619465
0.519710 0.635663
0.530450 0.639207
0.539661 0.630311
0.539990 0.637693
0.536676 0.657942
0.538153 0.666195
0.522294 0.662501
0.511377 0.647609
0.505769 0.645685
0.505625 0.638543
0.486625 0.626707
0.491036 0.634137
0.495712 0.643067
0.492131 0.644977
0.488792 0.648754
0.480654 0.649375
0.478215 0.642599
0.474289 0.648934
0.475576 0.664430
0.486702 0.661083
0.484299 0.672339
0.489581 0.680438
0.487625 0.683341
0.508313 0.687780
0.500898 0.705284
0.502688 0.715392
0.508153 0.716742
0.508647 0.722516
0.491406 0.739164
0.505742 0.761111
0.505887 0.751665
0.507731 0.734111
0.522542 0.731348
0.532941 0.738148
0.533840 0.735518
0.529844 0.721197
0.545121 0.700662
0.542682 0.689302
0.545449 0.687923
0.553505 0.676123
0.562536 0.672669
0.561110 0.667892
0.582562 0.667948
0.589698 0.672701
0.581551 0.674395
0.577505 0.680633
0.584684 0.683795
0.594872 0.676856
0.600508 0.672047
0.607222 0.674086
0.610240 0.682657
0.607335 0.685228
0.609578 0.690994
0.588554 0.703771
0.575375 0.687943
0.569548 0.684167
0.570872 0.691433
0.572274 0.697683
0.561700 0.699356
0.560194 0.703646
0.555836 0.700475
0.550149 0.705643
0.548828 0.706100
0.550493 0.715494
0.545144 0.721453
0.557870 0.730455
0.578527 0.723511
0.570067 0.745857
0.543966 0.755788
0.529165 0.744884
0.527031 0.748012
0.513823 0.749109
0.530623 0.754201
0.535706 0.757799
0.546035 0.769873
0.535236 0.779764
0.530445 0.783220
0.529306 0.789567
0.544387 0.802739
0.539799 0.805788
0.533901 0.810291
0.530371 0.815272
0.525773 0.811385
0.518471 0.806466
0.511527 0.799866
0.511832 0.787937
0.496821 0.787179
0.486688 0.802741
0.482771 0.767733
0.480021 0.769277
0.467399 0.786061
0.465918 0.781106
0.461908 0.777290
0.456713 0.775012
0.453189 0.792209
0.449465 0.805648
0.450126 0.808355
0.448444 0.807657
0.440244 0.803177
0.437723 0.798134
0.433657 0.799288
0.419514 0.770307
0.419996 0.768921
0.422234 0.743748
0.418737 0.741406
0.416984 0.743221
0.409631 0.742476
0.410159 0.745938
0.408060 0.747149
0.406994 0.743217
0.400918 0.741273
0.405836 0.732484
0.407188 0.732160
0.440039 0.729563
0.436993 0.751252
0.437126 0.756014
0.437449 0.759772
0.451161 0.755657
0.456159 0.758337
0.451587 0.751093
0.452710 0.734561
0.457026 0.732227
0.446416 0.725507
0.443425 0.717676
0.433407 0.722205
0.431987 0.719773
0.422737 0.709558
0.411741 0.719184
0.401226 0.715219
0.395838 0.717488
0.391142 0.721453
0.383406 0.731234
0.384072 0.726138
0.381153 0.704398
0.378935 0.698858
0.378679 0.694253
0.393515 0.682463
0.411261 0.677649
0.405000 0.673648
0.403728 0.662815
0.408895 0.661701
0.415215 0.672661
0.424793 0.673376
0.426374 0.658830
0.434059 0.663826
0.452957 0.678408
0.455727 0.679406
0.441790 0.685183
0.449732 0.710193
0.454146 0.712411
0.464882 0.703494
0.471151 0.705057
0.470462 0.708110
0.469266 0.726029
0.483775 0.726328
0.485082 0.716672
0.493123 0.716173
0.489828 0.713799
0.485015 0.710346
0.476486 0.693849
0.465530 0.689067
0.468435 0.674808
0.465128 0.657917
0.452144 0.652310
0.447664 0.658030
0.442177 0.658512
0.441532 0.642898
0.437892 0.649811
0.431741 0.651929
0.427523 0.642334
0.416593 0.645550
0.414409 0.647239
0.410179 0.631997
0.412982 0.629182
0.404021 0.616903
0.408148 0.642993
0.404495 0.651655
0.401704 0.657125
0.396449 0.657014
0.394817 0.662405
0.382939 0.649573
0.379812 0.649138
0.366758 0.665785
0.355107 0.666179
0.359679 0.688414
0.360743 0.690554
0.366755 0.700655
0.363420 0.706664
0.351255 0.693776
0.347425 0.690006
0.342222 0.697375
0.334837 0.685730
0.339160 0.680134
0.342034 0.675445
0.335380 0.671223
0.338336 0.658449
0.329160 0.653026
0.318872 0.656290
0.315659 0.652641
0.312133 0.656515
0.303916 0.652033
0.304810 0.656364
0.304094 0.670517
0.297095 0.662757
0.290590 0.656252
0.303105 0.647442
0.310374 0.636994
0.321457 0.640435
0.336375 0.646989
0.336138 0.640247
0.344574 0.630140
0.350114 0.621112
0.357865 0.631105
0.374053 0.632441
0.380085 0.622294
0.394059 0.611727
0.375126 0.616472
0.361874 0.605250
0.369664 0.605224
0.384394 0.595140
0.380585 0.590228
0.384382 0.589808
0.393442 0.579253
0.393529 0.573931
0.385805 0.572694
0.395580 0.565291
0.400316 0.559541
0.394757 0.541844
0.391634 0.548127
0.366855 0.559287
0.367577 0.550375
0.363186 0.549979
0.357633 0.541234
0.353645 0.556418
0.353669 0.557505
0.356166 0.567341
0.345295 0.572116
0.366857 0.584812
0.359645 0.585817
0.356719 0.592441
0.345422 0.587162
0.341423 0.589971
0.321428 0.570978
0.312310 0.567715
0.302034 0.578846
0.300214 0.575921
0.299625 0.568198
0.308183 0.563941
0.321213 0.544216
0.333590 0.544637
0.318499 0.530270
0.317679 0.536259
0.314995 0.540778
0.295728 0.538504
0.293799 0.542044
0.291890 0.537662
0.292228 0.529434
0.308448 0.517814
0.311485 0.519046
0.320870 0.517760
0.322918 0.522960
0.331470 0.523408
0.340649 0.531375
0.345157 0.507932
0.359522 0.521289
0.368566 0.521818
0.380856 0.525693
0.382208 0.532957
0.388471 0.526051
0.392441 0.519284
0.376555 0.517231
0.372755 0.512588
0.377307 0.508548
0.383756 0.507308
0.412301 0.502516
0.414793 0.491050
0.420449 0.480311
0.424542 0.491602
0.426197 0.489733
0.426877 0.486408
0.443801 0.476450
0.444599 0.487755
0.452888 0.486930
0.452586 0.506792
0.432678 0.508385
0.435437 0.513763
0.439793 0.516718
0.425189 0.533338
0.423501 0.537224
0.439077 0.541827
0.434311 0.567807
0.437844 0.586435
0.422077 0.580349
0.411196 0.555966
0.408508 0.563940
0.405088 0.566048
0.405906 0.566540
0.403753 0.581101
0.408555 0.585083
0.403122 0.592285
0.407993 0.593999
0.417379 0.592945
0.421383 0.590685
0.422514 0.593003
0.416924 0.602900
0.414172 0.605163
0.418729 0.603869
0.423840 0.607008
0.421973 0.612340
0.436142 0.615954
0.441808 0.608654
0.461049 0.614514
0.451052 0.621518
0.451888 0.624340
0.451566 0.628927
0.454835 0.640812
0.474927 0.629470
0.480235 0.613178
0.457930 0.604754
0.456116 0.590245
0.462908 0.587654
0.463368 0.591008
0.466603 0.597395
0.472603 0.600201
0.485520 0.587354
0.486678 0.586813
0.468309 0.578082
0.465918 0.564226
0.468499 0.563616
0.471167 0.555201
0.476684 0.556584
0.482636 0.553550
0.483052 0.531807
0.467928 0.525483
0.472220 0.512283
0.480340 0.505652
0.466131 0.479012
0.466466 0.466407
0.464426 0.464040
0.458027 0.459038
0.455431 0.461450
0.449748 0.467033
0.447397 0.450997
0.476344 0.459303
0.476391 0.457740
0.479591 0.452940
0.478907 0.448468
0.482740 0.443543
0.490507 0.444719
0.486207 0.420178
0.491577 0.413951
0.505236 0.407164
0.509303 0.409298
0.514963 0.401009
0.522633 0.395326
0.548609 0.400634
0.557622 0.392627
0.564362 0.380849
0.554155 0.384235
0.543252 0.379222
0.537243 0.374853
0.543454 0.372842
0.555271 0.366163
0.561799 0.365867
0.566831 0.360027
0.564095 0.343703
0.585825 0.348439
0.591130 0.338012
0.607667 0.336176
0.622881 0.334655
0.617674 0.355967
0.606345 0.357217
0.583067 0.375866
0.580743 0.385404
0.586459 0.387778
0.584365 0.398249
0.589066 0.405466
0.587193 0.407037
0.589125 0.407549
0.590554 0.409457
0.594553 0.408392
0.599400 0.403805
0.605949 0.417032
0.613176 0.407307
0.622524 0.402590
0.621819 0.380999
0.614898 0.368812
0.628469 0.363666
0.630246 0.363760
0.629927 0.366090
0.636960 0.391269
0.644061 0.372374
0.652351 0.369242
0.664668 0.368167
0.662786 0.386265
0.679908 0.379975
0.681819 0.384064
0.678410 0.387834
0.672365 0.386682
0.670253 0.389375
0.670924 0.394243
0.673860 0.396460
0.675286 0.396139
0.678803 0.403410
0.665020 0.403262
0.653853 0.410839
0.658879 0.412878
0.664888 0.414760
0.663056 0.419884
0.667336 0.423082
0.668620 0.427636
0.665015 0.432615
0.656808 0.436359
0.652178 0.444082
0.644691 0.433937
0.621133 0.433947
0.610271 0.428245
0.609925 0.429916
0.612436 0.436767
0.608414 0.436151
0.598800 0.443665
0.608906 0.459626
0.619842 0.443098
0.634313 0.442621
0.640708 0.455025
0.655584 0.449834
0.659530 0.447241
0.646793 0.460463
0.642397 0.464409
0.646381 0.466726
0.644981 0.485079
0.632498 0.490490
0.639602 0.491524
0.653013 0.486555
0.660384 0.487678
0.668171 0.469256
0.684676 0.467502
0.688527 0.464947
0.690422 0.453687
0.690428 0.425041
0.698199 0.418522
0.701291 0.413824
0.702826 0.412523
0.693062 0.409322
0.690196 0.403439
0.696123 0.399162
0.706026 0.400191
0.713171 0.418830
0.701575 0.421366
0.700816 0.435962
0.697680 0.451802
0.708974 0.465531
0.714911 0.483607
0.728171 0.488259
0.736664 0.487703
0.745859 0.483086
0.759540 0.470061
0.765616 0.456157
0.776256 0.450417
0.790993 0.439002
0.780237 0.430171
0.775079 0.431488
0.766607 0.426613
0.762765 0.440517
0.759653 0.440955
0.752728 0.438665
0.746076 0.444706
0.741186 0.444064
0.750520 0.456288
0.751074 0.461300
0.738916 0.458044
0.728882 0.441446
0.732955 0.430388
0.738481 0.426028
0.742658 0.425469
0.730417 0.422455
0.735294 0.406791
0.756066 0.398250
0.761838 0.390469
0.758539 0.385533
0.773422 0.378570
0.775061 0.378975
0.775476 0.374491
0.782028 0.364654
0.791399 0.362665
0.796285 0.367380
0.795185 0.372405
0.776286 0.398810
0.784759 0.410877
0.783638 0.419779
0.786818 0.416608
0.795114 0.409967
0.810744 0.412467
0.808618 0.407461
0.805666 0.401444
0.811263 0.390843
0.809898 0.384918
0.797625 0.382908
0.799731 0.373313
0.806799 0.364717
0.812206 0.358503
0.818887 0.359060
0.824638 0.363670
0.814592 0.376287
0.824685 0.382125
0.831225 0.375139
0.834477 0.369486
0.840050 0.374104
0.840150 0.382636
0.851777 0.371004
0.852552 0.369406
0.846991 0.356256
0.844775 0.345699
0.848097 0.340115
0.848502 0.329849
0.840924 0.308458
0.851042 0.326832
0.875837 0.342329
0.876136 0.376011
0.874554 0.392721
0.879691 0.398953
0.899067 0.412846
0.889238 0.414400
0.886062 0.415501
0.870580 0.411238
0.868677 0.396161
0.856791 0.397432
0.859549 0.405407
0.836164 0.408445
0.833885 0.415872
0.823471 0.416069
0.820352 0.420979
0.806737 0.431963
0.814510 0.436316
0.818658 0.442982
0.808433 0.443179
0.800393 0.452746
0.796580 0.458218
0.796634 0.459064
0.790586 0.471472
0.787423 0.475417
0.795051 0.479768
0.787527 0.493492
0.805235 0.488584
0.815310 0.476009
0.823279 0.466499
0.836522 0.464966
0.837238 0.461981
0.834034 0.453310
0.833296 0.448031
0.832337 0.447895
0.831867 0.435505
0.839837 0.431684
0.841139 0.435612
0.858437 0.438227
0.858704 0.441317
0.865389 0.440328
0.868762 0.455529
0.876698 0.451173
0.879404 0.465814
0.877564 0.479808
0.877887 0.481321
0.879149 0.481214
0.883091 0.492475
0.868640 0.483423
0.845171 0.480133
0.840500 0.479893
0.829763 0.480259
0.822415 0.479475
0.818058 0.480447
0.822789 0.505211
0.805421 0.498457
0.792552 0.506182
0.795111 0.512984
0.796089 0.514955
0.776630 0.510268
0.773480 0.509265
0.771816 0.508813
0.769205 0.502807
0.766946 0.513732
0.762220 0.525289
0.769495 0.527558
0.783451 0.526902
0.792807 0.527071
0.792453 0.536965
0.778300 0.542246
0.782607 0.557411
0.764047 0.557704
0.761079 0.551591
0.758017 0.560516
0.756701 0.562064
0.758182 0.572357
0.760090 0.580330
0.763083 0.591118
0.770823 0.591985
0.771708 0.594200
0.769599 0.595332
0.770761 0.601837
0.767733 0.602169
0.766569 0.608273
0.763310 0.601473
0.758398 0.604150
0.745760 0.608650
0.752773 0.598228
0.755244 0.595913
0.742934 0.588227
0.736927 0.580061
0.733881 0.575787
0.736326 0.575076
0.746074 0.572372
0.739936 0.563440
0.742434 0.550732
0.733258 0.538243
0.739444 0.535566
0.744942 0.535881
0.749870 0.523468
0.741012 0.524470
0.727885 0.516211
0.724265 0.526585
0.719530 0.531163
0.718796 0.525677
0.706477 0.510648
0.705497 0.531399
0.712860 0.545402
0.697176 0.541780
0.695293 0.547341
0.688134 0.539897
0.689279 0.530859
0.684820 0.525536
0.687382 0.524348
0.684111 0.517401
0.693837 0.506148
0.696836 0.497693
0.691711 0.489936
0.683124 0.500381
0.677444 0.501308
0.672453 0.500078
0.653317 0.497699
0.649849 0.495761
0.652682 0.514545
0.666408 0.504646
0.678079 0.515667
0.674357 0.531566
0.672258 0.537001
0.674163 0.539513
0.666035 0.543193
0.659138 0.541854
0.659659 0.545666
0.676638 0.560914
0.700087 0.562714
0.702026 0.557331
0.705046 0.553897
0.713782 0.552372
0.710776 0.565076
0.709009 0.565215
0.709599 0.580070
0.711477 0.582702
0.699962 0.595774
0.712642 0.600146
0.711762 0.607380
0.709515 0.607249
0.702421 0.603505
0.692388 0.603863
0.679142 0.597889
0.677739 0.605449
0.675553 0.609350
0.671536 0.610677
0.652503 0.606764
0.651464 0.586294
0.670016 0.583745
0.676028 0.572298
0.666918 0.567097
0.658188 0.566886
0.645932 0.556398
0.639623 0.564405
0.635582 0.567784
0.641912 0.581610
0.621962 0.574984
0.607172 0.565268
0.600471 0.565261
0.593746 0.559723
0.606522 0.552481
0.588412 0.543174
0.571611 0.535982
0.575830 0.530656
0.568293 0.528140
0.575115 0.507267
0.596182 0.517204
0.593478 0.523445
0.607604 0.527612
0.619289 0.530884
0.617671 0.520854
0.611745 0.518152
0.617992 0.511093
0.600171 0.493641
0.606390 0.487263
0.610193 0.481548
0.607627 0.470437
0.606345 0.464384
0.598202 0.458811
0.587158 0.460020
0.584610 0.464028
0.583935 0.464140
0.580789 0.467619
0.581728 0.472991
0.572622 0.466774
0.577915 0.447846
0.561816 0.436865
0.550452 0.419785
0.544342 0.421218
0.548338 0.435922
0.557050 0.458813
0.556054 0.463003
0.532936 0.460428
0.526235 0.455988
0.535455 0.442898
0.533132 0.442068
0.528470 0.435153
0.523321 0.423676
0.519679 0.417108
0.522849 0.434680
0.522363 0.438897
0.526515 0.447448
0.516008 0.457886
0.502164 0.456855
0.497409 0.459225
0.488842 0.471121
0.503131 0.466637
0.504735 0.477634
0.508330 0.482206
0.507963 0.475215
0.513141 0.469635
0.526823 0.470683
0.533844 0.473549
0.536080 0.481834
0.538607 0.480944
0.536788 0.477117
0.537773 0.475126
0.537697 0.472780
0.547052 0.467495
0.549452 0.473467
0.552055 0.474774
0.553729 0.472872
0.559585 0.475686
0.564054 0.475110
0.569793 0.475067
0.569481 0.476436
0.564772 0.478284
0.557145 0.486056
0.545818 0.493054
0.548592 0.499361
0.550258 0.503410
0.535817 0.522710
0.534089 0.525701
0.523785 0.503103
0.517327 0.508311
0.515713 0.513039
0.503871 0.528536
0.503534 0.533480
0.498984 0.538490
0.500477 0.544190
0.524244 0.532307
0.529531 0.539114
0.522193 0.565371
0.520150 0.569977
0.517893 0.568020
0.507138 0.572525
0.508584 0.576910
0.505418 0.582575
0.496050 0.589580
0.521996 0.594645
0.530989 0.578572
0.532914 0.570840
0.540346 0.584202
0.550517 0.582638
0.556451 0.582762
0.554966 0.575976
0.556503 0.561654
0.551752 0.555776
0.557553 0.552737
0.572516 0.555906
0.585395 0.563500
0.585055 0.567606
0.571394 0.569905
0.576291 0.571867
0.577971 0.575714
0.584864 0.573545
0.587020 0.579967
0.578675 0.590112
0.571989 0.596706
0.561050 0.611499
0.571548 0.614328
0.578217 0.613306
0.600515 0.609372
0.607989 0.587160
0.608912 0.596256
0.613236 0.601072
0.618207 0.611649
0.617817 0.614298
0.637880 0.599164
0.646222 0.604467
0.656057 0.612514
0.650759 0.627520
0.652359 0.639412
0.650661 0.649980
0.654690 0.650910
0.663506 0.639216
0.664187 0.624907
0.675148 0.622843
0.676488 0.619211
0.683005 0.611366
0.690900 0.612600
0.691542 0.613168
0.702233 0.622966
0.700619 0.627610
0.695015 0.633812
0.699736 0.636058
0.697675 0.640028
0.698649 0.643722
0.690079 0.640041
0.688747 0.637706
0.669560 0.637254
0.693890 0.651533
0.690377 0.663184
0.723217 0.659687
0.740275 0.637433
0.752455 0.651963
0.758536 0.667916
0.757347 0.674413
0.761281 0.671016
0.768461 0.635135
0.769163 0.638448
0.773892 0.652178
0.780328 0.658369
0.787371 0.658633
0.812791 0.674898
0.804596 0.679740
0.800455 0.682166
0.800622 0.688285
0.792660 0.681572
0.787837 0.677633
0.783260 0.692659
0.760848 0.684849
0.746349 0.687315
0.745535 0.686507
0.734053 0.686889
0.730261 0.685184
0.719620 0.686656
0.715874 0.691228
0.719398 0.702638
0.730439 0.701989
0.753657 0.698327
0.756851 0.706595
0.770851 0.716721
0.776111 0.724873
0.773473 0.729558
0.762151 0.727485
0.758656 0.716271
0.749744 0.711613
0.721591 0.719792
0.723037 0.710773
0.716221 0.708954
0.701217 0.708382
0.692536 0.708532
0.704026 0.692578
0.703849 0.680379
0.701328 0.679997
0.678744 0.684625
0.676668 0.681566
0.666840 0.682873
0.653955 0.683284
0.654239 0.686040
0.669017 0.695987
0.674801 0.703094
0.676745 0.707617
0.679684 0.710389
0.682470 0.713931
0.698047 0.724064
0.712275 0.724346
0.725731 0.730042
0.713968 0.742556
0.699099 0.754763
0.684369 0.745705
0.693357 0.776665
0.701930 0.761222
0.711987 0.759062
0.717973 0.770585
0.713480 0.775365
0.736518 0.786513
0.742223 0.790340
0.742262 0.795029
0.748743 0.801176
0.720184 0.804246
0.713679 0.804051
0.711098 0.801201
0.698769 0.803920
0.694335 0.804318
0.695053 0.811747
0.693829 0.818232
0.695695 0.821448
0.699019 0.829073
0.693748 0.835551
0.706721 0.831085
0.713214 0.839117
0.727336 0.829627
0.736991 0.824452
0.744323 0.829629
0.759269 0.810266
0.762648 0.821812
0.758997 0.828381
0.758522 0.839777
0.754649 0.836916
0.752758 0.836616
0.747837 0.843468
0.746679 0.844215
0.754111 0.850227
0.766299 0.848899
0.778085 0.838129
0.786546 0.824559
0.789454 0.834422
0.795669 0.852585
0.793838 0.857367
0.788969 0.863834
0.792278 0.868644
0.778941 0.875817
0.783830 0.879846
0.781393 0.889888
0.804395 0.893218
0.801890 0.888439
0.803389 0.871202
0.799787 0.858289
0.801648 0.854304
0.804619 0.844228
0.814153 0.833380
0.814530 0.823342
0.817003 0.817510
0.821143 0.823202
0.838693 0.843061
0.829871 0.843197
0.826921 0.846526
0.818511 0.852723
0.824639 0.860058
0.832160 0.864594
0.837401 0.867225
0.845585 0.871252
0.835853 0.883463
0.832065 0.894467
0.831216 0.899721
0.822624 0.899517
0.831730 0.906497
0.840359 0.910478
0.826741 0.914153
0.827012 0.918461
0.826940 0.922572
0.827095 0.927922
0.831141 0.932687
0.828070 0.942335
0.819639 0.949720
0.851692 0.951168
0.851000 0.956430
0.833605 0.971146
0.851520 0.989159
0.856631 0.991008
0.863887 0.995829
0.861386 0.972323
0.866313 0.944573
0.896236 0.947821
0.897234 0.948391
0.900943 0.957166
0.908421 0.965974
0.896621 0.969421
0.875726 0.966906
0.876638 0.997734
0.904262 0.988614
0.912498 0.991234
0.914948 0.994418
0.914093 0.980554
0.913392 0.973944
0.915703 0.973038
0.914432 0.969739
0.914587 0.961459
0.911693 0.955245
0.908967 0.951547
0.916628 0.939327
0.917994 0.936650
0.913796 0.935718
0.912926 0.934921
0.900483 0.938414
0.888060 0.919830
0.881882 0.914680
0.861820 0.913669
0.863813 0.907283
0.863246 0.891458
0.885613 0.862847
0.896534 0.862841
0.909382 0.878651
0.924995 0.880088
0.935436 0.876355
0.943452 0.879476
0.951238 0.869364
0.966861 0.888421
0.972807 0.889272
0.968774 0.899066
0.946302 0.889189
0.922767 0.894909
0.907015 0.890210
0.894495 0.903009
0.900932 0.909910
0.921771 0.908361
0.939060 0.903192
0.936201 0.921424
0.939747 0.924503
0.942041 0.926228
0.936057 0.937764
0.930891 0.941889
0.946690 0.948901
0.959380 0.959105
0.961822 0.968132
0.949163 0.973507
0.946410 0.964272
0.944010 0.963549
0.941419 0.968562
0.924554 0.974701
0.924933 0.995978
0.936117 0.985100
0.950520 0.997865
0.955779 0.991870
0.956470 0.986983
0.957085 0.985418
0.958377 0.981005
0.976204 0.992918
0.977205 0.993620
0.987066 0.992567
0.964537 0.975800
0.966873 0.962756
0.967438 0.949079
0.962444 0.938173
0.967467 0.946090
0.968304 0.946138
0.978243 0.959614
0.986299 0.951973
0.989590 0.956691
0.999694 0.957735
0.992916 0.944909
0.985138 0.933058
0.978967 0.926383
0.985107 0.911051
0.985840 0.890826
0.995591 0.892879
0.995633 0.877792
0.987931 0.877077
0.980634 0.878218
0.977380 0.864920
0.963018 0.854035
0.962535 0.853180
0.959485 0.851869
0.964449 0.847103
0.983098 0.856252
0.986303 0.846605
0.993975 0.842054
0.983988 0.842213
0.980699 0.825285
0.967260 0.817327
0.969077 0.811439
0.987465 0.811249
0.997723 0.797115
0.998791 0.790111
0.999048 0.775310
0.992316 0.797211
0.977960 0.802943
0.976912 0.803800
0.965389 0.795866
0.961464 0.793191
0.963160 0.798268
0.952818 0.809018
0.952158 0.802795
0.956725 0.795023
0.961398 0.789154
0.971323 0.788677
0.959734 0.776316
0.937254 0.779491
0.936843 0.790842
0.941713 0.792228
0.946578 0.805338
0.936605 0.807964
0.931697 0.819414
0.939527 0.829213
0.938116 0.833193
0.926923 0.834802
0.920260 0.835084
0.925692 0.850256
0.922442 0.861547
0.903714 0.864819
0.904218 0.854714
0.903973 0.846971
0.895926 0.842993
0.888825 0.841227
0.889710 0.846273
0.876146 0.849291
0.873686 0.853672
0.867605 0.853013
0.861825 0.847722
0.855060 0.831406
0.852864 0.829268
0.849453 0.828596
0.854124 0.827811
0.854931 0.821826
0.869252 0.814762
0.885259 0.832401
0.898921 0.832733
0.904694 0.834329
0.908202 0.831060
0.910940 0.820832
0.912166 0.819128
0.914957 0.819366
0.925383 0.811505
0.924303 0.802390
0.920522 0.799425
0.921890 0.798827
0.922986 0.792051
0.930732 0.770846
0.914691 0.777695
0.908335 0.780345
0.899869 0.774609
0.898908 0.770314
0.886753 0.765982
0.888292 0.770967
0.881118 0.777650
0.883737 0.782141
0.885663 0.792297
0.894353 0.799841
0.904296 0.798573
0.905080 0.803401
0.886838 0.807146
0.874273 0.795786
0.875025 0.789811
0.863205 0.785177
0.862221 0.784056
0.854442 0.803640
0.851297 0.812025
0.833317 0.812785
0.832746 0.813297
0.833309 0.805808
0.837743 0.795158
0.826933 0.797574
0.803537 0.796301
0.805528 0.790353
0.802949 0.788136
0.802575 0.784226
0.790388 0.796070
0.782690 0.792661
0.763137 0.796445
0.755102 0.792115
0.751015 0.780714
0.751338 0.777013
0.741914 0.769816
0.737946 0.769730
0.739866 0.766667
0.730698 0.761603
0.725845 0.747598
0.735741 0.743698
0.737505 0.741845
0.736624 0.750644
0.751310 0.752150
0.752051 0.752224
0.764148 0.771105
0.766463 0.774129
0.769426 0.777413
0.777339 0.782551
0.782738 0.776712
0.770149 0.757990
0.772783 0.749422
0.790879 0.749435
0.798079 0.764197
0.802398 0.767507
0.798833 0.774911
0.806159 0.776832
0.831032 0.775147
0.836333 0.774541
0.838469 0.768764
0.848380 0.774990
0.869281 0.750006
0.855540 0.750962
0.850937 0.750668
0.849400 0.749414
0.839124 0.755340
0.837773 0.755550
0.819707 0.750008
0.817134 0.744410
0.817702 0.736666
0.812505 0.737105
0.800223 0.733700
0.799152 0.731015
0.795270 0.735532
0.794015 0.733919
0.794302 0.728828
0.785802 0.720554
0.781228 0.719361
0.777458 0.713982
0.778333 0.705676
0.788279 0.718738
0.792470 0.719697
0.801480 0.726170
0.802583 0.722073
0.805744 0.717689
0.814765 0.715518
0.812871 0.705921
0.815316 0.704369
0.809699 0.702035
0.816677 0.696947
0.828293 0.690451
0.829370 0.685991
0.827828 0.682921
0.834474 0.673569
0.839721 0.677858
0.841752 0.678593
0.840448 0.688040
0.838966 0.690650
0.840916 0.693805
0.853885 0.697766
0.855579 0.700283
0.872522 0.687559
0.884977 0.707642
0.892791 0.700460
0.898480 0.705051
0.905340 0.705015
0.907925 0.715293
0.895196 0.716102
0.878875 0.717602
0.869030 0.723648
0.868120 0.717721
0.857160 0.708427
0.835718 0.705887
0.835896 0.710237
0.841304 0.735466
0.849661 0.721896
0.858208 0.723404
0.858160 0.732738
0.866732 0.740109
0.885750 0.730603
0.887155 0.730891
0.895619 0.727586
0.889061 0.744980
0.901286 0.749688
0.922358 0.749971
0.923945 0.744069
0.923995 0.708545
0.939419 0.742293
0.948548 0.749306
0.948857 0.743432
0.948596 0.738637
0.953467 0.737591
0.965121 0.730196
0.966549 0.733792
0.964880 0.740463
0.976843 0.744857
0.982113 0.752804
0.985668 0.747948
0.986652 0.733185
0.997111 0.733606
0.998052 0.725561
0.996128 0.707187
0.993610 0.697024
0.986825 0.698305
0.978500 0.709982
0.974348 0.709373
0.968739 0.716666
0.972542 0.705174
0.963318 0.701835
0.945165 0.691072
0.971673 0.688327
0.979604 0.689273
0.977129 0.671306
0.955590 0.671612
0.964411 0.655793
0.977717 0.644274
0.984169 0.636219
0.979965 0.632310
0.960553 0.644897
0.945184 0.652704
0.945505 0.654271
0.941460 0.659850
0.945804 0.662119
0.950422 0.664152
0.933346 0.677249
0.937306 0.687206
0.922786 0.697987
0.912486 0.693676
0.920101 0.681275
0.918025 0.664896
0.910230 0.664901
0.904716 0.658427
0.894894 0.673922
0.894302 0.677891
0.879917 0.685326
0.880754 0.665966
0.868144 0.662120
0.858981 0.657615
0.859054 0.660776
0.858482 0.664417
0.855473 0.672868
0.850648 0.677073
0.853034 0.669367
0.848957 0.658752
0.845538 0.658067
0.851076 0.651928
0.831289 0.648102
0.829877 0.646373
0.828192 0.637380
0.818763 0.650243
0.805394 0.652767
0.798724 0.642914
0.804055 0.635095
0.812023 0.642471
0.818000 0.625269
0.801499 0.612626
0.813024 0.600351
0.815447 0.585283
0.804354 0.589405
0.795695 0.589145
0.794422 0.599769
0.781422 0.600561
0.776328 0.589425
0.784300 0.589298
0.786835 0.583907
0.777496 0.574543
0.810040 0.548552
0.802372 0.516067
0.816976 0.526698
0.819329 0.521950
0.832413 0.513797
0.851373 0.514478
0.846829 0.516314
0.827722 0.526816
0.833152 0.553048
0.853691 0.563040
0.873889 0.567819
0.876855 0.572947
0.876650 0.565764
0.878011 0.564165
0.876031 0.556238
0.875376 0.556279
0.874737 0.555977
0.866517 0.553834
0.875609 0.549855
0.898326 0.556377
0.899253 0.557309
0.902099 0.553061
0.912441 0.561369
0.917267 0.552694
0.920645 0.560540
0.918869 0.562454
0.919125 0.563394
0.911086 0.574916
0.896375 0.585455
0.884336 0.591948
0.867445 0.589690
0.858906 0.603181
0.853152 0.597589
0.856470 0.578044
0.848948 0.569253
0.847377 0.568843
0.836247 0.580731
0.835393 0.588006
0.843893 0.602870
0.841957 0.616085
0.863182 0.609786
0.863066 0.611141
0.875096 0.620843
0.864015 0.618478
0.853730 0.627220
0.851246 0.628734
0.848885 0.636346
0.857131 0.634401
0.861443 0.633386
0.865101 0.632708
0.869268 0.639966
0.874178 0.639310
0.882457 0.637937
0.883657 0.648662
0.886457 0.649566
0.898514 0.650543
0.891066 0.641421
0.891738 0.618947
0.898906 0.619423
0.909035 0.618747
0.917402 0.637486
0.911024 0.643906
0.913613 0.655471
0.914917 0.653945
0.929925 0.645985
0.932150 0.641875
0.930744 0.628824
0.919971 0.628847
0.928017 0.624381
0.937796 0.618424
0.937981 0.615802
0.947130 0.610216
0.949478 0.606442
0.936149 0.603547
0.925199 0.599965
0.920187 0.598919
0.900283 0.607761
0.899226 0.592315
0.903749 0.591665
0.905575 0.589469
0.923533 0.580655
0.924323 0.582008
0.952606 0.593440
0.953666 0.599091
0.961742 0.596196
0.960990 0.594880
0.961103 0.591841
0.957044 0.583163
0.953782 0.581085
0.961263 0.566714
0.967344 0.569384
0.974471 0.574167
0.978278 0.581379
0.979103 0.583284
0.972537 0.590437
0.983085 0.592418
0.977584 0.600531
0.971664 0.625678
0.991379 0.618320
0.995659 0.601819
0.996606 0.571910
0.996948 0.567926
0.986735 0.563331
0.998581 0.560272
0.993993 0.540072
0.976148 0.512892
0.996508 0.503363
0.994912 0.485224
0.998245 0.468299
0.994970 0.458125
0.992564 0.451785
0.999502 0.441653
0.997518 0.436435
0.987965 0.418151
0.982089 0.409295
0.981293 0.433720
0.988543 0.440008
0.983443 0.442622
0.983137 0.449212
0.982669 0.458982
0.975387 0.465242
0.973771 0.467468
0.962249 0.466468
0.957072 0.466956
0.961033 0.469825
0.971879 0.471924
0.984833 0.487683
0.988457 0.492166
0.973554 0.489975
0.960259 0.502293
0.968584 0.505163
0.967219 0.510221
0.963852 0.531461
0.969365 0.541411
0.970533 0.548806
0.972640 0.551169
0.965557 0.555356
0.961329 0.554356
0.946949 0.548808
0.954230 0.544983
0.953926 0.533216
0.936063 0.537776
0.930594 0.539775
0.932572 0.535410
0.932376 0.531512
0.942301 0.518193
0.924360 0.507974
0.922913 0.530697
0.920772 0.527703
0.915870 0.525231
0.910868 0.523548
0.896716 0.527297
0.882521 0.522691
0.877213 0.520861
0.876594 0.529992
0.860094 0.525044
0.870205 0.514730
0.880345 0.516649
0.888049 0.509066
0.891342 0.511099
0.891461 0.509822
0.895791 0.507074
0.903300 0.491119
0.898900 0.488414
0.900542 0.481709
0.913288 0.480009
0.919504 0.476207
0.921251 0.487219
0.920776 0.491996
0.926685 0.488726
0.929968 0.494304
0.930083 0.488537
0.933811 0.478823
0.937506 0.487567
0.943617 0.488416
0.947573 0.479309
0.943548 0.469405
0.941866 0.466514
0.942452 0.463038
0.933663 0.459342
0.931309 0.455246
0.934062 0.450830
0.920446 0.451717
0.896521 0.451590
0.901417 0.446720
0.902991 0.439319
0.935561 0.435360
0.938842 0.444808
0.940966 0.443508
0.953347 0.448009
0.969616 0.438819
0.947675 0.430399
0.949300 0.413960
0.927363 0.409367
0.907022 0.409953
0.928367 0.400858
0.933256 0.392714
0.929330 0.386759
0.917747 0.385344
0.931297 0.373725
0.923608 0.375679
0.916397 0.372476
0.900176 0.366835
0.900019 0.356576
0.891120 0.352304
0.908254 0.334623
0.911022 0.323451
0.907481 0.315916
0.915324 0.321079
0.927771 0.311109
0.920080 0.330302
0.935719 0.336094
0.925605 0.356101
0.926645 0.361890
0.940435 0.357612
0.942691 0.370903
0.950591 0.367781
0.954506 0.363282
0.954419 0.366516
0.951285 0.374983
0.963308 0.385849
0.968687 0.391219
0.996361 0.400854
0.994655 0.395361
0.986139 0.369884
0.973326 0.358343
0.982686 0.338479
0.976788 0.343116
0.967897 0.346537
0.955333 0.336405
0.955493 0.322564
0.963501 0.320394
0.963152 0.318398
0.969243 0.314939
0.973520 0.322347
0.983836 0.323927
0.984789 0.328851
0.997882 0.329327
0.991203 0.318750
0.999003 0.311536
0.994103 0.295720
0.986107 0.301653
0.976083 0.293219
0.964463 0.290738
0.966982 0.307594
0.959388 0.308782
0.950881 0.307710
0.943358 0.298502
0.933612 0.286319
0.937039 0.275691
0.922162 0.280848
0.907880 0.309907
0.882763 0.319553
0.876962 0.324083
0.879781 0.311186
0.888394 0.304178
0.894826 0.297560
0.901920 0.282299
0.922666 0.278950
0.922228 0.268226
0.917511 0.262059
0.905123 0.266503
0.905163 0.263113
0.896783 0.262493
0.895550 0.267290
0.883345 0.267422
0.882332 0.267055
0.867300 0.260680
0.868738 0.267224
0.872517 0.279782
0.869008 0.287664
0.857348 0.282157
0.864324 0.304286
0.847687 0.295205
0.836302 0.285755
0.826058 0.286160
0.828887 0.275011
0.838168 0.268240
0.842358 0.262962
0.847735 0.263327
0.848607 0.256522
0.845679 0.254010
0.830677 0.255173
0.828873 0.244598
0.822340 0.253746
0.811454 0.261800
0.809084 0.261912
0.802984 0.258905
0.791613 0.264568
0.789179 0.268013
0.790661 0.301564
0.803075 0.296784
0.808645 0.294037
0.808898 0.293357
0.812910 0.282929
0.811868 0.293277
0.808927 0.311014
0.805442 0.320399
0.807505 0.324162
0.809695 0.328323
0.809232 0.337875
0.794728 0.341771
0.795871 0.328418
0.791795 0.326926
0.777759 0.323130
0.775488 0.340619
0.776538 0.349192
0.771150 0.353050
0.769758 0.356420
0.762692 0.345221
0.764948 0.342336
0.767035 0.338548
0.769147 0.330296
0.771079 0.315580
0.763920 0.322850
0.748021 0.332515
0.740963 0.333682
0.732288 0.331233
0.755241 0.311322
0.756536 0.305741
0.758644 0.304260
0.774477 0.292430
0.770750 0.287657
0.751772 0.275885
0.762793 0.264762
0.776430 0.253511
0.757110 0.256185
0.745853 0.259165
0.748066 0.233065
0.744772 0.220386
0.744180 0.212910
0.748965 0.214084
0.750959 0.206962
0.745170 0.201413
0.756457 0.195641
0.762103 0.196767
0.758863 0.204028
0.773405 0.205128
0.785593 0.200864
0.787263 0.193272
0.798297 0.200433
0.798431 0.199163
0.807352 0.195869
0.812984 0.200547
0.810282 0.207667
0.799421 0.205035
0.778828 0.229701
0.777936 0.237260
0.793666 0.239866
0.794915 0.234350
0.798100 0.228492
0.810985 0.239349
0.817975 0.236557
0.820843 0.222757
0.816111 0.216683
0.829763 0.218176
0.841572 0.224736
0.838673 0.230109
0.844418 0.228432
0.857339 0.223712
0.864577 0.203637
0.863319 0.200744
0.869286 0.186755
0.878003 0.199454
0.881842 0.197894
0.890675 0.191341
0.898715 0.192068
0.893077 0.201045
0.883771 0.220885
0.873439 0.224237
0.860197 0.231752
0.858251 0.246454
0.877945 0.236255
0.885889 0.242128
0.885681 0.232506
0.908403 0.212619
0.922605 0.224785
0.934847 0.208802
0.940752 0.214746
0.942352 0.209601
0.940736 0.207984
0.935457 0.198469
0.945463 0.195851
0.944432 0.197999
0.949100 0.207758
0.957125 0.217445
0.957572 0.219776
0.962064 0.216541
0.971773 0.232054
0.955711 0.240024
0.964176 0.249433
0.975297 0.244175
0.979503 0.248577
0.974964 0.253034
0.968462 0.258931
0.964565 0.256645
0.946708 0.271062
0.943917 0.273061
0.955037 0.275842
0.954234 0.277590
0.956195 0.285435
0.963281 0.285794
0.961414 0.280663
0.964998 0.278579
0.969526 0.270135
0.975828 0.269283
0.993432 0.282727
0.994348 0.270593
0.993930 0.257020
0.995006 0.238554
0.985208 0.213757
0.989848 0.205712
0.999125 0.207154
0.995856 0.186336
0.994442 0.184645
0.980149 0.195621
0.972017 0.208462
0.967245 0.199173
0.957708 0.190354
0.955854 0.188248
0.955686 0.184558
0.946454 0.172993
0.943833 0.171339
0.968515 0.156035
0.955986 0.154371
0.942384 0.149097
0.933349 0.134952
0.944005 0.132510
0.951318 0.124570
0.954635 0.133352
0.967347 0.126846
0.982681 0.139549
0.983562 0.141266
0.991263 0.159494
0.996967 0.156062
0.990256 0.138439
0.989216 0.132092
0.989101 0.126408
0.983677 0.115814
0.977184 0.103760
0.959887 0.098664
0.955365 0.107159
0.943238 0.110314
0.941857 0.113111
0.932449 0.106295
0.914010 0.105327
0.920084 0.126372
0.897450 0.131705
0.921311 0.149793
0.926118 0.172509
0.929312 0.172459
0.927352 0.174654
0.922113 0.184838
0.924615 0.187244
0.923619 0.194292
0.926715 0.207557
0.920597 0.193859
0.920104 0.192134
0.915254 0.191078
0.914664 0.181943
0.909687 0.181746
0.913151 0.160297
0.896767 0.154271
0.890014 0.160879
0.889944 0.170035
0.884176 0.175029
0.879397 0.168261
0.874685 0.161027
0.869422 0.161538
0.870915 0.157615
0.883978 0.153616
0.882207 0.145434
0.882031 0.133944
0.871800 0.124438
0.863836 0.137562
0.862132 0.129735
0.855726 0.129778
0.848353 0.125243
0.844549 0.140196
0.857135 0.164744
0.855154 0.166200
0.857009 0.167772
0.858289 0.171762
0.849490 0.167990
0.845577 0.171180
0.839469 0.171191
0.842518 0.184436
0.836786 0.210128
0.833144 0.206778
0.820810 0.208641
0.819423 0.191219
0.820248 0.188573
0.822206 0.185937
0.829920 0.184513
0.815636 0.180509
0.807568 0.170929
0.791484 0.178619
0.791503 0.179866
0.781489 0.174825
0.773337 0.175932
0.775464 0.162219
0.775788 0.162115
0.776925 0.161006
0.778882 0.146231
0.785194 0.151283
0.797288 0.157913
0.823524 0.154310
0.818328 0.146602
0.826405 0.119503
0.823499 0.120086
0.815325 0.112247
0.821225 0.105841
0.832301 0.100811
0.841813 0.101900
0.858494 0.098734
0.864188 0.104686
0.871829 0.113974
0.887310 0.114421
0.888291 0.112891
0.896206 0.112263
0.895717 0.087339
0.890490 0.083685
0.886993 0.075629
0.879697 0.075809
0.870637 0.066776
0.857912 0.049472
0.868682 0.052368
0.872760 0.047374
0.883468 0.045389
0.873960 0.037528
0.866148 0.027552
0.879698 0.028858
0.881899 0.029155
0.896077 0.023269
0.901146 0.026018
0.894930 0.030033
0.898077 0.031546
0.898481 0.033283
0.902225 0.040404
0.924235 0.043116
0.917784 0.053099
0.908909 0.054104
0.906475 0.071121
0.930875 0.078943
0.931637 0.073224
0.938686 0.074171
0.939104 0.077552
0.948283 0.082428
0.951049 0.068843
0.947732 0.062417
0.939590 0.033918
0.963444 0.034815
0.951718 0.065746
0.962991 0.071443
0.971320 0.068264
0.982545 0.089006
0.995636 0.088759
0.994176 0.074259
0.999756 0.069390
0.999710 0.049881
0.999390 0.049323
0.977649 0.044282
0.977814 0.035734
0.989260 0.039650
0.987386 0.035681
0.993940 0.026366
0.995185 0.013137
0.969703 0.001820
0.961542 0.003850
0.951495 0.005406
0.936829 0.001165
0.936909 0.004460
0.933705 0.006752
0.925448 0.014438
0.920153 0.028662
0.919223 0.030641
0.910515 0.023438
0.905491 0.012121
0.897119 0.008044
0.892596 0.017750
0.873474 0.007433
0.863911 0.009010
0.839784 0.001305
0.834181 0.007061
0.831378 0.001387
0.828189 0.004590
0.826994 0.009891
0.824157 0.013331
0.807474 0.012079
0.801023 0.011801
0.779590 0.004676
0.775980 0.016931
0.768681 0.028945
0.746609 0.041137
0.753931 0.042293
0.767394 0.041064
0.778708 0.040361
0.786733 0.036426
0.793651 0.029232
0.803834 0.021396
0.789445 0.057387
0.783988 0.062082
0.796546 0.068542
0.798575 0.064294
0.810694 0.073232
0.812116 0.057895
0.818712 0.050670
0.817204 0.046032
0.831287 0.033167
0.836509 0.041975
0.823837 0.069000
0.837320 0.071185
0.839605 0.065503
0.842227 0.070206
0.852993 0.067972
0.852331 0.083685
0.846461 0.080236
0.832350 0.089797
0.824974 0.101480
0.813532 0.101235
0.802644 0.100448
0.798646 0.101909
0.801007 0.113191
0.812768 0.127390
0.807828 0.131103
0.806160 0.142943
0.801837 0.141533
0.799489 0.136238
0.784007 0.133015
0.781941 0.131999
0.780620 0.130713
0.774119 0.143196
0.767570 0.135756
0.772171 0.134365
0.769813 0.123339
0.778515 0.126687
0.781382 0.120159
0.781307 0.117411
0.781434 0.106475
0.790839 0.096907
0.797557 0.088531
0.785419 0.079039
0.781008 0.072442
0.779632 0.075871
0.770754 0.084581
0.773685 0.097778
0.764563 0.098100
0.763490 0.092872
0.760412 0.080251
0.757235 0.072185
0.760075 0.068282
0.756230 0.064901
0.755027 0.066221
0.752464 0.064123
0.751419 0.062104
0.751548 0.053796
0.747867 0.053262
0.742663 0.059788
0.737513 0.059434
0.741611 0.072343
0.733673 0.079903
0.733956 0.081814
0.744065 0.085915
0.735975 0.095447
0.747654 0.097228
0.754751 0.103194
0.752540 0.109334
0.755092 0.129772
0.741048 0.141504
0.725280 0.135593
0.719107 0.129107
0.725640 0.096837
0.725041 0.094155
0.726149 0.084187
0.726037 0.069317
0.719768 0.066309
0.713533 0.077602
0.695881 0.071845
0.686785 0.074184
0.683328 0.070243
0.678750 0.071886
0.673639 0.074143
0.662147 0.062674
0.666721 0.074742
0.670617 0.082880
0.672818 0.082312
0.688270 0.081008
0.695898 0.080670
0.696618 0.082453
0.697871 0.081369
0.708727 0.086869
0.709899 0.101063
0.709490 0.102074
0.708846 0.105526
0.705566 0.108604
0.682901 0.105503
0.676336 0.105369
0.665892 0.090870
0.658443 0.084368
0.648258 0.105005
0.642374 0.098877
0.637760 0.098803
0.629274 0.102785
0.629667 0.097040
0.632896 0.095642
0.631868 0.092831
0.637026 0.065349
0.646732 0.060218
0.658750 0.050471
0.667194 0.034383
0.679443 0.044412
0.697128 0.030145
0.703054 0.054328
0.718800 0.046632
0.721479 0.053007
0.729283 0.049684
0.732567 0.049446
0.731250 0.030231
0.730331 0.025673
0.729207 0.020080
0.744568 0.012301
0.735823 0.006119
0.725574 0.000872
0.712249 0.009993
0.681270 0.003601
0.670730 0.004382
0.678932 0.011428
0.674893 0.017136
0.661700 0.016274
0.648906 0.030389
0.634588 0.034699
0.654144 0.005918
0.651246 0.005370
0.648941 0.004745
0.628892 0.001022
0.627511 0.004845
0.625693 0.021469
0.615615 0.022784
0.614060 0.019968
0.612023 0.018320
0.603593 0.015821
0.598294 0.007305
0.594030 0.005332
0.586730 0.003372
0.578083 0.006541
0.571108 0.007723
0.583944 0.024580
0.595849 0.025453
0.591435 0.031384
0.590957 0.040679
0.579551 0.047199
0.585795 0.049775
0.589765 0.055794
0.594915 0.059623
0.597081 0.068267
0.613200 0.061299
0.607750 0.076615
0.569554 0.084596
0.573305 0.066593
0.566633 0.055432
0.561929 0.051383
0.558697 0.047403
0.555239 0.055732
0.551314 0.056375
0.556592 0.072714
0.543781 0.070983
0.542542 0.070662
0.539801 0.077069
0.523001 0.060063
0.512473 0.059825
0.512465 0.057804
0.512714 0.052870
0.498358 0.051492
0.490074 0.060774
0.502430 0.064281
0.501572 0.070891
0.496081 0.075486
0.500924 0.097006
0.509914 0.086554
0.512568 0.087260
0.521748 0.083732
0.526229 0.080458
0.525685 0.084850
0.529103 0.087939
0.526562 0.094358
0.539980 0.095442
0.557230 0.111015
0.571322 0.111904
0.574242 0.106238
0.581084 0.110149
0.583456 0.126138
0.583226 0.130784
0.594158 0.106937
0.607940 0.109735
0.603552 0.117705
0.611638 0.121992
0.613109 0.128497
0.601013 0.130660
0.600272 0.138598
0.606987 0.146796
0.610018 0.140332
0.623725 0.136251
0.615704 0.149253
0.615702 0.153832
0.618858 0.154888
0.622960 0.162741
0.624156 0.170628
0.616355 0.167182
0.602352 0.157731
0.596821 0.146341
0.590586 0.138389
0.572823 0.143318
0.574530 0.154402
0.556233 0.145507
0.563375 0.156947
0.563403 0.164648
0.559393 0.164270
0.549634 0.166870
0.545366 0.170354
0.545098 0.186695
0.524712 0.184398
0.525140 0.180067
0.534260 0.160902
0.534625 0.154536
0.535331 0.149146
0.530842 0.130993
0.517306 0.130428
0.526111 0.124412
0.532269 0.123171
0.540991 0.119602
0.535208 0.116228
0.522431 0.110881
0.520889 0.113914
0.514261 0.108997
0.509178 0.103352
0.513794 0.118764
0.515525 0.127660
0.503217 0.123870
0.501088 0.117397
0.473077 0.104790
0.478435 0.093102
0.485596 0.078755
0.478707 0.065699
0.466357 0.078865
0.458191 0.071872
0.455625 0.069334
0.454241 0.089008
0.444341 0.099913
0.450459 0.104997
0.458862 0.108939
0.477733 0.130756
0.477652 0.140241
0.457074 0.133201
0.452554 0.118090
0.451798 0.118461
0.430321 0.111883
0.436928 0.094195
0.424174 0.079767
0.430662 0.075883
0.444343 0.079893
0.443353 0.073739
0.441093 0.071225
0.446228 0.063546
0.437173 0.048617
0.442808 0.042288
0.444422 0.038230
0.446510 0.040748
0.445666 0.047773
0.457112 0.045894
0.463984 0.035453
0.481801 0.042864
0.480612 0.040668
0.480173 0.029168
0.484290 0.025783
0.499851 0.028323
0.507355 0.020845
0.521777 0.045587
0.525904 0.046719
0.536027 0.045003
0.546116 0.042652
0.526360 0.030040
0.541300 0.027828
0.541767 0.020381
0.547989 0.016082
0.534696 0.012488
0.533138 0.012281
0.519847 0.012864
0.520614 0.008858
0.491946 0.001148
0.469732 0.010741
0.468163 0.014076
0.462915 0.014497
0.452091 0.018277
0.455036 0.013104
0.453747 0.008661
0.447842 0.001935
0.440393 0.016728
0.448929 0.021190
0.444739 0.025338
0.443922 0.033669
0.434094 0.028756
0.427974 0.031547
0.430818 0.023567
0.432558 0.023425
0.431947 0.005638
0.407964 0.028157
0.412132 0.008704
0.400578 0.000402
0.397230 0.000824
0.383878 0.001944
0.380420 0.001752
0.376914 0.012468
0.386765 0.027500
0.392287 0.032190
0.401194 0.038472
0.405743 0.044879
0.410483 0.043342
0.420822 0.050191
0.419415 0.064226
0.406704 0.074853
0.412283 0.080546
0.390961 0.097150
0.375630 0.104041
0.387964 0.112681
0.397274 0.111913
0.400312 0.116556
0.423061 0.123196
0.423212 0.131771
0.423223 0.135098
0.428049 0.133819
0.435288 0.139634
0.447490 0.157913
0.454596 0.150988
0.452417 0.148109
0.458999 0.145617
0.468529 0.157377
0.464365 0.159178
0.450227 0.163818
0.455309 0.169377
0.480255 0.176344
0.497039 0.170034
0.503155 0.164832
0.515710 0.161633
0.521629 0.164140
0.509451 0.175083
0.507309 0.179040
0.511231 0.181673
0.500060 0.186155
0.498128 0.189805
0.490571 0.184722
0.485416 0.185360
0.483223 0.197351
0.493113 0.209791
0.496135 0.200237
0.505523 0.194199
0.506137 0.187926
0.518302 0.191904
0.527771 0.198186
0.538609 0.202179
0.531970 0.207914
0.531177 0.221999
0.532066 0.226920
0.545443 0.215269
0.558515 0.219030
0.559491 0.217383
0.566119 0.216188
0.574458 0.219360
0.578047 0.212676
0.582487 0.189246
0.588889 0.173143
0.597834 0.171192
0.616413 0.179878
0.620685 0.194993
0.630230 0.202919
0.623849 0.201920
0.609156 0.202310
0.596279 0.196503
0.594725 0.207099
0.607633 0.217394
0.618892 0.216005
0.620697 0.214863
0.622601 0.215890
0.615705 0.226078
0.626090 0.236383
0.616886 0.233088
0.605396 0.231446
0.598270 0.231346
0.590782 0.223191
0.587538 0.216703
0.581095 0.222122
0.579014 0.223652
0.577092 0.240580
0.574302 0.242925
0.552509 0.251551
0.549319 0.256188
0.543841 0.243308
0.550460 0.235821
0.546003 0.234032
0.543447 0.236468
0.540423 0.239624
0.539330 0.254959
0.533118 0.266009
0.524764 0.269458
0.532810 0.293066
0.515587 0.280377
0.509609 0.281730
0.498345 0.278023
0.496649 0.291017
0.503672 0.298732
0.518166 0.297284
0.520934 0.294875
0.519428 0.301634
0.533394 0.314965
0.548590 0.320365
0.560177 0.300918
0.566986 0.304364
0.585111 0.307838
0.589969 0.292641
0.572240 0.287555
0.570780 0.276476
0.554536 0.274304
0.549543 0.274422
0.566123 0.264927
0.564378 0.258743
0.582913 0.262779
0.585071 0.255963
0.581520 0.250155
0.599616 0.253086
0.602204 0.251758
0.597500 0.265898
0.595064 0.270810
0.598640 0.270049
0.604439 0.272397
0.606318 0.286485
0.609483 0.275241
0.613177 0.273960
0.620065 0.273502
0.622137 0.264327
0.623356 0.264719
0.630726 0.279252
0.632214 0.289566
0.637672 0.282899
0.660950 0.276828
0.648843 0.254763
0.647756 0.250803
0.637511 0.237060
0.651356 0.246280
0.657853 0.251293
0.665002 0.250650
0.671616 0.250936
0.671843 0.252533
0.679424 0.264165
0.684134 0.261360
0.687271 0.257763
0.689966 0.253898
0.684777 0.244646
0.689618 0.248136
0.695421 0.246784
0.697323 0.236164
0.698117 0.230754
0.689881 0.222962
0.700482 0.219661
0.701778 0.214783
0.701218 0.214951
0.684111 0.206152
0.676077 0.212817
0.670064 0.219196
0.669542 0.224547
0.655301 0.211899
0.657634 0.202423
0.658818 0.190623
0.649652 0.178433
0.659345 0.185538
0.664363 0.191282
0.667709 0.197890
0.666942 0.202486
0.677151 0.192954
0.684440 0.185900
0.703563 0.188246
0.698230 0.181944
0.692293 0.177931
0.695797 0.167989
0.695773 0.164800
0.678451 0.164862
0.684113 0.148923
0.674536 0.144577
0.672354 0.157008
0.668496 0.153951
0.657019 0.159009
0.642781 0.161543
0.647642 0.150067
0.643889 0.134181
0.631718 0.130271
0.634954 0.121188
0.647292 0.119655
0.643593 0.109780
0.660519 0.111989
0.675959 0.112132
0.682264 0.110591
0.683263 0.111735
0.688096 0.119622
0.687684 0.121175
0.703195 0.130754
0.699045 0.145760
0.705096 0.148312
0.708820 0.151188
0.710122 0.175493
0.719908 0.174374
0.727434 0.166357
0.737747 0.157044
0.751710 0.167439
0.740432 0.174270
0.738464 0.176509
0.743371 0.179864
0.745706 0.178942
0.745557 0.195203
0.727702 0.183361
0.722542 0.205357
0.724812 0.214973
0.733108 0.219506
0.741231 0.222106
0.731495 0.229444
0.725587 0.235763
0.717052 0.248360
0.721071 0.257200
0.714647 0.263332
0.714351 0.267446
0.717091 0.264346
0.718102 0.264997
0.725159 0.265238
0.731901 0.275348
0.712671 0.279094
0.718707 0.301370
0.714229 0.305300
0.709637 0.317597
0.716899 0.321999
0.721695 0.320910
0.714464 0.348658
0.720404 0.360753
0.739188 0.365823
0.756005 0.360278
0.756038 0.361948
0.754477 0.370527
0.746905 0.373360
0.747735 0.393259
0.737412 0.379914
0.731502 0.377283
0.728877 0.374465
0.725040 0.375481
0.713411 0.368237
0.708218 0.365101
0.706068 0.358568
0.710137 0.348389
0.702274 0.335251
0.691096 0.332881
0.683157 0.350282
0.682883 0.330329
0.688380 0.328552
0.690159 0.322764
0.692434 0.321112
0.685663 0.316471
0.686914 0.308346
0.699119 0.313106
0.703950 0.302425
0.696346 0.293873
0.693519 0.291217
0.685544 0.285804
0.681874 0.270914
0.671525 0.283683
0.669890 0.284260
0.670861 0.286378
0.675097 0.287224
0.674088 0.295178
0.659345 0.298334
0.664809 0.321410
0.650289 0.334874
0.647154 0.354799
0.641072 0.348391
0.639488 0.341145
0.643818 0.338246
0.643891 0.332772
0.639428 0.322227
0.634982 0.315461
0.630501 0.314316
0.628708 0.312255
0.630255 0.312170
0.632659 0.310073
0.630328 0.308204
0.639043 0.298716
0.635046 0.298828
0.627333 0.299533
0.612980 0.299911
0.609070 0.311566
0.607740 0.328071
0.598682 0.322544
0.586651 0.322392
0.577032 0.327402
0.560280 0.334375
0.542519 0.344086
0.539717 0.349199
0.526456 0.358839
0.527870 0.363058
0.515433 0.362089
0.497066 0.357250
0.495755 0.351539
0.501887 0.354689
0.502543 0.352370
0.517077 0.354468
0.518035 0.352830
0.521146 0.352068
0.524202 0.351008
0.527932 0.343213
0.526685 0.334795
0.525213 0.327756
0.506175 0.318335
0.504462 0.317642
0.510630 0.328180
0.501163 0.344356
0.485309 0.338907
0.468223 0.318125
0.480586 0.315715
0.485394 0.309775
0.483653 0.307271
0.481940 0.288570
0.483417 0.284946
0.481618 0.277885
0.479603 0.265912
0.489024 0.259470
0.487534 0.253584
0.475579 0.265038
0.466147 0.269918
0.463656 0.284298
0.460030 0.308427
0.446747 0.304089
0.440436 0.303848
0.435183 0.307232
0.433428 0.310188
0.427915 0.315847
0.443051 0.311165
0.451587 0.313947
0.450172 0.328779
0.456932 0.335378
0.459146 0.338464
0.446658 0.340434
0.437183 0.348907
0.434483 0.345395
0.422047 0.340314
0.420407 0.338718
0.424235 0.330872
0.419727 0.335581
0.410719 0.336586
0.411176 0.339397
0.410319 0.339667
0.399009 0.348987
0.387095 0.356339
0.394991 0.367118
0.399401 0.372589
0.409244 0.364717
0.412195 0.351826
0.418272 0.350630
0.419190 0.358213
0.417938 0.359365
0.424576 0.373825
0.420220 0.385394
0.410699 0.390285
0.424720 0.391614
0.451466 0.397159
0.446940 0.381154
0.434133 0.377162
0.449690 0.354356
0.444816 0.351719
0.445681 0.347403
0.451412 0.348658
0.459584 0.351634
0.475104 0.338914
0.469163 0.352266
0.459131 0.363386
0.462769 0.368069
0.468703 0.370860
0.474964 0.384722
0.481384 0.383618
0.484244 0.387173
0.485458 0.388862
0.502702 0.371147
0.503903 0.370915
0.500972 0.393130
0.488485 0.402097
0.470342 0.404325
0.472057 0.411706
0.462706 0.422099
0.460772 0.437015
0.460010 0.446647
0.455275 0.445835
0.439878 0.442897
0.440295 0.427222
0.443824 0.420225
0.446762 0.417054
0.418939 0.426328
0.412281 0.412372
0.404058 0.414027
0.390066 0.410524
0.411416 0.440439
0.412647 0.442233
0.412689 0.443105
0.411720 0.445763
0.426176 0.447785
0.420384 0.470423
0.414331 0.469948
0.397079 0.460795
0.382893 0.465795
0.377224 0.468935
0.379156 0.463125
0.379944 0.450794
0.383948 0.444616
0.384858 0.436524
0.383056 0.436094
0.385466 0.428950
0.384273 0.428475
0.375953 0.420661
0.375852 0.413657
0.380282 0.409992
0.368088 0.395602
0.376106 0.393700
0.374740 0.384229
0.361429 0.381667
0.354385 0.389916
0.339688 0.398874
0.330099 0.401413
0.324811 0.400972
0.353130 0.421531
0.359173 0.414811
0.364978 0.425364
0.368117 0.427538
0.371186 0.428873
0.360174 0.433483
0.342068 0.425917
0.320832 0.434902
0.335020 0.444415
0.327662 0.457152
0.325161 0.461415
0.342800 0.454913
0.344630 0.455749
0.349402 0.441087
0.354204 0.443453
0.359214 0.449346
0.359597 0.450470
0.361372 0.458869
0.358811 0.473278
0.363848 0.472468
0.364693 0.473094
0.372501 0.478960
0.373009 0.497731
0.368788 0.501417
0.363090 0.492803
0.352272 0.481354
0.348575 0.484483
0.344780 0.491545
0.334625 0.488797
0.316820 0.492146
0.314388 0.489843
0.302492 0.497888
0.287704 0.499361
0.271430 0.505326
0.265815 0.505026
0.259510 0.513536
0.245387 0.511092
0.244808 0.509031
0.247632 0.504861
0.239730 0.503221
0.240281 0.493579
0.233096 0.484847
0.225732 0.486828
0.217487 0.473850
0.230570 0.463930
0.231135 0.470208
0.236340 0.469181
0.237854 0.467161
0.258801 0.456283
0.261440 0.452158
0.273451 0.465405
0.257266 0.490485
0.273050 0.487876
0.272578 0.495821
0.280366 0.493168
0.281493 0.493853
0.283033 0.492422
0.295973 0.475722
0.291470 0.470253
0.290095 0.458281
0.284208 0.436676
0.262802 0.433141
0.252768 0.444605
0.250729 0.443018
0.249398 0.438329
0.243144 0.425523
0.233220 0.418134
0.228459 0.419487
0.230013 0.450764
0.221547 0.455802
0.210633 0.460227
0.216762 0.465241
0.212559 0.479709
0.199205 0.485645
0.200844 0.511718
0.204227 0.510621
0.231318 0.516412
0.243080 0.519320
0.253580 0.521303
0.274183 0.520656
0.277808 0.532144
0.258225 0.541672
0.274983 0.554130
0.275581 0.555973
0.276390 0.553397
0.279497 0.547924
0.288995 0.550148
0.284239 0.560069
0.278331 0.573365
0.282943 0.584496
0.274455 0.579964
0.264601 0.581996
0.266591 0.583721
0.270696 0.588747
0.270651 0.594433
0.271995 0.603465
0.271883 0.605551
0.277899 0.603593
0.294088 0.596997
0.296194 0.594570
0.304062 0.587628
0.304732 0.589042
0.313375 0.586304
0.319414 0.597353
0.325111 0.610527
0.330916 0.619772
0.321478 0.618821
0.304757 0.611517
0.292036 0.616231
0.290842 0.616412
0.290077 0.621025
0.268060 0.627441
0.261676 0.629684
0.257705 0.636426
0.234913 0.620980
0.254481 0.615520
0.263879 0.607566
0.257924 0.585480
0.251901 0.574132
0.248604 0.571159
0.243376 0.584313
0.234156 0.572221
0.234290 0.566173
0.222849 0.567832
0.226211 0.582425
0.221098 0.589158
0.218697 0.595682
0.209275 0.610421
0.208551 0.605967
0.212671 0.596176
0.203629 0.575210
0.198336 0.580930
0.195461 0.591092
0.174893 0.592921
0.157075 0.582944
0.152841 0.571269
0.152343 0.567788
0.165711 0.555928
0.176039 0.555971
0.181123 0.559472
0.197988 0.551688
0.215550 0.557862
0.225310 0.559786
0.226301 0.560072
0.232938 0.552963
0.229586 0.542940
0.233519 0.539240
0.236073 0.530707
0.233998 0.525652
0.228620 0.524078
0.221462 0.527446
0.214597 0.522586
0.208374 0.524568
0.206539 0.528967
0.193198 0.524114
0.190887 0.537159
0.178490 0.533785
0.177723 0.543303
0.166436 0.542221
0.166240 0.536633
0.164067 0.532410
0.169515 0.531842
0.173293 0.526392
0.177723 0.521516
0.183594 0.516970
0.177875 0.505174
0.174872 0.506888
0.164367 0.510811
0.150827 0.511771
0.153444 0.499386
0.157068 0.498407
0.157384 0.497604
0.175789 0.494194
0.179239 0.482225
0.178641 0.479803
0.164887 0.483937
0.165156 0.470704
0.179675 0.467075
0.180608 0.445988
0.166779 0.453469
0.161601 0.463947
0.162142 0.448724
0.157325 0.449601
0.156939 0.440775
0.166628 0.422827
0.182580 0.432755
0.184559 0.438350
0.198603 0.439594
0.185809 0.418514
0.194302 0.414623
0.204962 0.415678
0.201532 0.413411
0.195468 0.401234
0.195486 0.400825
0.172195 0.389872
0.183534 0.379719
0.186480 0.372777
0.193092 0.390161
0.206589 0.385471
0.209003 0.366961
0.222508 0.372405
0.236835 0.384409
0.233063 0.400665
0.238847 0.407111
0.243542 0.394620
0.249599 0.393736
0.270575 0.421173
0.273410 0.412916
0.290746 0.407080
0.302250 0.430364
0.308372 0.428848
0.308399 0.411779
0.311244 0.411494
0.312469 0.409966
0.316151 0.387589
0.313201 0.390904
0.309541 0.401231
0.301060 0.407070
0.290568 0.398818
0.282624 0.395042
0.281679 0.395169
0.269134 0.392968
0.266003 0.395680
0.265120 0.383764
0.276590 0.377759
0.266346 0.364545
0.272919 0.364744
0.274718 0.366120
0.281238 0.361898
0.283679 0.363087
0.282068 0.355697
0.292614 0.349851
0.283298 0.342358
0.280757 0.338345
0.272766 0.342439
0.267161 0.346991
0.270901 0.337152
0.269279 0.332170
0.269094 0.328018
0.264558 0.310699
0.257780 0.313048
0.253523 0.309445
0.257452 0.299739
0.274113 0.295279
0.271631 0.294894
0.252118 0.283400
0.245833 0.284285
0.254805 0.268990
0.253385 0.261837
0.267586 0.252185
0.268099 0.257974
0.272369 0.271197
0.280387 0.263278
0.294324 0.272639
0.295325 0.275303
0.304903 0.285829
0.303649 0.290451
0.293615 0.298682
0.299380 0.302083
0.303400 0.302203
0.297567 0.308226
0.299568 0.314862
0.301060 0.324287
0.303205 0.326087
0.304254 0.338751
0.308836 0.353298
0.310859 0.357004
0.315899 0.362570
0.313769 0.363377
0.310420 0.370877
0.327929 0.384564
0.328436 0.387089
0.334617 0.386113
0.338783 0.380700
0.346681 0.370972
0.361496 0.364460
0.343858 0.360989
0.340556 0.365241
0.326845 0.361836
0.336844 0.356690
0.335892 0.346231
0.339398 0.345254
0.344882 0.338166
0.349497 0.345175
0.358363 0.347655
0.367359 0.349871
0.372607 0.348092
0.374225 0.322702
0.378095 0.321275
0.369101 0.304611
0.363299 0.301318
0.353095 0.300665
0.348786 0.311573
0.344290 0.310654
0.342121 0.319491
0.329390 0.330440
0.315935 0.331429
0.322726 0.311076
0.311438 0.306172
0.310222 0.305700
0.317690 0.294038
0.319078 0.280324
0.325623 0.269885
0.343309 0.263091
0.346237 0.277768
0.347607 0.280028
0.352000 0.282079
0.360398 0.261975
0.357817 0.258780
0.367578 0.243237
0.373156 0.256005
0.376613 0.255811
0.383536 0.248088
0.393459 0.247307
0.392982 0.247720
0.380381 0.266333
0.374615 0.293730
0.381373 0.298854
0.400480 0.311377
0.418828 0.309324
0.411971 0.304795
0.409627 0.297237
0.406272 0.302395
0.394609 0.299892
0.393854 0.291565
0.394959 0.286147
0.403461 0.281828
0.409173 0.274149
0.413092 0.274403
0.435986 0.287669
0.444924 0.270148
0.423568 0.252884
0.409021 0.262472
0.404811 0.266919
0.402144 0.264094
0.398748 0.255606
0.398388 0.248820
0.402569 0.243067
0.398809 0.237809
0.391085 0.234540
0.394268 0.224826
0.419125 0.235153
0.428106 0.225641
0.431954 0.230045
0.443589 0.241005
0.445186 0.240943
0.445482 0.246096
0.469558 0.242756
0.484863 0.239684
0.491008 0.234722
0.509176 0.233894
0.479792 0.215464
0.477320 0.211127
0.471744 0.197388
0.463785 0.196715
0.461291 0.189218
0.462799 0.187453
0.458602 0.186680
0.455894 0.190676
0.452731 0.201438
0.448660 0.214638
0.441765 0.204032
0.450938 0.194046
0.449813 0.184860
0.450501 0.178265
0.443304 0.176809
0.438949 0.172642
0.437793 0.169898
0.430302 0.165813
0.425072 0.153138
0.416368 0.158128
0.411158 0.151634
0.402620 0.150431
0.393854 0.146126
0.413225 0.167073
0.418224 0.164155
0.430307 0.179618
0.427463 0.193046
0.415588 0.194040
0.409690 0.192658
0.394353 0.206868
0.379232 0.194760
0.367463 0.212056
0.370648 0.218534
0.368055 0.229347
0.337878 0.241073
0.330651 0.227714
0.313970 0.236660
0.314761 0.245651
0.314951 0.246120
0.323635 0.251946
0.312808 0.254896
0.306505 0.249977
0.305714 0.249189
0.303615 0.250113
0.280218 0.234147
0.279439 0.226489
0.279181 0.224592
0.296169 0.232382
0.303846 0.234883
0.307005 0.226807
