0.286864 0.832342
0.287141 0.825518
0.278253 0.810967
0.308792 0.799339
0.316992 0.805486
0.315312 0.788137
0.306458 0.786973
0.298583 0.779171
0.308471 0.774601
0.308961 0.768493
0.316446 0.756539
0.303883 0.744312
0.302763 0.742074
0.294001 0.742499
0.302689 0.733988
0.314008 0.729209
0.317591 0.715808
0.309717 0.697531
0.313258 0.689535
0.294926 0.698747
0.304904 0.715560
0.303919 0.716742
0.301022 0.715545
0.296133 0.718086
0.289754 0.724212
0.285630 0.733600
0.280564 0.738977
0.275842 0.752216
0.282340 0.760175
0.297916 0.760425
0.289235 0.769198
0.282918 0.776936
0.279145 0.789843
0.275165 0.800639
0.261924 0.804283
0.263962 0.819894
0.259331 0.822751
0.255296 0.818860
0.245554 0.827293
0.250392 0.805849
0.250357 0.796084
0.252691 0.789822
0.255094 0.771755
0.263090 0.768843
0.258378 0.767131
0.255150 0.763577
0.260988 0.754937
0.239904 0.754206
0.238257 0.757984
0.226712 0.774749
0.222293 0.763714
0.214057 0.756095
0.220213 0.743741
0.203118 0.742017
0.195262 0.741282
0.190846 0.740808
0.198220 0.747842
0.208799 0.766849
0.211631 0.768321
0.209552 0.769781
0.208305 0.772102
0.193154 0.791222
0.186317 0.785973
0.188275 0.776197
0.183492 0.779842
0.174224 0.784217
0.178582 0.791041
0.178536 0.802587
0.178602 0.814842
0.178379 0.827761
0.172261 0.823504
0.170212 0.827097
0.157566 0.827916
0.166340 0.818448
0.164770 0.811012
0.153350 0.809459
0.151183 0.804753
0.131927 0.802786
0.140986 0.784546
0.141994 0.781602
0.126898 0.780616
0.118591 0.770012
0.147471 0.762001
0.150529 0.761554
0.167854 0.770636
0.164695 0.752253
0.166639 0.732668
0.159841 0.743352
0.154438 0.750325
0.145688 0.754523
0.133405 0.759930
0.127806 0.756759
0.127307 0.750547
0.129308 0.727813
0.151294 0.724030
0.167339 0.726624
0.160254 0.709052
0.182753 0.707741
0.190987 0.691865
0.195875 0.690556
0.193277 0.686655
0.189017 0.689649
0.178285 0.690476
0.175856 0.679082
0.180479 0.661586
0.189067 0.670580
0.198157 0.678451
0.206501 0.681267
0.209532 0.679609
0.223191 0.685290
0.220099 0.689737
0.216576 0.692881
0.208269 0.693260
0.195386 0.698958
0.208309 0.705533
0.206702 0.711354
0.203262 0.714498
0.213543 0.715429
0.223522 0.711214
0.234489 0.700766
0.251637 0.704826
0.237986 0.710320
0.227248 0.722441
0.226612 0.725423
0.221447 0.727140
0.227363 0.737045
0.236150 0.736539
0.243450 0.736207
0.242133 0.730888
0.257245 0.720981
0.274967 0.719265
0.276441 0.720375
0.276030 0.713343
0.280132 0.710586
0.292705 0.701870
0.287985 0.697802
0.275456 0.684822
0.268069 0.677552
0.264251 0.678285
0.261355 0.671997
0.256943 0.686537
0.248864 0.689164
0.251424 0.682090
0.247314 0.679594
0.245157 0.675006
0.250649 0.673525
0.254766 0.668397
0.254281 0.666882
0.245312 0.665512
0.250025 0.656503
0.262151 0.655991
0.266754 0.662943
0.270214 0.648772
0.282887 0.652536
0.278516 0.663542
0.281714 0.664842
0.282282 0.671978
0.306519 0.670143
0.327277 0.675950
0.347343 0.677825
0.354898 0.668585
0.360212 0.659374
0.365557 0.652795
0.343717 0.658772
0.327451 0.660842
0.326297 0.659063
0.332137 0.639928
0.317050 0.637416
0.304864 0.640828
0.298020 0.649446
0.296348 0.649694
0.283625 0.629494
0.276971 0.621968
0.275322 0.611405
0.288601 0.619642
0.294764 0.615477
0.307294 0.621068
0.321031 0.622854
0.332984 0.630343
0.348246 0.629737
0.362789 0.637116
0.371869 0.623969
0.359450 0.613495
0.379569 0.610652
0.384097 0.621442
0.396465 0.638384
0.396720 0.647815
0.407721 0.651022
0.405114 0.637516
0.419218 0.613318
0.455341 0.589156
0.466623 0.589222
0.469885 0.597281
0.483025 0.605987
0.461389 0.611572
0.447752 0.610314
0.427699 0.633591
0.433708 0.633410
0.438326 0.630450
0.446769 0.631343
0.453355 0.641020
0.448263 0.654431
0.463105 0.640612
0.468407 0.644275
0.476507 0.640493
0.481930 0.642218
0.484664 0.655662
0.490609 0.660732
0.481679 0.665168
0.483476 0.667673
0.487352 0.672698
0.499878 0.684033
0.498487 0.691447
0.506153 0.690083
0.507467 0.693987
0.502910 0.704728
0.524389 0.696940
0.524692 0.693925
0.532299 0.690502
0.544359 0.696562
0.532961 0.703322
0.533379 0.707962
0.526532 0.719267
0.538404 0.720195
0.536261 0.730439
0.534902 0.733329
0.522595 0.732836
0.515473 0.752120
0.552497 0.733026
0.561654 0.731486
0.565535 0.731438
0.562449 0.728693
0.559202 0.715396
0.554101 0.695872
0.561853 0.669901
0.570128 0.666700
0.588302 0.656743
0.590227 0.653166
0.606847 0.659609
0.610328 0.657543
0.608182 0.641655
0.604489 0.631159
0.614026 0.617652
0.615979 0.624978
0.625830 0.634538
0.632245 0.633016
0.646707 0.639459
0.655192 0.649772
0.640581 0.644317
0.635996 0.645372
0.621578 0.660134
0.613317 0.666764
0.617699 0.670887
0.623605 0.671680
0.636079 0.671148
0.639681 0.684982
0.638723 0.686782
0.643344 0.691108
0.623959 0.699263
0.603559 0.705763
0.613018 0.693753
0.616291 0.689454
0.610453 0.687015
0.609690 0.675558
0.604791 0.678894
0.595134 0.687315
0.583518 0.685338
0.576433 0.686613
0.576035 0.687546
0.582885 0.690705
0.586436 0.691778
0.583127 0.698418
0.582329 0.699018
0.577950 0.699577
0.588286 0.706310
0.572107 0.729409
0.572341 0.734316
0.573178 0.736326
0.573320 0.738850
0.579805 0.730514
0.582263 0.735843
0.586217 0.743723
0.597295 0.733819
0.594846 0.728172
0.597197 0.722964
0.605513 0.731962
0.604421 0.734129
0.603970 0.735671
0.609466 0.738842
0.615872 0.737298
0.613223 0.741131
0.613122 0.750942
0.610670 0.751681
0.624079 0.767576
0.622425 0.768012
0.618749 0.772262
0.600732 0.766024
0.597960 0.763885
0.580240 0.765533
0.576704 0.770026
0.569827 0.777010
0.562901 0.785567
0.552614 0.799904
0.551482 0.792835
0.549912 0.782788
0.532650 0.768439
0.514822 0.776064
0.505635 0.773884
0.488287 0.761838
0.479939 0.766803
0.476324 0.762696
0.471104 0.768333
0.466947 0.771314
0.444625 0.765036
0.431501 0.755707
0.425109 0.754310
0.433532 0.745246
0.431906 0.741720
0.440994 0.735787
0.450873 0.737780
0.453366 0.754989
0.455143 0.747212
0.454032 0.744415
0.457105 0.732013
0.477555 0.730944
0.478379 0.737038
0.485451 0.751377
0.487404 0.741138
0.491170 0.741179
0.509257 0.741791
0.509736 0.738843
0.508996 0.735417
0.494022 0.733728
0.484884 0.729623
0.477600 0.707694
0.479714 0.703979
0.482963 0.703519
0.482657 0.702291
0.473193 0.698435
0.469397 0.687698
0.465429 0.700548
0.435633 0.721739
0.434839 0.695255
0.440238 0.687084
0.446521 0.683331
0.459945 0.687333
0.449849 0.679682
0.449774 0.673491
0.444506 0.678545
0.435706 0.682390
0.434920 0.685619
0.420906 0.682940
0.431623 0.674282
0.427472 0.668610
0.427863 0.655313
0.421978 0.653257
0.411663 0.671231
0.413377 0.681115
0.407414 0.694291
0.405342 0.698719
0.377544 0.704161
0.396843 0.689877
0.396357 0.689160
0.396773 0.687112
0.401087 0.675829
0.392870 0.664429
0.385440 0.658276
0.375882 0.663017
0.372443 0.659683
0.370447 0.666884
0.369675 0.671926
0.374244 0.677209
0.356777 0.680508
0.364028 0.686367
0.357375 0.697819
0.357235 0.697978
0.347494 0.695091
0.344166 0.711729
0.343189 0.714662
0.365321 0.717306
0.366752 0.721664
0.358931 0.727749
0.343157 0.740115
0.336606 0.738846
0.337822 0.761263
0.339246 0.763953
0.334674 0.767828
0.346367 0.780067
0.349801 0.789062
0.352676 0.796560
0.338478 0.798246
0.343339 0.807178
0.330769 0.817255
0.348029 0.822756
0.354150 0.822386
0.375685 0.813125
0.373461 0.799459
0.359771 0.794824
0.365102 0.788697
0.367140 0.782907
0.368208 0.782440
0.360833 0.775256
0.380565 0.772971
0.388795 0.764270
0.388917 0.762142
0.392870 0.762326
0.390075 0.758319
0.404692 0.742969
0.384218 0.738121
0.384838 0.722413
0.396151 0.722112
0.399967 0.723550
0.400706 0.718485
0.401385 0.715430
0.416303 0.723819
0.419949 0.733965
0.414103 0.754148
0.418261 0.754781
0.419336 0.773845
0.430514 0.773350
0.428965 0.782691
0.419898 0.781296
0.407570 0.782529
0.398336 0.770981
0.396616 0.782762
0.395964 0.784059
0.392840 0.783315
0.405149 0.810336
0.411371 0.792610
0.416263 0.787989
0.417189 0.798605
0.417713 0.798904
0.435657 0.800395
0.434917 0.811507
0.431399 0.811925
0.429244 0.816180
0.423040 0.816881
0.430913 0.822977
0.433800 0.826887
0.452013 0.821772
0.455763 0.829011
0.469426 0.832705
0.473524 0.838631
0.474583 0.838304
0.476991 0.827895
0.481709 0.831589
0.484860 0.826886
0.479884 0.816879
0.488516 0.808702
0.470636 0.806163
0.459762 0.817606
0.459668 0.795883
0.457130 0.789341
0.473095 0.781943
0.481983 0.788559
0.488912 0.795262
0.501910 0.797681
0.507063 0.795613
0.520401 0.804653
0.517057 0.814502
0.502176 0.822162
0.500252 0.826425
0.498173 0.838367
0.508663 0.829598
0.526216 0.817105
0.531987 0.813687
0.545959 0.798053
0.542712 0.806758
0.547109 0.825105
0.560085 0.838353
0.558859 0.845840
0.553904 0.842567
0.545285 0.845494
0.546759 0.850240
0.565865 0.858399
0.576527 0.850103
0.573730 0.862199
0.573470 0.870174
0.576044 0.877985
0.586555 0.876493
0.584517 0.872249
0.588516 0.871804
0.594585 0.873246
0.588076 0.863433
0.609282 0.853281
0.599069 0.845103
0.589806 0.843461
0.581748 0.844324
0.572040 0.834952
0.575850 0.823288
0.569852 0.814344
0.563118 0.811777
0.563417 0.802003
0.571218 0.789984
0.586808 0.801043
0.591932 0.797272
0.608968 0.784026
0.593387 0.807592
0.597883 0.811168
0.602511 0.804583
0.607891 0.800266
0.622716 0.803037
0.625692 0.807303
0.628181 0.808245
0.635097 0.813915
0.646515 0.818524
0.655663 0.828982
0.661247 0.834403
0.647492 0.852152
0.640874 0.852156
0.628682 0.849909
0.638695 0.867964
0.674136 0.864925
0.682726 0.861941
0.681912 0.866419
0.682266 0.882904
0.691089 0.881001
0.688663 0.887285
0.689594 0.893671
0.706835 0.907411
0.716754 0.899359
0.729977 0.908761
0.710972 0.906910
0.710518 0.914466
0.719227 0.919515
0.713343 0.926398
0.706445 0.937188
0.711136 0.938957
0.709790 0.944125
0.711394 0.947407
0.702194 0.944414
0.704319 0.936816
0.698957 0.917603
0.695789 0.919652
0.690665 0.914914
0.686544 0.923613
0.684369 0.925764
0.686677 0.918385
0.676775 0.904522
0.668063 0.899952
0.641027 0.896806
0.662050 0.914369
0.652053 0.919717
0.650592 0.927383
0.652650 0.929571
0.639165 0.929981
0.639523 0.916350
0.641371 0.914339
0.637664 0.911715
0.636295 0.911492
0.621671 0.904322
0.617446 0.889616
0.602791 0.910553
0.596826 0.902131
0.594593 0.896560
0.579787 0.908776
0.573481 0.912980
0.564717 0.918809
0.563665 0.918294
0.565556 0.896965
0.553415 0.909239
0.528553 0.905303
0.531558 0.913465
0.529103 0.915452
0.531084 0.920869
0.533712 0.923537
0.529963 0.926646
0.517155 0.926235
0.494568 0.930095
0.496783 0.936060
0.489382 0.942681
0.502512 0.945908
0.507849 0.950762
0.514283 0.947584
0.517289 0.958229
0.522421 0.963708
0.515868 0.964407
0.504006 0.969541
0.494827 0.962501
0.493012 0.965484
0.477103 0.962268
0.465783 0.970464
0.461887 0.964263
0.455841 0.962606
0.454184 0.970057
0.442981 0.964047
0.438601 0.972416
0.432375 0.972383
0.419914 0.968961
0.416617 0.964294
0.423442 0.942253
0.419156 0.929141
0.449120 0.950233
0.469270 0.941449
0.471812 0.938241
0.482009 0.942126
0.482443 0.930127
0.466955 0.923938
0.464816 0.922159
0.462128 0.925541
0.456355 0.923353
0.457876 0.912986
0.471753 0.920425
0.471969 0.920388
0.484806 0.916632
0.491548 0.914482
0.496105 0.902348
0.500561 0.899812
0.502320 0.891713
0.502961 0.891205
0.522608 0.889887
0.525219 0.877399
0.535918 0.878691
0.540032 0.878656
0.527759 0.860611
0.500440 0.850158
0.492755 0.849544
0.493363 0.861508
0.479473 0.858917
0.479853 0.874346
0.495241 0.869769
0.498457 0.880147
0.498214 0.884798
0.487559 0.893000
0.476332 0.907068
0.474960 0.905188
0.453870 0.887701
0.468856 0.867008
0.462206 0.863129
0.452101 0.864325
0.455444 0.854880
0.455319 0.852342
0.449897 0.845959
0.445058 0.846125
0.439613 0.842007
0.441899 0.833374
0.431746 0.830183
0.417959 0.839541
0.414963 0.837320
0.408866 0.833941
0.413606 0.816988
0.384065 0.834595
0.377467 0.831457
0.364738 0.845684
0.360788 0.867233
0.369518 0.858654
0.377985 0.853432
0.380081 0.847513
0.383489 0.847775
0.401440 0.856767
0.410879 0.871289
0.416277 0.871520
0.410112 0.876059
0.413016 0.891201
0.393758 0.879094
0.392304 0.888841
0.385375 0.900564
0.388138 0.902528
0.405949 0.897874
0.408818 0.904324
0.405154 0.908730
0.405427 0.925725
0.405478 0.928061
0.399913 0.933855
0.389330 0.919472
0.380182 0.925862
0.370332 0.917484
0.377790 0.916580
0.380829 0.907917
0.366830 0.885886
0.365292 0.886222
0.355478 0.893681
0.355142 0.900086
0.341830 0.914996
0.332426 0.908256
0.328849 0.905111
0.316204 0.899930
0.310857 0.887082
0.318406 0.878716
0.308346 0.880662
0.304244 0.877553
0.311942 0.861783
0.309509 0.860833
0.301411 0.859087
0.305204 0.849297
0.330817 0.845578
0.336190 0.855929
0.354278 0.854661
0.353880 0.849544
0.341856 0.849043
0.341412 0.843596
0.336007 0.835892
0.332367 0.837649
0.316645 0.829733
0.314873 0.824574
0.312749 0.834625
0.310925 0.835554
0.307124 0.842248
0.297545 0.841811
0.291184 0.843417
0.289731 0.855457
0.283704 0.854101
0.283330 0.882842
0.283652 0.893689
0.285217 0.908069
0.295901 0.914575
0.301876 0.930004
0.317402 0.931915
0.314041 0.934054
0.310576 0.936154
0.310887 0.951097
0.322748 0.941682
0.336070 0.947206
0.333970 0.956614
0.323868 0.967764
0.300922 0.974952
0.292771 0.968689
0.289528 0.972326
0.286127 0.966067
0.281452 0.963556
0.286030 0.941429
0.281009 0.937783
0.273260 0.942878
0.258887 0.945693
0.258864 0.947573
0.255028 0.952848
0.242188 0.966643
0.242695 0.968887
0.235157 0.970137
0.232469 0.965996
0.228239 0.964099
0.235220 0.939680
0.242866 0.937431
0.263409 0.938219
0.271995 0.915779
0.254617 0.905656
0.247698 0.911944
0.244185 0.926084
0.237346 0.927525
0.222957 0.942179
0.221262 0.936144
0.209313 0.930408
0.200220 0.923753
0.198164 0.921875
0.204318 0.911134
0.202992 0.907789
0.206063 0.893969
0.196990 0.892655
0.194235 0.903463
0.195642 0.913146
0.176879 0.918223
0.181160 0.926753
0.195912 0.937228
0.185253 0.945019
0.185708 0.945999
0.192975 0.949041
0.193304 0.965815
0.196563 0.964577
0.199285 0.969463
0.188352 0.977736
0.184781 0.977480
0.182730 0.983128
0.194865 0.997916
0.195642 0.996564
0.210166 0.987667
0.217252 0.974185
0.217958 0.996252
0.225193 0.992178
0.230899 0.992879
0.256978 0.978951
0.267254 0.991881
0.306684 0.999593
0.310532 0.989567
0.303941 0.986069
0.316405 0.975366
0.320715 0.979506
0.331732 0.989696
0.327181 0.998154
0.347348 0.996026
0.354988 0.994567
0.347929 0.992418
0.345453 0.979574
0.345483 0.979135
0.348034 0.978157
0.359676 0.976093
0.351134 0.954794
0.352564 0.948395
0.351126 0.946469
0.338916 0.935514
0.340023 0.929126
0.338974 0.925133
0.361726 0.936529
0.368374 0.952301
0.374839 0.946401
0.369204 0.936794
0.375919 0.933570
0.379916 0.939684
0.388650 0.953512
0.388045 0.959058
0.388596 0.968447
0.378139 0.969099
0.368495 0.973708
0.374454 0.978989
0.370046 0.982925
0.367464 0.988180
0.374784 0.992006
0.376035 0.987623
0.391713 0.988971
0.412724 0.979717
0.430272 0.980960
0.446702 0.996907
0.456330 0.990154
0.471018 0.989751
0.472680 0.997227
0.486224 0.984407
0.493695 0.987816
0.499098 0.986125
0.506420 0.982024
0.511773 0.979315
0.516722 0.988311
0.502382 0.992145
0.501732 0.996441
0.519426 0.999181
0.523069 0.995063
0.526334 0.990276
0.536939 0.999496
0.532438 0.984746
0.535134 0.974153
0.537537 0.967806
0.544723 0.970205
0.545677 0.954515
0.531129 0.956333
0.531374 0.943059
0.537519 0.940111
0.553297 0.938095
0.559554 0.947326
0.566559 0.954606
0.563547 0.963599
0.561758 0.962336
0.554612 0.964926
0.567429 0.978070
0.548577 0.985848
0.549075 0.990943
0.558547 0.993279
0.565572 0.998128
0.571339 0.995284
0.584088 0.999970
0.584784 0.998007
0.591658 0.994916
0.590961 0.987086
0.615999 0.995667
0.607233 0.985816
0.594925 0.970633
0.583001 0.963073
0.589888 0.939069
0.586326 0.937423
0.587773 0.933086
0.597568 0.928173
0.603141 0.923874
0.606007 0.912596
0.613985 0.915603
0.613249 0.921946
0.622874 0.924103
0.612044 0.928566
0.609516 0.931835
0.623095 0.947111
0.623711 0.950802
0.622434 0.952129
0.623450 0.956142
0.630179 0.954364
0.629835 0.949767
0.632681 0.951794
0.643054 0.942511
0.648221 0.953078
0.658436 0.969727
0.651539 0.983615
0.646084 0.980488
0.643691 0.975774
0.641955 0.974482
0.633924 0.978621
0.637442 0.982106
0.647651 0.988819
0.664933 0.989031
0.667354 0.980249
0.670845 0.978649
0.664042 0.969498
0.665079 0.957125
0.669997 0.954850
0.672027 0.949460
0.667412 0.942308
0.671444 0.941966
0.673554 0.943585
0.679257 0.944490
0.679645 0.958074
0.685936 0.961177
0.679328 0.964323
0.684729 0.970625
0.686673 0.969551
0.698590 0.966094
0.702168 0.992238
0.698639 0.992899
0.698694 0.998504
0.707301 0.995680
0.726666 0.999562
0.722542 0.978076
0.715685 0.968668
0.718934 0.960777
0.728713 0.965448
0.734097 0.968738
0.741990 0.977935
0.740510 0.985822
0.767117 0.990388
0.774673 0.976481
0.759019 0.962117
0.756560 0.964283
0.741908 0.968757
0.735989 0.960839
0.728086 0.960296
0.744032 0.934233
0.736621 0.932823
0.735277 0.925421
0.748843 0.906603
0.751548 0.906846
0.752006 0.898887
0.756184 0.901422
0.768923 0.913647
0.774917 0.914371
0.775575 0.916947
0.773062 0.933544
0.765443 0.950167
0.774134 0.951196
0.773586 0.955866
0.779117 0.956859
0.794622 0.961132
0.805532 0.959146
0.802175 0.951861
0.798811 0.910699
0.804154 0.903943
0.806010 0.909645
0.806519 0.914666
0.826317 0.905179
0.826847 0.913815
0.817659 0.920795
0.822829 0.929236
0.841814 0.941854
0.836210 0.943604
0.823749 0.947416
0.831208 0.972830
0.822528 0.976736
0.800500 0.978584
0.792491 0.988031
0.786154 0.996360
0.796746 0.995552
0.800269 0.995669
0.825154 0.996214
0.830244 0.999487
0.835332 0.997785
0.849761 0.988589
0.852045 0.979012
0.870110 0.994714
0.890920 0.996361
0.892714 0.993675
0.905143 0.992254
0.934861 0.997104
0.935404 0.993733
0.938680 0.991114
0.917417 0.958335
0.917714 0.956674
0.904747 0.966404
0.897488 0.971856
0.871981 0.985934
0.867044 0.975776
0.860724 0.964472
0.848630 0.969033
0.851477 0.946913
0.849403 0.924002
0.851158 0.917846
0.854326 0.916551
0.841942 0.912780
0.840993 0.898375
0.852582 0.908185
0.852385 0.910777
0.870147 0.915237
0.870134 0.912652
0.876163 0.909225
0.881252 0.916355
0.884158 0.919574
0.880785 0.923223
0.878182 0.922893
0.880416 0.927003
0.885726 0.931988
0.885073 0.950528
0.903425 0.930760
0.908953 0.913122
0.911179 0.908527
0.913778 0.909976
0.926670 0.919025
0.945200 0.920731
0.935652 0.937421
0.950769 0.949266
0.954656 0.946952
0.960719 0.946862
0.950460 0.959518
0.973239 0.966131
0.963900 0.968941
0.953921 0.980931
0.953899 0.983743
0.967381 0.991492
0.978233 0.984878
0.983939 0.965412
0.992653 0.941453
0.999253 0.943686
0.999856 0.935882
0.995243 0.933439
0.991657 0.934348
0.983401 0.935514
0.979787 0.934815
0.983898 0.925744
0.979918 0.923178
0.979824 0.915581
0.965937 0.924751
0.971034 0.911085
0.975058 0.902833
0.992672 0.904410
0.988381 0.897908
0.986479 0.892358
0.981247 0.887646
0.992426 0.877025
0.984477 0.875607
0.982495 0.865234
0.992114 0.864350
0.993618 0.843208
0.982667 0.842370
0.968230 0.857208
0.980642 0.864362
0.966453 0.880757
0.951531 0.890485
0.946257 0.897519
0.947020 0.898698
0.950840 0.903938
0.945901 0.906955
0.944126 0.906397
0.942765 0.901004
0.939508 0.900199
0.937711 0.895963
0.932190 0.906899
0.929440 0.897732
0.925443 0.897292
0.923548 0.888823
0.930379 0.877832
0.930242 0.873398
0.921177 0.874790
0.908234 0.878184
0.895571 0.878478
0.891786 0.878603
0.889602 0.864936
0.882708 0.866599
0.887727 0.872700
0.882516 0.876526
0.883096 0.881534
0.869387 0.887006
0.859985 0.898839
0.864599 0.881984
0.864818 0.867408
0.868159 0.865308
0.875122 0.864025
0.872685 0.849816
0.871681 0.839446
0.860237 0.844701
0.840766 0.850605
0.841886 0.856681
0.840033 0.856723
0.838425 0.858973
0.841043 0.859788
0.848758 0.864485
0.841882 0.876375
0.836293 0.873426
0.832417 0.867071
0.829845 0.871582
0.829057 0.877890
0.826796 0.880714
0.830897 0.889292
0.833666 0.896238
0.822953 0.890874
0.822249 0.896273
0.814120 0.901273
0.813684 0.903302
0.807286 0.903331
0.804650 0.889178
0.793599 0.890831
0.789911 0.875509
0.808463 0.883815
0.810079 0.878394
0.803149 0.864287
0.788645 0.851441
0.779805 0.834504
0.782137 0.828519
0.777446 0.820764
0.791562 0.829553
0.792894 0.830124
0.796131 0.823173
0.807158 0.818609
0.813622 0.849465
0.812802 0.854493
0.821752 0.842886
0.840654 0.837073
0.848518 0.827584
0.854004 0.818824
0.856950 0.817040
0.873507 0.810342
0.886707 0.814532
0.892213 0.820797
0.892214 0.825374
0.896005 0.832762
0.888216 0.847109
0.892877 0.862943
0.914130 0.871824
0.916957 0.869071
0.922510 0.862041
0.947680 0.861877
0.953045 0.861343
0.951911 0.834532
0.941380 0.836332
0.929708 0.838443
0.919524 0.831485
0.918095 0.829293
0.928816 0.821503
0.940877 0.815941
0.935994 0.798173
0.931462 0.789729
0.927480 0.778448
0.928691 0.789521
0.925051 0.797183
0.908403 0.792897
0.898119 0.780727
0.900136 0.772398
0.914003 0.768604
0.898544 0.768528
0.891881 0.781952
0.892694 0.783859
0.878606 0.781399
0.880896 0.784145
0.884251 0.787950
0.879847 0.794510
0.871041 0.796711
0.867634 0.794760
0.860439 0.784526
0.843245 0.801022
0.845941 0.804881
0.839336 0.815983
0.832291 0.814848
0.824141 0.806479
0.829800 0.796668
0.832048 0.794223
0.814788 0.787701
0.836021 0.780821
0.848818 0.772149
0.859849 0.773280
0.860003 0.770872
0.867844 0.749350
0.874846 0.767534
0.890651 0.767144
0.884594 0.760157
0.882854 0.756935
0.890217 0.754534
0.894771 0.752199
0.908178 0.756715
0.909304 0.757181
0.909573 0.745970
0.910899 0.732763
0.908839 0.726421
0.906084 0.725388
0.897100 0.743663
0.871356 0.749215
0.875031 0.729893
0.878023 0.725713
0.870290 0.729296
0.856649 0.727615
0.854857 0.725457
0.852537 0.735158
0.851922 0.736599
0.849635 0.734615
0.841825 0.734830
0.842128 0.753560
0.827234 0.755829
0.813029 0.768411
0.820264 0.776329
0.812870 0.778988
0.798342 0.777714
0.795196 0.789740
0.807722 0.803128
0.793994 0.810286
0.784780 0.808769
0.784396 0.807887
0.782560 0.786341
0.777771 0.789972
0.761259 0.786085
0.766340 0.774265
0.760225 0.774958
0.752357 0.781298
0.750870 0.794181
0.754781 0.800048
0.763358 0.805584
0.763226 0.805706
0.758710 0.820905
0.767916 0.832424
0.763402 0.847929
0.776994 0.847394
0.776377 0.861150
0.762934 0.862125
0.764609 0.864730
0.773057 0.878014
0.770591 0.878281
0.753338 0.880164
0.747864 0.886420
0.734890 0.889054
0.730435 0.884288
0.725250 0.884379
0.713620 0.889048
0.712574 0.890855
0.710614 0.877846
0.713669 0.867103
0.733538 0.872824
0.722332 0.859067
0.723768 0.847817
0.699740 0.858307
0.696277 0.853472
0.698958 0.848137
0.679354 0.850972
0.678290 0.839247
0.684392 0.837990
0.697700 0.836772
0.710217 0.840709
0.716221 0.840513
0.717334 0.817711
0.726281 0.824634
0.738261 0.822317
0.737805 0.817928
0.730798 0.806955
0.736500 0.801267
0.738177 0.800782
0.721989 0.793241
0.719353 0.798461
0.705755 0.791193
0.697594 0.798455
0.706322 0.814221
0.708960 0.824909
0.710783 0.827438
0.702555 0.828305
0.692749 0.825451
0.690078 0.820995
0.689958 0.817798
0.684638 0.801417
0.678521 0.802031
0.672413 0.809685
0.663238 0.809682
0.661447 0.788573
0.670648 0.781068
0.671763 0.777910
0.645039 0.780249
0.641354 0.771395
0.634345 0.761089
0.640607 0.764560
0.653067 0.762408
0.656749 0.757711
0.668010 0.765522
0.668481 0.749589
0.669204 0.746509
0.659584 0.739865
0.657907 0.734193
0.653269 0.724509
0.674575 0.733500
0.666613 0.723669
0.657926 0.717628
0.658800 0.713060
0.661164 0.711873
0.657860 0.706424
0.646444 0.701923
0.660546 0.693604
0.670994 0.712677
0.672769 0.709479
0.677688 0.707433
0.687287 0.690587
0.695398 0.694426
0.689374 0.709255
0.692812 0.730983
0.698326 0.732042
0.705403 0.730802
0.707054 0.728413
0.702350 0.722425
0.703624 0.708837
0.710237 0.688681
0.716929 0.694134
0.731137 0.682297
0.731685 0.694167
0.737882 0.696451
0.741896 0.706049
0.740033 0.705861
0.722584 0.710566
0.709721 0.714254
0.715422 0.720790
0.730085 0.732386
0.724252 0.737709
0.720287 0.738081
0.716727 0.737558
0.720686 0.740971
0.733198 0.751936
0.718662 0.756844
0.696732 0.751738
0.683320 0.758846
0.698579 0.772136
0.711156 0.764869
0.716673 0.774692
0.732000 0.778235
0.742604 0.759044
0.755466 0.747640
0.766985 0.724819
0.774046 0.723190
0.769630 0.708738
0.762774 0.710185
0.765877 0.699895
0.765486 0.692257
0.764518 0.687474
0.755916 0.696361
0.755093 0.686834
0.747985 0.679246
0.755537 0.675278
0.754192 0.666388
0.743450 0.661552
0.751234 0.655741
0.751873 0.638261
0.760295 0.638357
0.763097 0.642431
0.765664 0.645376
0.778485 0.638383
0.778901 0.627542
0.800237 0.647652
0.796263 0.666328
0.801617 0.669233
0.804619 0.676231
0.812686 0.687325
0.802252 0.694710
0.798445 0.689559
0.795509 0.696782
0.778286 0.711939
0.782140 0.719246
0.797511 0.724840
0.790940 0.737241
0.779127 0.755216
0.782790 0.753899
0.789185 0.756550
0.789700 0.760680
0.781380 0.766633
0.788033 0.767888
0.803965 0.752138
0.814137 0.748954
0.816652 0.738755
0.824374 0.734194
0.814797 0.718760
0.816885 0.714271
0.820765 0.711829
0.826074 0.714896
0.821917 0.701285
0.819525 0.696569
0.819356 0.686003
0.817570 0.674595
0.835184 0.683472
0.827174 0.696416
0.842172 0.695683
0.845387 0.690938
0.838527 0.676643
0.838820 0.664989
0.836506 0.663902
0.813379 0.648189
0.813264 0.643635
0.815282 0.641633
0.806836 0.636831
0.810401 0.632453
0.803502 0.621583
0.807465 0.610397
0.818937 0.603711
0.796504 0.606543
0.786371 0.614178
0.781743 0.619061
0.771554 0.614628
0.760896 0.620883
0.754592 0.624187
0.750707 0.623349
0.748342 0.623537
0.752488 0.633483
0.741087 0.629366
0.734863 0.639454
0.732626 0.651693
0.729391 0.654937
0.721531 0.659560
0.711484 0.648212
0.700767 0.650965
0.699480 0.651842
0.715372 0.661230
0.706882 0.667319
0.704488 0.668160
0.687439 0.665790
0.683764 0.678160
0.681330 0.681334
0.676694 0.674252
0.669761 0.674737
0.658852 0.680044
0.658488 0.674990
0.652182 0.668818
0.673401 0.650869
0.681385 0.660236
0.680596 0.653722
0.685579 0.649744
0.679285 0.647625
0.660529 0.637635
0.659781 0.634506
0.664338 0.625255
0.662412 0.612697
0.665784 0.612941
0.674812 0.625322
0.683123 0.627442
0.691580 0.635904
0.696317 0.628220
0.718984 0.615578
0.724469 0.615300
0.713250 0.600650
0.706910 0.599287
0.704582 0.596673
0.683940 0.611905
0.681808 0.606033
0.682343 0.601234
0.684376 0.601304
0.694355 0.590900
0.701001 0.576310
0.713210 0.565526
0.715973 0.559713
0.720653 0.557582
0.724164 0.556837
0.723137 0.568708
0.737649 0.571022
0.743807 0.549511
0.746810 0.553984
0.749518 0.559585
0.749883 0.569265
0.763748 0.584511
0.766798 0.585687
0.769942 0.574321
0.784660 0.579662
0.782638 0.584657
0.790963 0.593104
0.808481 0.588015
0.814047 0.590361
0.811182 0.576491
0.813581 0.575108
0.807997 0.561263
0.803226 0.564623
0.786933 0.563540
0.788383 0.548872
0.799466 0.547698
0.807352 0.544742
0.804232 0.542577
0.798575 0.520329
0.802297 0.516225
0.807094 0.508512
0.820410 0.516708
0.823557 0.517618
0.833940 0.506747
0.847140 0.515565
0.847817 0.504469
0.843959 0.499744
0.841665 0.493087
0.838215 0.499290
0.816783 0.495546
0.814561 0.485223
0.811860 0.478251
0.815072 0.472180
0.808481 0.478018
0.797057 0.489254
0.797104 0.493838
0.799858 0.495774
0.796229 0.501853
0.789200 0.502547
0.786763 0.503420
0.779544 0.497071
0.774385 0.505781
0.766804 0.504546
0.748037 0.502727
0.756008 0.514159
0.759191 0.522021
0.766352 0.531376
0.758911 0.529409
0.758119 0.530018
0.750984 0.525252
0.749914 0.524496
0.746573 0.524875
0.747216 0.523330
0.739107 0.516267
0.732361 0.509454
0.727335 0.514464
0.725356 0.513797
0.724435 0.513568
0.723659 0.516413
0.715259 0.508058
0.717327 0.519608
0.725748 0.524582
0.722639 0.524474
0.709689 0.529539
0.704652 0.546153
0.698581 0.547208
0.684441 0.574365
0.677606 0.575556
0.664231 0.584545
0.638518 0.582278
0.632983 0.600864
0.632989 0.601590
0.624331 0.589122
0.619928 0.592826
0.618160 0.601706
0.618330 0.615298
0.598457 0.603848
0.613391 0.600402
0.612414 0.596186
0.610444 0.590746
0.618294 0.581927
0.626516 0.583820
0.627727 0.581491
0.642880 0.557118
0.655389 0.552965
0.657430 0.549677
0.669022 0.538666
0.674920 0.538453
0.689988 0.518423
0.671546 0.509255
0.670981 0.496017
0.663883 0.493908
0.659227 0.490343
0.667476 0.490364
0.678526 0.479977
0.686854 0.495211
0.702811 0.489617
0.706153 0.495184
0.713440 0.493044
0.722115 0.497977
0.720329 0.485043
0.701756 0.487771
0.696373 0.476409
0.694109 0.477277
0.692650 0.472850
0.698078 0.466357
0.705181 0.466526
0.721862 0.471647
0.727116 0.473171
0.725437 0.478639
0.740259 0.487075
0.755249 0.475918
0.762918 0.477625
0.762756 0.482362
0.778491 0.476852
0.775778 0.461201
0.780099 0.463925
0.789605 0.461235
0.798351 0.447715
0.773691 0.453299
0.764540 0.460135
0.754754 0.463040
0.766442 0.447091
0.769599 0.446987
0.771727 0.446595
0.766400 0.425630
0.755219 0.420724
0.754126 0.420499
0.757980 0.413442
0.759712 0.417939
0.765854 0.416629
0.768439 0.415593
0.770575 0.408372
0.775854 0.402950
0.778707 0.412742
0.788414 0.421953
0.790291 0.421183
0.792844 0.410354
0.782148 0.398361
0.777715 0.395827
0.777589 0.393376
0.771619 0.391480
0.784687 0.388259
0.797575 0.389514
0.793326 0.395817
0.805013 0.408349
0.807663 0.412021
0.821280 0.413983
0.813228 0.425950
0.810517 0.428355
0.791368 0.433463
0.796449 0.442581
0.797989 0.440475
0.800261 0.434744
0.817204 0.434446
0.819507 0.434612
0.844616 0.428406
0.849436 0.421556
0.849391 0.420129
0.846723 0.412668
0.846131 0.403015
0.852221 0.402827
0.861796 0.412355
0.866119 0.417532
0.863016 0.410936
0.862774 0.400993
0.874961 0.394515
0.879325 0.410218
0.890391 0.400033
0.884266 0.394085
0.880512 0.389598
0.878456 0.379571
0.897888 0.373175
0.917839 0.365409
0.916145 0.385649
0.914483 0.389395
0.921748 0.391275
0.904419 0.405548
0.897608 0.411477
0.905360 0.414554
0.903959 0.416744
0.895103 0.440438
0.893030 0.448172
0.881686 0.448747
0.893314 0.453693
0.894211 0.452261
0.895111 0.451168
0.904175 0.456418
0.896923 0.463859
0.897173 0.470347
0.892900 0.481616
0.886483 0.468904
0.883844 0.462557
0.882562 0.462528
0.883114 0.472931
0.876501 0.473570
0.877055 0.481751
0.861582 0.477142
0.857250 0.473047
0.850392 0.445341
0.841860 0.440412
0.840020 0.450324
0.844187 0.458321
0.844653 0.480387
0.854258 0.479432
0.860101 0.492372
0.863584 0.503106
0.863583 0.504780
0.867317 0.511882
0.864835 0.517803
0.886000 0.503891
0.890894 0.514686
0.892520 0.516166
0.894931 0.519654
0.895732 0.521628
0.877163 0.523560
0.874340 0.527884
0.860791 0.528375
0.844181 0.528519
0.840950 0.535599
0.829167 0.529969
0.837781 0.548386
0.837561 0.553319
0.853320 0.544831
0.860624 0.549381
0.867447 0.554710
0.864480 0.567097
0.869706 0.561052
0.877990 0.555312
0.874161 0.553398
0.877527 0.542330
0.882523 0.540582
0.895575 0.539959
0.903604 0.529826
0.915269 0.527982
0.913286 0.526953
0.900237 0.507018
0.897276 0.494497
0.898274 0.490747
0.912836 0.497754
0.922146 0.497311
0.927204 0.490775
0.927411 0.506327
0.927000 0.515404
0.930927 0.525062
0.931882 0.526022
0.938846 0.523631
0.940453 0.516476
0.944170 0.509041
0.956167 0.539970
0.954039 0.541317
0.960029 0.545590
0.968900 0.556082
0.964242 0.558636
0.951028 0.554614
0.938504 0.567822
0.944315 0.580691
0.957245 0.582707
0.937567 0.591661
0.933933 0.588978
0.930935 0.578640
0.923130 0.569147
0.923260 0.556664
0.901730 0.546140
0.899911 0.550563
0.897601 0.548707
0.891438 0.557026
0.899354 0.569509
0.902453 0.567588
0.912427 0.560703
0.907568 0.569667
0.901774 0.582575
0.894291 0.586230
0.901603 0.594522
0.878454 0.606194
0.871154 0.587073
0.866879 0.582272
0.862250 0.575494
0.856790 0.564714
0.850907 0.560895
0.826975 0.581529
0.829085 0.585954
0.837665 0.585948
0.840062 0.584892
0.848124 0.581134
0.851760 0.582369
0.853830 0.580365
0.862744 0.590928
0.856052 0.604224
0.847466 0.596738
0.842462 0.592493
0.835657 0.593925
0.839205 0.620878
0.841634 0.633159
0.850310 0.629321
0.867401 0.621535
0.854480 0.656115
0.861267 0.655579
0.861492 0.662416
0.846097 0.675066
0.852267 0.683569
0.853320 0.681895
0.871680 0.680585
0.866620 0.688660
0.870429 0.697641
0.880569 0.704210
0.887309 0.705758
0.889676 0.690449
0.886857 0.690038
0.885971 0.679829
0.888982 0.659559
0.880316 0.641164
0.890994 0.622720
0.914219 0.627029
0.920555 0.616314
0.920138 0.616018
0.909603 0.593716
0.912338 0.590383
0.916440 0.599188
0.917089 0.601525
0.926573 0.609022
0.938349 0.624459
0.947641 0.639557
0.937811 0.630852
0.931605 0.628483
0.910626 0.638408
0.900990 0.655329
0.911047 0.661373
0.920879 0.662852
0.935160 0.649652
0.938320 0.657961
0.950524 0.655366
0.946693 0.687591
0.927334 0.684378
0.927580 0.697134
0.918274 0.693608
0.911163 0.693741
0.914991 0.697385
0.919309 0.722060
0.930653 0.728130
0.946484 0.730251
0.944030 0.735206
0.947859 0.741180
0.958220 0.760539
0.967532 0.767040
0.950447 0.778871
0.951008 0.786849
0.947018 0.793812
0.959503 0.794098
0.959219 0.802877
0.974096 0.802580
0.977791 0.801832
0.976123 0.811621
0.978518 0.826384
0.977288 0.829136
0.966875 0.831364
0.984061 0.836667
0.990249 0.822681
0.993140 0.809634
0.996122 0.801837
0.992392 0.778987
0.992242 0.765075
0.979764 0.761378
0.980664 0.754761
0.978676 0.748805
0.975844 0.753333
0.966008 0.755874
0.970265 0.745674
0.982498 0.743599
0.997214 0.731128
0.999137 0.729779
0.989040 0.721157
0.985517 0.726428
0.977421 0.723717
0.963230 0.729975
0.961663 0.720109
0.952993 0.717779
0.946581 0.714623
0.950124 0.710803
0.956374 0.700705
0.953106 0.697627
0.968520 0.689545
0.973139 0.699247
0.976088 0.699213
0.986014 0.702676
0.984092 0.697168
0.977433 0.688521
0.970231 0.677047
0.962986 0.679682
0.959104 0.677013
0.958608 0.672554
0.967335 0.662995
0.972466 0.667111
0.979366 0.660449
0.998433 0.665771
0.997992 0.649583
0.965270 0.653381
0.972934 0.646797
0.972791 0.633281
0.974565 0.622906
0.990263 0.639058
0.998939 0.622423
0.990523 0.610489
0.975418 0.615830
0.972765 0.615723
0.966626 0.618813
0.954321 0.618644
0.966837 0.589885
0.967877 0.592116
0.974931 0.598262
0.978794 0.592173
0.978441 0.587577
0.991997 0.583378
0.994470 0.585854
0.995487 0.580028
0.971704 0.569373
0.988538 0.562559
0.984452 0.549079
0.991227 0.547571
0.989056 0.544152
0.990007 0.543822
0.994147 0.537432
0.998700 0.536824
0.984985 0.527652
0.983568 0.528802
0.981071 0.533332
0.974334 0.537857
0.972087 0.534026
0.973271 0.520900
0.965504 0.509201
0.962717 0.508692
0.965590 0.503998
0.979316 0.501319
0.972034 0.495866
0.967504 0.484848
0.984134 0.481251
0.986167 0.473742
0.965788 0.471813
0.964060 0.473131
0.956122 0.461331
0.959556 0.475647
0.955682 0.478416
0.960471 0.480574
0.960045 0.484155
0.959448 0.489071
0.948233 0.491335
0.943755 0.469935
0.943326 0.470353
0.933848 0.474052
0.921027 0.483438
0.920973 0.472199
0.914531 0.465568
0.917001 0.464600
0.931186 0.459718
0.925209 0.451141
0.909500 0.439063
0.906208 0.430594
0.910014 0.429485
0.919107 0.423944
0.925595 0.423219
0.926386 0.423265
0.933687 0.406373
0.931104 0.396598
0.937567 0.395885
0.940243 0.396279
0.937654 0.393002
0.946349 0.385096
0.940513 0.380147
0.940130 0.372470
0.950094 0.369065
0.955134 0.384413
0.955184 0.385563
0.972187 0.388196
0.951228 0.393008
0.952111 0.405388
0.945989 0.408530
0.934937 0.415544
0.946748 0.422195
0.939715 0.427073
0.930785 0.429625
0.939433 0.438612
0.940013 0.441324
0.956321 0.439925
0.952068 0.446431
0.949997 0.453545
0.950993 0.455391
0.947959 0.460777
0.956514 0.457044
0.966562 0.453671
0.971305 0.453017
0.989127 0.458911
0.992244 0.461532
0.988334 0.449861
0.985215 0.446734
0.998415 0.439390
0.993010 0.430250
0.984490 0.429801
0.973763 0.419544
0.980781 0.399864
0.982007 0.398764
0.997559 0.388765
0.997692 0.379967
0.991628 0.371552
0.980988 0.361086
0.990425 0.357123
0.993625 0.354467
0.985038 0.352913
0.980864 0.352496
0.968923 0.354044
0.956913 0.356389
0.955133 0.361383
0.953358 0.360364
0.949287 0.347961
0.979946 0.340919
0.978126 0.336451
0.963945 0.335913
0.948849 0.322917
0.947234 0.331500
0.941440 0.331295
0.928045 0.335557
0.938060 0.348134
0.924618 0.355338
0.912729 0.350229
0.911156 0.347211
0.891234 0.332832
0.885247 0.322821
0.891522 0.317387
0.893537 0.313259
0.902970 0.311694
0.907058 0.326111
0.912048 0.322766
0.917628 0.327356
0.919989 0.313891
0.916862 0.311357
0.911302 0.303160
0.926655 0.297987
0.906052 0.279590
0.913065 0.273244
0.928193 0.276183
0.928563 0.273907
0.938892 0.274468
0.941320 0.286012
0.944903 0.293462
0.952161 0.288013
0.961307 0.287981
0.964243 0.281574
0.942738 0.270695
0.925996 0.265687
0.916864 0.241980
0.915875 0.243519
0.905509 0.254772
0.901740 0.268663
0.891043 0.263654
0.884051 0.242891
0.864173 0.249567
0.858964 0.248515
0.851707 0.256118
0.866954 0.267412
0.870334 0.270626
0.878425 0.270241
0.883949 0.274074
0.890629 0.277570
0.875282 0.277977
0.864386 0.268381
0.862686 0.274902
0.858653 0.278773
0.852124 0.274634
0.848755 0.295261
0.814364 0.298341
0.820472 0.290766
0.826383 0.278645
0.811248 0.273994
0.809456 0.275105
0.800942 0.279921
0.796431 0.276953
0.787057 0.283838
0.786084 0.273607
0.787742 0.270914
0.791383 0.267607
0.793878 0.250992
0.816797 0.253790
0.810123 0.246876
0.804083 0.238438
0.808266 0.235597
0.812525 0.231445
0.815466 0.215316
0.820715 0.221711
0.836436 0.224524
0.838531 0.219744
0.830876 0.207495
0.838562 0.207379
0.856532 0.213411
0.870405 0.206163
0.883782 0.191959
0.886133 0.190409
0.891999 0.197884
0.891965 0.217025
0.885945 0.219805
0.884818 0.210658
0.879845 0.209584
0.879470 0.217461
0.879322 0.219180
0.876602 0.227408
0.894479 0.228989
0.910647 0.233161
0.911472 0.226315
0.912378 0.222653
0.903301 0.224421
0.905505 0.216591
0.908622 0.212744
0.910419 0.204765
0.914560 0.202332
0.915839 0.188030
0.915368 0.184732
0.908198 0.188434
0.895084 0.183840
0.900818 0.176398
0.914655 0.162760
0.932030 0.155002
0.932796 0.166520
0.942042 0.170607
0.931966 0.177635
0.934584 0.178993
0.932850 0.183270
0.944454 0.200468
0.940332 0.210940
0.944439 0.210421
0.949957 0.215046
0.937055 0.223973
0.932227 0.212925
0.924583 0.219689
0.925923 0.226219
0.931344 0.229949
0.941368 0.241088
0.948176 0.256820
0.954077 0.243266
0.965080 0.244790
0.973185 0.255926
0.974450 0.286046
0.968380 0.304368
0.966077 0.306535
0.974930 0.310750
0.976136 0.309798
0.979046 0.303241
0.983285 0.271183
0.980271 0.257836
0.976514 0.251394
0.988782 0.238635
0.978511 0.222226
0.978023 0.221263
0.973591 0.223713
0.972407 0.226497
0.965955 0.221203
0.982322 0.196600
0.957674 0.191689
0.969917 0.185280
0.967460 0.179005
0.994768 0.170350
0.985828 0.158381
0.987949 0.139140
0.973513 0.148975
0.960985 0.160611
0.956549 0.168531
0.934770 0.145170
0.924071 0.144368
0.913799 0.144640
0.907957 0.147164
0.893848 0.164196
0.886506 0.147685
0.882998 0.155813
0.882998 0.164622
0.870065 0.164910
0.880039 0.173728
0.885250 0.180822
0.874493 0.186284
0.868376 0.178278
0.850711 0.164444
0.860263 0.152460
0.864995 0.150749
0.846782 0.135055
0.836482 0.140040
0.824514 0.144547
0.822237 0.146862
0.825980 0.112152
0.833645 0.100660
0.833845 0.120452
0.852234 0.112937
0.863313 0.120180
0.862880 0.122842
0.866685 0.127813
0.874797 0.126274
0.879923 0.132149
0.881195 0.132933
0.878848 0.138676
0.885020 0.137365
0.887314 0.131514
0.879567 0.125821
0.885484 0.119547
0.901437 0.116535
0.900736 0.094107
0.888671 0.088616
0.885394 0.079570
0.898685 0.064212
0.910931 0.064651
0.926717 0.064894
0.923720 0.070064
0.935584 0.080453
0.942836 0.069304
0.949858 0.071478
0.953876 0.078021
0.943387 0.093635
0.939962 0.093331
0.938054 0.084029
0.932466 0.085869
0.922286 0.087198
0.919140 0.082675
0.918887 0.077756
0.912912 0.075886
0.902542 0.082169
0.908434 0.086690
0.913071 0.094262
0.909517 0.103201
0.920658 0.127061
0.926644 0.121681
0.928830 0.119126
0.939984 0.109355
0.944896 0.136267
0.949879 0.133561
0.957149 0.136286
0.960000 0.140298
0.960007 0.143659
0.960689 0.145112
0.969096 0.141440
0.969518 0.128668
0.982399 0.128449
0.983579 0.119756
0.990394 0.114223
0.984171 0.113479
0.980387 0.103706
0.972729 0.098108
0.976194 0.092044
0.990845 0.096367
0.993961 0.098556
0.993261 0.091891
0.997404 0.088240
0.994810 0.075471
0.992094 0.070012
0.989964 0.061966
0.978451 0.067326
0.971844 0.075334
0.960888 0.080820
0.974381 0.063487
0.982481 0.059800
0.988733 0.053556
0.996006 0.050429
0.996274 0.033055
0.999863 0.031208
0.991675 0.022071
0.966272 0.018918
0.972936 0.039784
0.959868 0.034752
0.949849 0.045906
0.943736 0.049214
0.941983 0.025055
0.940763 0.023397
0.952869 0.015789
0.955656 0.006891
0.956140 0.000836
0.952097 0.006675
0.927116 0.012314
0.922151 0.024241
0.912690 0.004310
0.900991 0.001517
0.902172 0.029684
0.900740 0.030629
0.890406 0.017265
0.885408 0.012297
0.883272 0.002914
0.872917 0.009728
0.856538 0.012806
0.852638 0.006738
0.840141 0.015023
0.839156 0.023244
0.832228 0.032469
0.835485 0.021889
0.829945 0.008899
0.809883 0.000060
0.803856 0.006909
0.774235 0.005729
0.793133 0.010905
0.796895 0.011347
0.819346 0.025445
0.813745 0.030250
0.819584 0.040902
0.820679 0.044813
0.815875 0.047730
0.817362 0.057171
0.790533 0.041116
0.780657 0.043127
0.777253 0.041127
0.781900 0.037390
0.777696 0.026295
0.770037 0.035353
0.766209 0.031085
0.752117 0.036025
0.752271 0.057790
0.740614 0.052928
0.739777 0.065132
0.726362 0.073027
0.727611 0.052184
0.723538 0.036830
0.735590 0.029266
0.738735 0.008960
0.728481 0.015137
0.712613 0.009603
0.712756 0.004400
0.702933 0.008127
0.688315 0.002200
0.710137 0.025711
0.720831 0.038800
0.707102 0.047581
0.691682 0.042023
0.699542 0.056382
0.692072 0.059210
0.686764 0.070026
0.671772 0.073444
0.669734 0.075566
0.676446 0.043966
0.662868 0.045330
0.660031 0.053581
0.645221 0.035360
0.653267 0.032646
0.650177 0.028101
0.656723 0.011397
0.655591 0.009725
0.670232 0.006824
0.656967 0.001655
0.653093 0.003309
0.648653 0.001856
0.649063 0.006091
0.645921 0.004931
0.639956 0.009866
0.633009 0.016119
0.612087 0.000592
0.608335 0.004643
0.617606 0.022238
0.631070 0.031236
0.635762 0.043536
0.629048 0.049267
0.613042 0.045481
0.605154 0.045547
0.607860 0.054735
0.596696 0.070894
0.610518 0.072274
0.625055 0.057797
0.645663 0.055383
0.637714 0.064784
0.631359 0.070761
0.627955 0.071087
0.639144 0.081294
0.638781 0.091053
0.646652 0.083467
0.649434 0.078718
0.655457 0.077942
0.672069 0.090195
0.687567 0.090058
0.711274 0.093536
0.714133 0.108180
0.708863 0.114007
0.689591 0.103995
0.684346 0.100342
0.679676 0.101494
0.678393 0.104599
0.657342 0.103392
0.656386 0.121484
0.641409 0.105351
0.636445 0.119294
0.640652 0.128557
0.636244 0.138162
0.634832 0.141568
0.660589 0.139748
0.664519 0.139067
0.665658 0.140492
0.685683 0.143672
0.686694 0.153447
0.692253 0.158414
0.682461 0.170944
0.659037 0.161129
0.639153 0.164343
0.630976 0.165503
0.623967 0.161821
0.618563 0.163267
0.608795 0.158268
0.601700 0.162507
0.594439 0.168572
0.572566 0.170136
0.579212 0.163166
0.575875 0.160606
0.578081 0.156951
0.564644 0.143138
0.559596 0.134943
0.546921 0.147253
0.540416 0.141040
0.540191 0.134302
0.531345 0.137675
0.525296 0.131449
0.522499 0.130047
0.516561 0.130370
0.517453 0.137360
0.512926 0.142086
0.508861 0.127649
0.514220 0.128151
0.516310 0.123508
0.521831 0.118306
0.523062 0.109008
0.526854 0.093727
0.532965 0.076112
0.541473 0.086168
0.568820 0.099544
0.585983 0.116417
0.581468 0.120053
0.580392 0.119863
0.577628 0.119962
0.575399 0.121790
0.571440 0.131853
0.575180 0.132963
0.594417 0.138462
0.598889 0.139180
0.620901 0.136340
0.623869 0.136658
0.626697 0.132383
0.625278 0.121231
0.624504 0.106933
0.621690 0.106680
0.622716 0.094475
0.617655 0.105908
0.603811 0.112013
0.600095 0.114034
0.592810 0.094494
0.592450 0.094553
0.585378 0.094597
0.576895 0.097350
0.577347 0.093813
0.580128 0.086935
0.582716 0.067623
0.577222 0.047548
0.576664 0.056137
0.573175 0.062763
0.566174 0.061242
0.554926 0.054824
0.555078 0.047647
0.554180 0.033909
0.564021 0.040405
0.568442 0.038478
0.581421 0.023400
0.583705 0.020934
0.600697 0.008853
0.577363 0.006507
0.573255 0.008761
0.561748 0.002666
0.538661 0.016054
0.533947 0.011520
0.532574 0.007869
0.523885 0.007472
0.516170 0.000842
0.504389 0.005374
0.515880 0.015713
0.509212 0.017851
0.496090 0.027049
0.487495 0.038080
0.484938 0.046352
0.474838 0.053316
0.484798 0.053944
0.496251 0.051993
0.496458 0.058658
0.505920 0.054181
0.505988 0.050742
0.507657 0.044840
0.499111 0.041807
0.500907 0.031608
0.510010 0.037311
0.516057 0.051665
0.533139 0.057266
0.529165 0.069686
0.517683 0.064848
0.517822 0.066587
0.521928 0.079223
0.518314 0.079471
0.510504 0.086084
0.497564 0.082552
0.491194 0.080132
0.487476 0.073336
0.486292 0.073659
0.483927 0.073423
0.480490 0.085031
0.492531 0.104199
0.467012 0.113302
0.473518 0.120771
0.479776 0.124965
0.484789 0.129426
0.492211 0.129434
0.501773 0.140338
0.497763 0.149608
0.525438 0.160103
0.544586 0.170638
0.542978 0.192686
0.539499 0.204065
0.532259 0.205377
0.533851 0.212473
0.533318 0.230847
0.542221 0.210496
0.549512 0.197712
0.553500 0.196071
0.559726 0.200788
0.566737 0.194377
0.566540 0.192352
0.571309 0.186663
0.592808 0.180337
0.590480 0.187230
0.583851 0.191115
0.579047 0.201166
0.600115 0.209458
0.591727 0.213133
0.590154 0.220750
0.554817 0.238332
0.557910 0.251194
0.565835 0.252012
0.570281 0.262082
0.567001 0.265365
0.539677 0.266625
0.543921 0.276122
0.548237 0.292975
0.557462 0.284082
0.569090 0.278287
0.574165 0.279352
0.567475 0.297556
0.580499 0.301139
0.576986 0.295741
0.577953 0.289262
0.583365 0.287463
0.585322 0.283260
0.598690 0.283225
0.603512 0.276536
0.608662 0.277977
0.609562 0.291228
0.616704 0.288593
0.623571 0.293526
0.622985 0.298965
0.625120 0.306828
0.602197 0.307184
0.618106 0.312884
0.628684 0.321542
0.629013 0.322518
0.638589 0.310545
0.638649 0.306582
0.652330 0.314889
0.652156 0.321173
0.672928 0.323921
0.686188 0.311828
0.693860 0.306202
0.684085 0.293290
0.690406 0.287881
0.696139 0.288041
0.701877 0.294521
0.700600 0.301867
0.705924 0.293300
0.711889 0.296725
0.726101 0.292735
0.713957 0.281512
0.699524 0.273696
0.687654 0.278971
0.674127 0.277014
0.671319 0.276526
0.667919 0.270428
0.665465 0.265140
0.654011 0.268207
0.646156 0.258258
0.646751 0.284395
0.632159 0.271746
0.637985 0.270316
0.641369 0.262560
0.639227 0.255919
0.636093 0.254804
0.636143 0.242242
0.631656 0.243125
0.626547 0.254317
0.628956 0.256391
0.619655 0.262289
0.619627 0.263994
0.619119 0.270592
0.600179 0.262426
0.588608 0.268269
0.595529 0.245225
0.595243 0.236796
0.591380 0.228506
0.598933 0.223377
0.608542 0.237576
0.602945 0.247050
0.616266 0.251106
0.622193 0.242445
0.614663 0.230071
0.619868 0.204422
0.622837 0.197219
0.620793 0.189342
0.620248 0.177602
0.631801 0.188724
0.641697 0.173845
0.645223 0.190099
0.664384 0.188909
0.659715 0.201353
0.666346 0.215675
0.654590 0.212706
0.653178 0.213930
0.641370 0.204866
0.640008 0.209925
0.645108 0.233273
0.648110 0.232681
0.657267 0.233436
0.658681 0.232774
0.675987 0.230173
0.675989 0.233946
0.677279 0.240742
0.682136 0.252811
0.686409 0.249480
0.684814 0.243926
0.690209 0.243765
0.708454 0.251706
0.715925 0.248296
0.726102 0.248138
0.729479 0.243524
0.730120 0.243254
0.720776 0.242209
0.716786 0.243392
0.701940 0.236811
0.695504 0.229749
0.699495 0.222251
0.705924 0.215154
0.691063 0.203327
0.689832 0.191632
0.687324 0.183154
0.683176 0.179725
0.685828 0.172657
0.698853 0.191995
0.705176 0.186889
0.715335 0.207893
0.720593 0.209734
0.713963 0.215974
0.711450 0.221185
0.725935 0.216072
0.731899 0.192484
0.736181 0.190915
0.738057 0.193935
0.746131 0.194624
0.749347 0.181315
0.741598 0.187612
0.734706 0.185085
0.730275 0.186652
0.736699 0.175835
0.727637 0.167109
0.720744 0.163201
0.725084 0.156126
0.728097 0.137106
0.721363 0.145956
0.709772 0.155520
0.695935 0.138948
0.697823 0.118438
0.708162 0.121100
0.728765 0.125244
0.733783 0.125731
0.736875 0.118839
0.737806 0.112065
0.737456 0.105512
0.726818 0.096643
0.738655 0.083050
0.769520 0.083825
0.765889 0.072500
0.762520 0.072181
0.768175 0.062829
0.771998 0.067337
0.778660 0.067804
0.780212 0.064043
0.781794 0.059940
0.785367 0.049907
0.794643 0.077515
0.818239 0.071726
0.827537 0.068488
0.828753 0.065844
0.838966 0.062955
0.840584 0.054983
0.840536 0.051464
0.849025 0.048956
0.857798 0.058690
0.869193 0.053701
0.870969 0.049619
0.851612 0.031040
0.857210 0.029903
0.864666 0.028535
0.865532 0.022708
0.877975 0.027509
0.877800 0.035351
0.878295 0.041037
0.886358 0.052004
0.872494 0.060157
0.864936 0.059446
0.856668 0.082154
0.862599 0.100193
0.847346 0.086388
0.842020 0.086621
0.837273 0.089574
0.820801 0.097150
0.813166 0.094689
0.813264 0.091808
0.814113 0.088723
0.793298 0.097749
0.792114 0.100606
0.795500 0.110938
0.781460 0.105121
0.777721 0.096248
0.771751 0.103840
0.766362 0.105580
0.782938 0.112796
0.784406 0.117241
0.792186 0.120689
0.793682 0.134498
0.805384 0.143791
0.804861 0.154947
0.794255 0.164437
0.789758 0.141956
0.785386 0.135283
0.779840 0.139977
0.768229 0.158935
0.762500 0.153225
0.762710 0.143607
0.755441 0.147486
0.750532 0.159611
0.756843 0.164731
0.770171 0.183846
0.769751 0.191697
0.760364 0.194002
0.764838 0.199081
0.773102 0.200049
0.792970 0.195066
0.797181 0.193568
0.799191 0.188111
0.820335 0.176755
0.823821 0.193524
0.814221 0.196358
0.797805 0.208676
0.796437 0.219757
0.789736 0.222445
0.779035 0.228951
0.769630 0.222205
0.770250 0.213601
0.755291 0.216067
0.745527 0.218602
0.746133 0.220859
0.749438 0.232689
0.752966 0.236494
0.758281 0.234095
0.763460 0.232825
0.763708 0.251483
0.760990 0.252301
0.748660 0.253032
0.746496 0.265400
0.738470 0.249630
0.725539 0.256673
0.730441 0.258453
0.735442 0.272860
0.735969 0.277798
0.746031 0.281459
0.747709 0.279501
0.755587 0.275549
0.765005 0.275178
0.776774 0.280941
0.768105 0.294741
0.774084 0.312243
0.783346 0.326404
0.793193 0.319446
0.789329 0.317811
0.786289 0.309289
0.794585 0.300157
0.803479 0.305530
0.817708 0.330961
0.826852 0.335292
0.826026 0.328461
0.823880 0.323922
0.837564 0.319108
0.854165 0.321178
0.849277 0.315168
0.849666 0.310174
0.846955 0.310517
0.844234 0.308792
0.856464 0.296003
0.859564 0.310595
0.874016 0.326819
0.862160 0.336544
0.865191 0.363246
0.865465 0.369629
0.852249 0.385388
0.850697 0.386315
0.842904 0.393853
0.835977 0.390232
0.840454 0.371880
0.851022 0.367796
0.840132 0.359254
0.838850 0.355794
0.848353 0.346506
0.841755 0.332610
0.833693 0.350311
0.828999 0.348066
0.826402 0.357089
0.822030 0.359484
0.824187 0.363462
0.822536 0.373947
0.818260 0.364393
0.810520 0.366195
0.803104 0.355636
0.789677 0.363656
0.787615 0.363246
0.775483 0.363305
0.753001 0.378034
0.738302 0.384243
0.749218 0.367236
0.743150 0.359600
0.743604 0.355677
0.739638 0.354708
0.738536 0.356055
0.737861 0.350942
0.729754 0.348110
0.736907 0.376166
0.724296 0.374948
0.715741 0.380493
0.717909 0.351200
0.713594 0.351190
0.705052 0.343252
0.704439 0.340073
0.706282 0.329644
0.720069 0.323353
0.727432 0.323016
0.738321 0.325498
0.734560 0.337328
0.742367 0.335499
0.763621 0.339788
0.777043 0.344652
0.745938 0.320188
0.757736 0.309408
0.757335 0.301558
0.747946 0.306223
0.730327 0.302888
0.728182 0.299082
0.721969 0.303290
0.720265 0.304732
0.712760 0.313032
0.713070 0.318484
0.703553 0.312438
0.701511 0.317652
0.699164 0.330463
0.690571 0.334897
0.691040 0.335873
0.696700 0.342080
0.698394 0.343522
0.697825 0.344786
0.686862 0.359127
0.675802 0.357644
0.679222 0.349359
0.679050 0.348078
0.663454 0.340461
0.661020 0.348849
0.660016 0.352935
0.667032 0.358620
0.680902 0.378530
0.681065 0.388938
0.692131 0.394437
0.701316 0.392763
0.695207 0.405986
0.694975 0.412972
0.706124 0.411506
0.714721 0.409487
0.717380 0.401851
0.718722 0.398093
0.726381 0.392554
0.738400 0.396292
0.738642 0.395604
0.758423 0.403012
0.748330 0.411331
0.744691 0.417062
0.744156 0.426020
0.739650 0.455520
0.717124 0.445449
0.712843 0.452745
0.712612 0.453002
0.704702 0.455915
0.698524 0.454519
0.692233 0.460082
0.683294 0.456431
0.680419 0.458431
0.677419 0.469519
0.671855 0.472678
0.666278 0.452998
0.689086 0.430367
0.682621 0.429175
0.673081 0.434411
0.670245 0.431442
0.667089 0.433858
0.663419 0.441599
0.658996 0.445799
0.658040 0.449691
0.653585 0.453416
0.656036 0.446097
0.654699 0.433405
0.643499 0.434485
0.624188 0.439663
0.627594 0.446741
0.633751 0.451717
0.626277 0.451984
0.616940 0.452568
0.617384 0.457038
0.615729 0.464887
0.613149 0.470885
0.603067 0.462097
0.615269 0.452370
0.606915 0.446040
0.609908 0.438115
0.606519 0.433512
0.610184 0.427322
0.623167 0.429290
0.622452 0.424597
0.627855 0.417252
0.639244 0.410285
0.659563 0.410240
0.650769 0.398260
0.640195 0.378077
0.631817 0.391324
0.611875 0.401675
0.602884 0.387794
0.603859 0.384822
0.601446 0.382489
0.611652 0.374352
0.620877 0.382314
0.619882 0.387917
0.620176 0.387703
0.624175 0.382326
0.630184 0.374909
0.631414 0.370228
0.635971 0.362223
0.628486 0.365467
0.627817 0.365628
0.620990 0.369586
0.624005 0.363262
0.627647 0.352466
0.644070 0.349622
0.643087 0.339250
0.635188 0.341901
0.633604 0.337215
0.619570 0.327677
0.616222 0.332989
0.617308 0.346937
0.604150 0.356304
0.605504 0.345610
0.603613 0.340906
0.593376 0.342069
0.584153 0.339256
0.577168 0.345282
0.574017 0.336273
0.571826 0.317973
0.573573 0.313250
0.563099 0.314586
0.563653 0.319395
0.529276 0.332676
0.523441 0.331287
0.526655 0.345492
0.520149 0.345191
0.519119 0.356510
0.518394 0.359053
0.516495 0.364548
0.506828 0.359881
0.506905 0.348931
0.507386 0.318709
0.507989 0.317117
0.510874 0.308953
0.518426 0.303238
0.523171 0.320472
0.534077 0.320417
0.538176 0.321297
0.537973 0.303726
0.534086 0.298570
0.530970 0.299117
0.526569 0.296249
0.520534 0.275848
0.529369 0.272631
0.535460 0.259523
0.524723 0.243876
0.522890 0.248839
0.501104 0.250788
0.504004 0.264947
0.493061 0.259007
0.491038 0.252083
0.483487 0.245390
0.480951 0.249250
0.469812 0.248077
0.469036 0.240166
0.471049 0.235758
0.466420 0.229551
0.456372 0.229671
0.447242 0.243421
0.453823 0.256168
0.446568 0.259582
0.443047 0.252756
0.441092 0.253117
0.437044 0.254553
0.421910 0.235884
0.435120 0.233400
0.440447 0.224128
0.445026 0.229731
0.455755 0.223844
0.453694 0.219374
0.461061 0.219280
0.467788 0.218154
0.463214 0.208023
0.464674 0.206615
0.460615 0.199983
0.442236 0.197125
0.441426 0.200823
0.444164 0.206654
0.439079 0.206041
0.438420 0.215654
0.416755 0.220511
0.418093 0.214122
0.412658 0.194800
0.400961 0.194773
0.391244 0.202527
0.371286 0.198435
0.360587 0.199966
0.360035 0.199658
0.351269 0.182082
0.356140 0.174817
0.341784 0.169941
0.340644 0.184791
0.326837 0.198469
0.323713 0.192460
0.321044 0.185818
0.320422 0.179488
0.296032 0.179924
0.309350 0.165238
0.320394 0.144925
0.325654 0.138174
0.315501 0.113751
0.312103 0.110535
0.319758 0.112240
0.327294 0.104869
0.328108 0.099918
0.321786 0.096118
0.321392 0.095956
0.315502 0.086995
0.333492 0.092903
0.337209 0.098638
0.351241 0.096949
0.355292 0.086617
0.362672 0.085351
0.364673 0.072917
0.359739 0.066760
0.372823 0.059842
0.380372 0.044318
0.393948 0.042956
0.387811 0.053159
0.383259 0.059164
0.378153 0.067423
0.388730 0.069732
0.392405 0.065003
0.395416 0.076370
0.408800 0.070845
0.416327 0.060741
0.421847 0.096290
0.420714 0.097765
0.412770 0.097293
0.393251 0.092838
0.397775 0.106322
0.386271 0.124337
0.378827 0.121204
0.371076 0.106346
0.367130 0.105236
0.362755 0.106875
0.366051 0.121906
0.361023 0.125006
0.361196 0.135174
0.351362 0.144839
0.354590 0.159991
0.358691 0.162736
0.376570 0.138295
0.385334 0.137554
0.400054 0.138225
0.381262 0.144198
0.381057 0.152060
0.382350 0.164454
0.382158 0.165705
0.376803 0.179553
0.382058 0.178245
0.395090 0.160898
0.403672 0.159788
0.411342 0.166879
0.425465 0.188107
0.428416 0.191784
0.443678 0.175918
0.453104 0.173457
0.459696 0.185322
0.480807 0.174524
0.479176 0.189575
0.482385 0.196443
0.478599 0.197768
0.476923 0.201609
0.474830 0.204150
0.478873 0.211701
0.491783 0.218195
0.494127 0.219361
0.493193 0.215289
0.492042 0.214899
0.508846 0.198988
0.510819 0.195351
0.518241 0.197267
0.533303 0.186079
0.527087 0.173651
0.520447 0.178632
0.499853 0.176759
0.497553 0.165758
0.487199 0.160403
0.483511 0.152643
0.481495 0.154098
0.476818 0.153258
0.481041 0.142406
0.478431 0.141441
0.468059 0.127480
0.461338 0.124870
0.451947 0.138240
0.437608 0.134184
0.432265 0.148949
0.426643 0.157517
0.416434 0.128211
0.423756 0.122607
0.425673 0.104029
0.438187 0.098426
0.438812 0.092375
0.431032 0.085554
0.446270 0.081778
0.469281 0.086309
0.466338 0.079429
0.463009 0.073049
0.469067 0.070118
0.469224 0.060128
0.472272 0.058411
0.466254 0.054018
0.472210 0.044213
0.473773 0.032677
0.472965 0.015586
0.481995 0.008266
0.466794 0.000728
0.454934 0.002075
0.447921 0.019153
0.437856 0.033395
0.432748 0.025892
0.425211 0.015634
0.417845 0.002162
0.422833 0.027174
0.417932 0.029742
0.420182 0.030681
0.429975 0.054258
0.411770 0.036086
0.406220 0.031350
0.408692 0.027027
0.396739 0.025522
0.392972 0.023307
0.394093 0.019503
0.386306 0.001503
0.384722 0.001277
0.359974 0.004206
0.361427 0.010072
0.362037 0.028687
0.367977 0.027334
0.367884 0.029858
0.373941 0.034632
0.363940 0.040610
0.358896 0.039724
0.362279 0.044894
0.365965 0.047589
0.347444 0.053583
0.346795 0.039188
0.342492 0.030063
0.326680 0.012962
0.320571 0.016465
0.298463 0.011533
0.289428 0.012380
0.291340 0.020870
0.279368 0.020863
0.252766 0.005648
0.253387 0.025233
0.244924 0.025936
0.244243 0.022085
0.239375 0.026033
0.236032 0.025394
0.233415 0.026620
0.239016 0.017316
0.223995 0.006951
0.222835 0.004409
0.196333 0.003653
0.192232 0.008786
0.182148 0.016274
0.176906 0.017829
0.178818 0.023585
0.174768 0.040373
0.165533 0.046006
0.180710 0.044623
0.187746 0.037281
0.195056 0.032649
0.206589 0.033418
0.200021 0.040378
0.194962 0.047678
0.193902 0.055851
0.185744 0.061115
0.181858 0.065485
0.173083 0.070477
0.169341 0.071810
0.165528 0.065424
0.155447 0.068977
0.144244 0.064993
0.143184 0.051727
0.130878 0.046373
0.124532 0.045273
0.131854 0.040533
0.139351 0.033499
0.147863 0.030222
0.172179 0.010641
0.154241 0.006836
0.138548 0.008701
0.129029 0.004242
0.133852 0.009869
0.137063 0.024982
0.114593 0.033227
0.110733 0.034425
0.105060 0.034056
0.106213 0.038675
0.108524 0.043603
0.113839 0.051325
0.097489 0.043726
0.082820 0.031191
0.088539 0.022560
0.093906 0.014607
0.093578 0.010630
0.088433 0.011956
0.085386 0.010844
0.081634 0.011033
0.079437 0.018596
0.071048 0.003219
0.066136 0.017764
0.070941 0.023151
0.071223 0.027280
0.064365 0.025479
0.058312 0.033465
0.049309 0.035439
0.049221 0.024129
0.028784 0.012722
0.028181 0.010344
0.026005 0.005272
0.025907 0.010037
0.026515 0.017274
0.029667 0.034645
0.015355 0.038865
0.000983 0.032250
0.008672 0.043320
0.006699 0.051730
0.013792 0.055995
0.017294 0.069146
0.021286 0.071573
0.018487 0.082681
0.014011 0.090456
0.022859 0.098031
0.033189 0.108860
0.025379 0.113049
0.020882 0.110377
0.014321 0.111495
0.000150 0.117003
0.019228 0.137389
0.043663 0.140815
0.039696 0.153381
0.037348 0.153296
0.040212 0.159293
0.033386 0.165158
0.049733 0.177086
0.039150 0.183924
0.031806 0.182682
0.023584 0.175816
0.020593 0.171715
0.017671 0.185170
0.016297 0.182839
0.010391 0.173756
0.011681 0.153031
0.009508 0.152141
0.002312 0.172984
0.001546 0.181192
0.008307 0.206784
0.008223 0.222339
0.022476 0.215244
0.015991 0.204171
0.020243 0.203005
0.025199 0.205151
0.041254 0.211520
0.047889 0.207126
0.049742 0.202186
0.052624 0.212999
0.075736 0.210433
0.081463 0.182165
0.087771 0.178264
0.081773 0.172361
0.073761 0.166074
0.079011 0.155635
0.081297 0.139978
0.074594 0.138059
0.062259 0.153798
0.060894 0.146311
0.062282 0.137971
0.048794 0.130744
0.052213 0.127867
0.064542 0.128852
0.063839 0.111144
0.048967 0.116442
0.047053 0.104062
0.055342 0.088396
0.059246 0.088545
0.054583 0.078610
0.042045 0.068543
0.039264 0.051111
0.041141 0.045983
0.045925 0.038560
0.048752 0.039028
0.050410 0.046062
0.060511 0.045859
0.067148 0.049753
0.076131 0.049434
0.079672 0.058484
0.073141 0.067000
0.080637 0.064849
0.090243 0.069446
0.096837 0.062834
0.097750 0.063100
0.099602 0.066533
0.114316 0.064015
0.112829 0.076308
0.116670 0.073682
0.127551 0.069715
0.135417 0.075349
0.136500 0.081574
0.135845 0.083399
0.135919 0.090936
0.152303 0.100321
0.146724 0.100284
0.131237 0.099287
0.113725 0.088265
0.109332 0.091600
0.105213 0.095683
0.100676 0.088031
0.083055 0.089574
0.082722 0.085806
0.073997 0.084093
0.067722 0.088367
0.071785 0.094568
0.071451 0.097908
0.078740 0.100360
0.083043 0.116657
0.098178 0.132748
0.095446 0.135753
0.101020 0.137481
0.115652 0.138024
0.118648 0.139975
0.119667 0.135149
0.115931 0.129676
0.124160 0.129237
0.134529 0.117212
0.139667 0.120617
0.143874 0.124002
0.143353 0.133621
0.126383 0.143551
0.123275 0.153190
0.116533 0.150903
0.111557 0.158318
0.100625 0.166937
0.093625 0.177276
0.100961 0.189352
0.103602 0.187693
0.113270 0.187368
0.121602 0.190455
0.123960 0.187057
0.130493 0.186863
0.132466 0.180055
0.135529 0.169412
0.130181 0.158291
0.139572 0.167172
0.155986 0.162455
0.176811 0.178018
0.185501 0.201111
0.202094 0.219441
0.198290 0.218887
0.177766 0.226276
0.180907 0.231068
0.187672 0.239906
0.187757 0.242497
0.207269 0.237020
0.213773 0.222092
0.213233 0.199560
0.201097 0.183051
0.187965 0.170455
0.193258 0.158610
0.177925 0.155452
0.170770 0.154135
0.162911 0.150072
0.160538 0.149644
0.173533 0.147636
0.169487 0.141731
0.162157 0.127570
0.170178 0.121466
0.173051 0.121588
0.187245 0.110965
0.187562 0.105729
0.174983 0.098765
0.168981 0.095123
0.172502 0.089166
0.178131 0.085489
0.179261 0.092457
0.193195 0.086134
0.209079 0.092315
0.212662 0.080936
0.214786 0.077159
0.219897 0.053250
0.237891 0.055450
0.235653 0.049281
0.238040 0.030530
0.253309 0.039188
0.268217 0.042820
0.269770 0.042849
0.270459 0.045143
0.267679 0.046275
0.262565 0.050135
0.265063 0.063632
0.287915 0.046507
0.288265 0.046307
0.281625 0.046131
0.273499 0.034022
0.288362 0.033199
0.292923 0.028126
0.290483 0.037717
0.291214 0.050017
0.310487 0.059638
0.316350 0.057358
0.312160 0.050774
0.303105 0.042594
0.306099 0.036375
0.327456 0.027617
0.330435 0.030205
0.324244 0.047597
0.333724 0.059077
0.339763 0.049718
0.342119 0.051532
0.345242 0.064867
0.348433 0.067901
0.346844 0.079791
0.332028 0.076483
0.330269 0.072576
0.314109 0.072786
0.310103 0.074581
0.303911 0.069032
0.303114 0.068885
0.300056 0.069529
0.299267 0.083709
0.287630 0.076708
0.275608 0.088782
0.264549 0.092834
0.258419 0.077034
0.250592 0.064770
0.252040 0.062002
0.244519 0.063665
0.231786 0.067934
0.243729 0.077030
0.245671 0.094955
0.241467 0.106361
0.240945 0.109922
0.250283 0.126497
0.258078 0.122414
0.257342 0.116144
0.266119 0.115002
0.275424 0.115352
0.286950 0.103758
0.283953 0.100965
0.285988 0.098744
0.294507 0.097665
0.306367 0.092506
0.301414 0.104880
0.293101 0.108302
0.288484 0.124418
0.289618 0.131307
0.276060 0.135220
0.283693 0.144174
0.291776 0.156015
0.290890 0.162995
0.287330 0.164601
0.279313 0.160422
0.257638 0.163911
0.263174 0.159109
0.265007 0.155564
0.260984 0.147291
0.245126 0.141154
0.233853 0.145272
0.231163 0.145113
0.226768 0.134145
0.215073 0.125323
0.211949 0.134566
0.201274 0.137271
0.206623 0.137675
0.215813 0.141364
0.209883 0.151909
0.208127 0.154109
0.202809 0.155636
0.206684 0.157328
0.206421 0.161776
0.211466 0.157469
0.217559 0.167209
0.238658 0.155927
0.239908 0.173657
0.239484 0.182357
0.246636 0.178072
0.251307 0.173754
0.253966 0.177659
0.259974 0.187197
0.269486 0.185472
0.287625 0.191310
0.285957 0.198494
0.277787 0.201678
0.274269 0.207844
0.278088 0.207497
0.287365 0.204266
0.296462 0.210606
0.297244 0.203723
0.302140 0.199076
0.315889 0.212943
0.312153 0.217743
0.306361 0.219765
0.310963 0.225787
0.318804 0.229605
0.312757 0.231155
0.306048 0.235718
0.282458 0.248456
0.285214 0.235332
0.277865 0.225541
0.270068 0.227667
0.266519 0.233075
0.261809 0.220959
0.267516 0.218467
0.271500 0.205502
0.239550 0.210515
0.228784 0.216114
0.230599 0.230389
0.227576 0.245100
0.222989 0.248030
0.203137 0.258271
0.214884 0.259288
0.221339 0.261439
0.220002 0.270484
0.212231 0.272493
0.208519 0.272654
0.214704 0.281011
0.223222 0.275964
0.223793 0.279679
0.223302 0.281613
0.231907 0.288517
0.235545 0.288982
0.242378 0.285858
0.244155 0.279837
0.237807 0.280494
0.235745 0.271722
0.239312 0.265559
0.238954 0.264697
0.243610 0.240769
0.247507 0.239609
0.259437 0.248291
0.266712 0.249782
0.276824 0.263747
0.276301 0.271163
0.265976 0.262979
0.258820 0.262429
0.262534 0.273476
0.263836 0.284931
0.270760 0.292717
0.255841 0.303398
0.249308 0.307403
0.252976 0.317842
0.246378 0.331595
0.250331 0.343433
0.248747 0.354690
0.242872 0.362368
0.241176 0.369251
0.237940 0.386266
0.222890 0.384195
0.226232 0.377209
0.226710 0.371479
0.228669 0.363852
0.230876 0.361565
0.224113 0.351757
0.208359 0.341821
0.205012 0.346536
0.195429 0.335769
0.184367 0.347425
0.192469 0.348603
0.199873 0.372409
0.210660 0.377772
0.212848 0.382173
0.202716 0.395491
0.211999 0.397933
0.226498 0.406199
0.231870 0.410350
0.242022 0.413386
0.245089 0.420481
0.253851 0.417546
0.260297 0.416030
0.258043 0.413110
0.249945 0.403545
0.257480 0.401569
0.254306 0.397109
0.251438 0.395945
0.254115 0.389875
0.259896 0.370724
0.282590 0.360180
0.282779 0.355700
0.280203 0.346901
0.280147 0.334958
0.287985 0.329224
0.301305 0.336844
0.305230 0.338015
0.298724 0.326913
0.297849 0.316012
0.272605 0.309257
0.286984 0.287598
0.297722 0.273136
0.290531 0.267286
0.282505 0.258364
0.294455 0.261504
0.307154 0.259214
0.310073 0.255489
0.316692 0.274424
0.310158 0.277413
0.315248 0.287376
0.320856 0.292516
0.323770 0.290938
0.332779 0.291010
0.343594 0.288018
0.338960 0.280586
0.345619 0.275250
0.335621 0.274983
0.333312 0.268929
0.332289 0.263711
0.330887 0.259462
0.346190 0.259656
0.348631 0.251911
0.338886 0.244974
0.343367 0.243176
0.345688 0.222464
0.339287 0.218255
0.337495 0.219660
0.331688 0.220123
0.342301 0.206370
0.357966 0.203256
0.365964 0.212843
0.366303 0.216482
0.364869 0.217883
0.359639 0.233695
0.373524 0.236313
0.393784 0.234186
0.379566 0.248051
0.370414 0.246147
0.382034 0.262972
0.383867 0.271058
0.363701 0.265923
0.363527 0.277990
0.371921 0.282568
0.375593 0.287722
0.385050 0.284615
0.399698 0.296374
0.399294 0.293277
0.399382 0.292099
0.396641 0.287666
0.388300 0.269552
0.404911 0.270294
0.413330 0.274094
0.421902 0.260747
0.434130 0.261636
0.440843 0.269018
0.448073 0.281663
0.457559 0.281861
0.457168 0.288581
0.450411 0.292552
0.453926 0.299365
0.439783 0.303745
0.441398 0.296827
0.442383 0.291455
0.441191 0.291505
0.423281 0.283421
0.413708 0.281796
0.415685 0.302806
0.409011 0.315969
0.410049 0.321685
0.407075 0.331263
0.392744 0.336483
0.394507 0.330673
0.398356 0.322667
0.395123 0.320825
0.375825 0.304651
0.368190 0.308559
0.360038 0.304235
0.346224 0.318125
0.341388 0.321105
0.336155 0.339296
0.333867 0.341633
0.329217 0.341999
0.325148 0.353515
0.360460 0.345261
0.374202 0.340393
0.387572 0.346884
0.401958 0.346884
0.415937 0.354632
0.419346 0.344115
0.431988 0.344009
0.448828 0.339795
0.452047 0.345551
0.453484 0.351929
0.457435 0.353761
0.460162 0.350715
0.459724 0.344170
0.464740 0.336470
0.470450 0.325860
0.472086 0.312805
0.463886 0.312053
0.472177 0.300275
0.478343 0.288239
0.480804 0.289499
0.494430 0.283090
0.491466 0.286780
0.487740 0.296340
0.487585 0.302951
0.493653 0.302019
0.489660 0.319347
0.485470 0.321376
0.483821 0.329384
0.488569 0.342147
0.479999 0.370232
0.484117 0.384910
0.471463 0.400918
0.466784 0.409715
0.463221 0.419194
0.469974 0.419975
0.468750 0.424698
0.469492 0.443103
0.476675 0.446115
0.481551 0.442318
0.489429 0.420967
0.496240 0.428642
0.508390 0.424391
0.513892 0.410292
0.512400 0.401531
0.496228 0.405122
0.489185 0.407279
0.490802 0.395581
0.499336 0.395687
0.498478 0.391085
0.497988 0.378622
0.492796 0.376864
0.496864 0.373598
0.511566 0.376128
0.529786 0.367049
0.535021 0.364991
0.540025 0.365269
0.529083 0.358299
0.530845 0.357428
0.535641 0.349869
0.546951 0.354320
0.547548 0.339450
0.556982 0.344970
0.564526 0.361825
0.573379 0.371426
0.571276 0.376363
0.596944 0.370292
0.596070 0.371358
0.591035 0.380559
0.587253 0.383795
0.585843 0.392739
0.594269 0.395786
0.588510 0.406495
0.580576 0.403530
0.576653 0.395662
0.565229 0.402333
0.553892 0.405373
0.543028 0.406042
0.543064 0.394912
0.538483 0.395296
0.530349 0.383747
0.525692 0.391869
0.524174 0.397094
0.519033 0.409305
0.522820 0.413828
0.523904 0.428738
0.530270 0.437099
0.537822 0.422925
0.547534 0.433535
0.549956 0.435655
0.548593 0.449012
0.543982 0.453510
0.555814 0.459779
0.569238 0.457083
0.562531 0.451095
0.569077 0.445795
0.575474 0.438357
0.565805 0.419767
0.565645 0.419014
0.590863 0.421738
0.590633 0.427056
0.585862 0.438976
0.592991 0.449232
0.579172 0.450936
0.578540 0.470974
0.566281 0.479646
0.561456 0.492250
0.552532 0.493461
0.551332 0.502905
0.567236 0.500958
0.573642 0.510015
0.576283 0.507472
0.577191 0.499541
0.573593 0.497303
0.588115 0.485079
0.604173 0.491549
0.617497 0.484805
0.625652 0.485452
0.625893 0.477103
0.622752 0.472600
0.632598 0.472941
0.643820 0.468287
0.646728 0.465524
0.642355 0.476016
0.634887 0.487492
0.627894 0.496369
0.635865 0.501630
0.638564 0.501239
0.638518 0.503992
0.634361 0.507504
0.633683 0.514543
0.646178 0.505798
0.649041 0.493077
0.652435 0.501322
0.661579 0.515876
0.668985 0.528193
0.656981 0.523806
0.642181 0.528335
0.625545 0.524638
0.628618 0.519669
0.616850 0.507462
0.606305 0.533021
0.600015 0.536282
0.614192 0.543059
0.623370 0.541704
0.622481 0.544308
0.610970 0.553648
0.613787 0.560612
0.603064 0.559462
0.596842 0.545926
0.589802 0.562803
0.576767 0.573988
0.561165 0.575975
0.555192 0.570070
0.558526 0.559738
0.556662 0.555966
0.576897 0.543649
0.577206 0.539904
0.561314 0.525571
0.559370 0.544742
0.554934 0.542351
0.551073 0.544689
0.548096 0.543448
0.550191 0.551159
0.544913 0.559708
0.543092 0.550355
0.541359 0.534606
0.540825 0.530236
0.537463 0.526832
0.527367 0.540585
0.525870 0.541898
0.516796 0.565007
0.511355 0.576235
0.530271 0.576717
0.531105 0.584440
0.535849 0.580810
0.540326 0.581917
0.550409 0.577460
0.552589 0.576548
0.552344 0.581665
0.543810 0.594324
0.564832 0.604172
0.573722 0.617337
0.570751 0.620038
0.560637 0.626449
0.584846 0.640611
0.562699 0.643735
0.552068 0.639518
0.551381 0.636827
0.538240 0.619438
0.529401 0.620487
0.526603 0.638883
0.526550 0.643585
0.530133 0.646108
0.531763 0.643730
0.541968 0.654736
0.534413 0.660280
0.529389 0.671130
0.523973 0.671668
0.511077 0.674586
0.518233 0.655282
0.510938 0.656200
0.509054 0.648519
0.503072 0.631491
0.514401 0.628991
0.510907 0.623159
0.508653 0.611006
0.494699 0.609273
0.489406 0.597166
0.505685 0.601698
0.506368 0.603831
0.507841 0.602087
0.506987 0.599701
0.516592 0.595319
0.506472 0.585182
0.504234 0.583663
0.480269 0.569303
0.476700 0.558883
0.476284 0.558856
0.468690 0.562161
0.460036 0.574099
0.455440 0.584653
0.450312 0.578214
0.451219 0.574216
0.438186 0.573405
0.427745 0.560586
0.449533 0.561541
0.450530 0.560419
0.443148 0.550950
0.445175 0.537107
0.443513 0.527695
0.450058 0.522583
0.453850 0.521312
0.450902 0.528836
0.461751 0.533732
0.466789 0.529044
0.485855 0.537576
0.491128 0.540742
0.486130 0.547071
0.490336 0.554110
0.504584 0.558732
0.500217 0.543030
0.492514 0.537271
0.504289 0.535716
0.510865 0.539553
0.515673 0.519611
0.516751 0.520474
0.518875 0.520648
0.535400 0.511395
0.541258 0.500480
0.537741 0.500502
0.518312 0.513670
0.515715 0.511294
0.504533 0.507059
0.505366 0.506637
0.514858 0.502719
0.511307 0.496268
0.525068 0.487417
0.538519 0.480296
0.528294 0.467382
0.529592 0.462555
0.530133 0.453431
0.528153 0.452931
0.513016 0.482014
0.509776 0.485909
0.506469 0.482524
0.506854 0.469729
0.509892 0.456911
0.499978 0.449001
0.504519 0.457994
0.505140 0.458259
0.501546 0.462252
0.493738 0.469866
0.494005 0.467391
0.482670 0.452457
0.477018 0.456002
0.469858 0.465586
0.461752 0.466731
0.460539 0.462172
0.453710 0.464875
0.456524 0.482873
0.461373 0.482472
0.468950 0.481409
0.489317 0.489470
0.490773 0.491404
0.481731 0.495626
0.485584 0.503595
0.476937 0.502267
0.469795 0.516601
0.469075 0.519654
0.459790 0.512209
0.466347 0.509517
0.468071 0.501216
0.452517 0.500586
0.450425 0.501883
0.449454 0.506620
0.435942 0.518565
0.422190 0.525388
0.419770 0.530517
0.415775 0.540327
0.412500 0.543373
0.417467 0.552446
0.422589 0.560158
0.414902 0.566581
0.409202 0.568452
0.406042 0.567885
0.396784 0.560101
0.399672 0.556359
0.393484 0.535397
0.390380 0.533077
0.386164 0.522027
0.374930 0.520137
0.386072 0.501307
0.364207 0.509813
0.363912 0.510259
0.366995 0.514167
0.364572 0.523951
0.362518 0.523317
0.354399 0.520125
0.357254 0.509468
0.355804 0.504424
0.349018 0.502362
0.341124 0.507695
0.334972 0.498813
0.342795 0.502224
0.345804 0.499623
0.351992 0.485011
0.354620 0.486273
0.365395 0.480120
0.367052 0.476593
0.386306 0.462324
0.385266 0.477911
0.389324 0.481100
0.402297 0.490426
0.406839 0.512104
0.411267 0.507569
0.419653 0.512439
0.413485 0.502245
0.419306 0.484965
0.430602 0.484927
0.435420 0.491142
0.429712 0.501219
0.438014 0.498057
0.437728 0.489993
0.443114 0.486042
0.445025 0.473703
0.449085 0.464630
0.448300 0.449327
0.425238 0.466249
0.424931 0.466179
0.425200 0.467895
0.424907 0.468432
0.414190 0.461880
0.401384 0.435922
0.394226 0.418838
0.392793 0.418602
0.398515 0.409639
0.395881 0.403330
0.401631 0.394770
0.409589 0.400108
0.413733 0.394999
0.416825 0.391501
0.435034 0.394992
0.428311 0.406634
0.420391 0.408700
0.425540 0.413035
0.437654 0.411164
0.438432 0.423268
0.436811 0.433640
0.455593 0.417466
0.455559 0.407234
0.449736 0.400674
0.449420 0.400477
0.459688 0.392440
0.459928 0.391179
0.448163 0.389697
0.435013 0.389727
0.429130 0.381243
0.429414 0.377855
0.429787 0.378194
0.439208 0.378222
0.438674 0.374773
0.455483 0.371810
0.439142 0.364102
0.439488 0.362443
0.418328 0.361249
0.419355 0.370025
0.411678 0.376678
0.386687 0.358474
0.379535 0.353387
0.378409 0.365706
0.374721 0.367725
0.359353 0.367232
0.348445 0.369543
0.346729 0.380387
0.345681 0.388084
0.340370 0.392296
0.347822 0.393653
0.359776 0.391212
0.373192 0.390410
0.375193 0.398433
0.381193 0.417904
0.375703 0.417574
0.372391 0.419747
0.362595 0.419969
0.343362 0.434937
0.346772 0.439597
0.354810 0.440510
0.356792 0.443745
0.356535 0.443918
0.360600 0.449260
0.338604 0.451720
0.329381 0.449214
0.328867 0.448818
0.325105 0.442662
0.327706 0.436986
0.326069 0.425927
0.332780 0.412482
0.345046 0.415692
0.347337 0.404974
0.344868 0.402744
0.341953 0.404047
0.331684 0.404843
0.317193 0.399489
0.324854 0.383814
0.316976 0.384769
0.314829 0.374093
0.307916 0.374459
0.308047 0.380178
0.301324 0.375741
0.293276 0.360921
0.293978 0.363467
0.294653 0.370367
0.286712 0.396802
0.289546 0.399714
0.275184 0.423960
0.269016 0.430328
0.283325 0.421114
0.292312 0.415335
0.292857 0.409591
0.302475 0.404786
0.309744 0.411592
0.318695 0.414133
0.317724 0.417093
0.311765 0.431730
0.299567 0.436866
0.292986 0.435752
0.302690 0.441227
0.307279 0.444732
0.311970 0.440497
0.312534 0.445597
0.308023 0.455150
0.291009 0.458082
0.300555 0.465088
0.302870 0.472598
0.291083 0.469491
0.295482 0.478070
0.303492 0.475060
0.306620 0.481980
0.304817 0.485979
0.317724 0.503081
0.312045 0.512810
0.307884 0.511397
0.304162 0.501104
0.294500 0.500821
0.292176 0.495901
0.286270 0.493911
0.277042 0.486612
0.275356 0.468558
0.270684 0.466732
0.269219 0.451298
0.238281 0.447278
0.231935 0.447459
0.228837 0.444599
0.227985 0.447798
0.213500 0.471553
0.212066 0.471486
0.214584 0.476306
0.234019 0.467191
0.241816 0.467130
0.246598 0.459097
0.247301 0.464968
0.244000 0.491871
0.245143 0.490495
0.249109 0.489327
0.251813 0.488316
0.250963 0.491778
0.272256 0.497776
0.282668 0.505034
0.270568 0.504420
0.261415 0.514587
0.277989 0.523574
0.272413 0.531972
0.272183 0.540565
0.271090 0.546616
0.273372 0.542075
0.281238 0.530915
0.283737 0.530326
0.293882 0.531241
0.311736 0.523757
0.318334 0.527116
0.305089 0.530174
0.301470 0.541838
0.300668 0.551770
0.322265 0.542973
0.343377 0.533801
0.344552 0.537913
0.350420 0.538667
0.354914 0.542788
0.354732 0.544948
0.364339 0.539932
0.373835 0.535156
0.374376 0.537260
0.369331 0.549459
0.363877 0.551344
0.376408 0.559007
0.374930 0.561801
0.374293 0.566951
0.386018 0.572171
0.388445 0.582213
0.407433 0.582650
0.412226 0.582634
0.401021 0.592881
0.413353 0.605979
0.411280 0.612346
0.389850 0.601485
0.382259 0.597500
0.383706 0.592584
0.366159 0.597464
0.360205 0.589916
0.356796 0.587358
0.368487 0.582667
0.359152 0.579774
0.349968 0.582094
0.344627 0.600100
0.335941 0.610456
0.340274 0.598322
0.337844 0.579012
0.351800 0.563231
0.349422 0.558214
0.336659 0.564422
0.323932 0.570222
0.315398 0.596500
0.310074 0.600030
0.310524 0.595804
0.300436 0.592874
0.300482 0.580458
0.292239 0.567608
0.295331 0.554285
0.283899 0.553015
0.279466 0.556696
0.284391 0.560862
0.279660 0.572122
0.286155 0.587369
0.273741 0.579371
0.267327 0.582558
0.265440 0.581832
0.263125 0.583601
0.258249 0.594217
0.245212 0.579626
0.236147 0.575946
0.248498 0.571315
0.265750 0.574740
0.270049 0.562396
0.254906 0.552704
0.245990 0.548944
0.240575 0.554766
0.235447 0.548012
0.252781 0.526971
0.240745 0.520928
0.251149 0.514862
0.245136 0.505162
0.231920 0.504800
0.222555 0.511363
0.218687 0.507388
0.213518 0.502978
0.214266 0.511187
0.214998 0.513061
0.201953 0.511967
0.199466 0.513784
0.203294 0.495960
0.205782 0.489393
0.202218 0.475407
0.202729 0.457695
0.204074 0.455814
0.196762 0.458300
0.197096 0.453143
0.190178 0.446980
0.213692 0.438539
0.217912 0.439843
0.219197 0.432969
0.215433 0.424943
0.201366 0.436947
0.198375 0.438768
0.189420 0.439196
0.189365 0.443107
0.177552 0.453265
0.167358 0.457572
0.163328 0.457224
0.157967 0.460652
0.159421 0.451223
0.163041 0.444678
0.169677 0.449859
0.177310 0.439578
0.172177 0.439306
0.162327 0.432388
0.169183 0.430215
0.173875 0.427571
0.176640 0.408535
0.179090 0.403568
0.188201 0.403810
0.187041 0.395160
0.192504 0.384471
0.171414 0.392043
0.150114 0.394844
0.143413 0.401092
0.152764 0.407453
0.145426 0.411575
0.142974 0.417277
0.137014 0.409909
0.128476 0.398642
0.125925 0.389797
0.120390 0.405389
0.115038 0.395939
0.117565 0.389442
0.110660 0.381342
0.107611 0.371123
0.111239 0.367038
0.123774 0.372919
0.145421 0.379098
0.155149 0.366789
0.150201 0.367736
0.141922 0.367298
0.141228 0.366435
0.135940 0.365268
0.132916 0.364707
0.126152 0.363884
0.108347 0.354874
0.117740 0.348188
0.120267 0.350618
0.135599 0.346040
0.131818 0.340625
0.140664 0.327346
0.142620 0.343495
0.154684 0.347637
0.157788 0.336517
0.158991 0.331748
0.169072 0.328393
0.178534 0.328290
0.189377 0.330721
0.190458 0.329167
0.199623 0.306009
0.211430 0.306251
0.217243 0.303863
0.225457 0.310868
0.238511 0.302617
0.228372 0.294492
0.218041 0.294349
0.207587 0.291894
0.196813 0.287921
0.174966 0.296608
0.171303 0.303225
0.179208 0.311915
0.166194 0.314230
0.156685 0.313834
0.170578 0.288841
0.171709 0.284014
0.162591 0.279827
0.158519 0.275140
0.175314 0.261991
0.168428 0.254548
0.162044 0.264716
0.160883 0.264514
0.152483 0.273443
0.143095 0.276641
0.132610 0.271946
0.144179 0.250106
0.141843 0.240367
0.163991 0.224435
0.171071 0.218620
0.148395 0.217987
0.138286 0.236410
0.129181 0.235099
0.104309 0.211460
0.105623 0.203221
0.092360 0.198579
0.104517 0.215300
0.103857 0.224428
0.094900 0.225208
0.073881 0.235043
0.069253 0.233827
0.069179 0.222623
0.063091 0.220566
0.064081 0.223684
0.048180 0.235785
0.044045 0.229937
0.044389 0.223912
0.036175 0.226582
0.026104 0.224412
0.016712 0.238316
0.031958 0.246702
0.010083 0.255224
0.020892 0.284470
0.006607 0.289076
0.005952 0.319056
0.019552 0.325994
0.042668 0.319393
0.022729 0.311071
0.030115 0.280887
0.033579 0.260463
0.033899 0.254303
0.040077 0.263689
0.054335 0.263005
0.058917 0.263204
0.071666 0.263394
0.090647 0.267727
0.095777 0.257250
0.096359 0.257038
0.098262 0.247582
0.108417 0.245521
0.101280 0.261263
0.114424 0.268573
0.128411 0.266268
0.129307 0.265712
0.122659 0.277121
0.106705 0.289115
0.110461 0.296211
0.108065 0.303299
0.114919 0.303776
0.121244 0.305173
0.127535 0.299881
0.148851 0.303859
0.148670 0.305778
0.139650 0.308524
0.135607 0.308232
0.126125 0.315026
0.123915 0.323964
0.120495 0.334323
0.106467 0.332105
0.101971 0.324034
0.094616 0.320245
0.092253 0.313791
0.084763 0.308756
0.083174 0.307607
0.085758 0.303184
0.085088 0.292859
0.076180 0.292318
0.076267 0.314993
0.079907 0.314682
0.085662 0.321014
0.089764 0.329608
0.097341 0.342121
0.078284 0.350777
0.060227 0.348268
0.049015 0.363624
0.045798 0.357835
0.032405 0.361636
0.023232 0.367792
0.023115 0.361022
0.016546 0.354370
0.013340 0.365479
0.010597 0.373145
0.000796 0.374818
0.003995 0.383561
0.014200 0.391136
0.018697 0.396834
0.022873 0.401220
0.019268 0.407414
0.020106 0.409413
0.020268 0.415323
0.006932 0.420298
0.000357 0.429846
0.011851 0.435384
0.024711 0.431523
0.030722 0.426292
0.024624 0.439854
0.036377 0.445018
0.040022 0.435756
0.046640 0.437512
0.043739 0.427382
0.040732 0.427572
0.038406 0.426665
0.037223 0.427263
0.036164 0.427309
0.042139 0.410068
0.048465 0.404688
0.039805 0.408560
0.033689 0.407196
0.028761 0.399269
0.025840 0.397485
0.032822 0.374138
0.040631 0.365108
0.045805 0.379507
0.047219 0.380229
0.052060 0.391151
0.057922 0.394049
0.063101 0.392225
0.067540 0.403214
0.066630 0.406044
0.075616 0.403022
0.071219 0.394073
0.063015 0.384881
0.071657 0.381335
0.074192 0.387817
0.076723 0.384710
0.085223 0.373466
0.097795 0.367796
0.086824 0.378196
0.086132 0.380993
0.084287 0.388083
0.090859 0.392543
0.096749 0.412569
0.098383 0.410442
0.099315 0.407896
0.108125 0.402848
0.112548 0.405869
0.115614 0.410796
0.118485 0.424607
0.122333 0.440974
0.134165 0.452111
0.125527 0.458227
0.124974 0.458104
0.098245 0.457299
0.096466 0.441212
0.083158 0.435677
0.082820 0.458444
0.073667 0.452860
0.073877 0.444298
0.072750 0.440132
0.061129 0.442637
0.058358 0.443027
0.053567 0.453509
0.059860 0.463516
0.058935 0.468429
0.061132 0.472523
0.055839 0.468532
0.052949 0.468301
0.046812 0.460997
0.023484 0.471688
0.004841 0.477600
0.003927 0.497291
0.015694 0.513634
0.024390 0.513940
0.014509 0.501253
0.012756 0.488852
0.018683 0.486961
0.031873 0.493848
0.039647 0.492013
0.041684 0.500300
0.045965 0.495237
0.046391 0.492255
0.053727 0.494416
0.055967 0.486793
0.059406 0.486752
0.067201 0.485513
0.068771 0.479569
0.089580 0.506523
0.102072 0.502523
0.100797 0.491885
0.097210 0.490258
0.119951 0.480320
0.122820 0.468679
0.148480 0.464791
0.162654 0.475622
0.170589 0.476432
0.172501 0.479297
0.140488 0.486424
0.146670 0.507988
0.156513 0.507919
0.155780 0.512479
0.146147 0.524400
0.134387 0.523355
0.127568 0.514371
0.119675 0.535271
0.119990 0.535435
0.134410 0.535275
0.145972 0.536051
0.150411 0.550135
0.162411 0.541655
0.173871 0.528518
0.165962 0.522130
0.166554 0.504680
0.184295 0.508879
0.181893 0.521585
0.183096 0.523217
0.182778 0.527302
0.196604 0.544959
0.183766 0.548514
0.175918 0.560038
0.185211 0.563726
0.178536 0.566402
0.171064 0.571474
0.147062 0.569830
0.145596 0.566406
0.143458 0.569914
0.156953 0.581895
0.171380 0.583510
0.168440 0.594463
0.168465 0.599774
0.190473 0.586786
0.196837 0.582422
0.196701 0.591396
0.194276 0.589692
0.191279 0.590432
0.189262 0.595824
0.182434 0.604583
0.185947 0.611072
0.207676 0.622240
0.213903 0.623896
0.212425 0.622121
0.211350 0.614874
0.204670 0.605723
0.208020 0.603611
0.206983 0.596804
0.212513 0.591111
0.211555 0.579301
0.203070 0.574085
0.202495 0.571890
0.198102 0.566345
0.199573 0.550528
0.215352 0.558203
0.218908 0.567870
0.225234 0.567564
0.218485 0.574479
0.220902 0.584718
0.224422 0.583854
0.240085 0.585900
0.220313 0.593496
0.219120 0.601359
0.230047 0.609321
0.246192 0.600592
0.248133 0.614981
0.253344 0.617396
0.249494 0.617802
0.240505 0.625039
0.238494 0.621199
0.232014 0.622895
0.227522 0.626729
0.220075 0.625859
0.228499 0.635895
0.247078 0.645099
0.236229 0.649257
0.215292 0.654912
0.207708 0.661799
0.200582 0.669091
0.202154 0.662256
0.202832 0.656058
0.198175 0.638408
0.173560 0.632067
0.176063 0.638041
0.175169 0.641180
0.169785 0.640314
0.158604 0.645909
0.162452 0.658820
0.159329 0.661996
0.145476 0.661351
0.139938 0.662747
0.141169 0.656285
0.142822 0.650722
0.134928 0.651716
0.136053 0.655388
0.130475 0.658475
0.119526 0.664482
0.118854 0.656410
0.111564 0.658008
0.105875 0.650521
0.110580 0.640872
0.124024 0.623947
0.129042 0.619025
0.130834 0.619559
0.134271 0.632146
0.135549 0.639691
0.145977 0.633247
0.157467 0.635586
0.163508 0.618439
0.155195 0.613547
0.151036 0.617418
0.143373 0.606672
0.151976 0.599167
0.140551 0.588538
0.137164 0.582162
0.136062 0.561533
0.123538 0.548756
0.120635 0.562297
0.122852 0.573232
0.124162 0.579413
0.127081 0.581172
0.132049 0.588823
0.133364 0.590144
0.122679 0.599076
0.109766 0.596234
0.109753 0.612926
0.105566 0.604769
0.094515 0.599491
0.081200 0.588926
0.079977 0.586495
0.073716 0.586177
0.072135 0.577636
0.056806 0.574056
0.049956 0.576160
0.050452 0.570230
0.039912 0.566710
0.067079 0.553721
0.085099 0.563642
0.093746 0.557993
0.094177 0.574001
0.110087 0.569163
0.106739 0.552613
0.099785 0.552427
0.089883 0.544494
0.087956 0.539738
0.094111 0.530366
0.093136 0.523629
0.079869 0.537095
0.069219 0.530747
0.073921 0.520874
0.063908 0.518928
0.045023 0.526655
0.040558 0.544624
0.029283 0.542432
0.025626 0.540121
0.028999 0.535481
0.032979 0.527341
0.014676 0.528131
0.001232 0.533481
0.012757 0.547262
0.018270 0.548132
0.027987 0.556717
0.021068 0.557876
0.013660 0.565953
0.003159 0.571826
0.002170 0.578789
0.017783 0.589943
0.026443 0.584304
0.028242 0.577067
0.036289 0.580864
0.037365 0.584213
0.029845 0.589978
0.041207 0.598528
0.044664 0.598624
0.049503 0.598474
0.059144 0.602571
0.060275 0.598918
0.064424 0.600841
0.072988 0.609226
0.074406 0.622664
0.076971 0.622746
0.095758 0.626343
0.086576 0.647958
0.079645 0.654802
0.085532 0.656915
0.086263 0.663887
0.085201 0.672395
0.076297 0.665539
0.068872 0.660866
0.065439 0.656951
0.047011 0.656745
0.030619 0.634286
0.026273 0.628585
0.044441 0.623371
0.057145 0.621273
0.041340 0.612098
0.040223 0.613748
0.037157 0.611992
0.015816 0.619137
0.000264 0.615622
0.007215 0.631610
0.013189 0.640736
0.023576 0.636060
0.017378 0.645993
0.016040 0.650410
0.018191 0.659272
0.005678 0.655028
0.010539 0.660887
0.009988 0.679546
0.001170 0.679350
0.007176 0.695179
0.004194 0.702942
0.000915 0.710441
0.011122 0.712191
0.013337 0.725632
0.017652 0.734367
0.035317 0.730430
0.019959 0.717938
0.021062 0.714735
0.013656 0.710380
0.021229 0.693799
0.016381 0.684208
0.030496 0.672024
0.043324 0.669447
0.059277 0.671375
0.075447 0.676384
0.074695 0.680467
0.083164 0.685818
0.096060 0.692638
0.121556 0.703946
0.120209 0.689072
0.125815 0.679186
0.140927 0.682325
0.134717 0.698983
0.131161 0.713377
0.115963 0.712986
0.118685 0.730898
0.108863 0.735022
0.108969 0.728946
0.104047 0.727612
0.102288 0.725653
0.090696 0.742544
0.090543 0.747496
0.082876 0.744349
0.080590 0.752372
0.076644 0.752351
0.067665 0.728376
0.066591 0.722482
0.071158 0.712463
0.073316 0.707520
0.092050 0.711396
0.087828 0.706740
0.088365 0.704343
0.088227 0.699335
0.075522 0.698729
0.063136 0.694505
0.058235 0.687603
0.042499 0.689514
0.045602 0.697587
0.050860 0.706851
0.045635 0.712923
0.047937 0.715890
0.055508 0.715210
0.057198 0.733456
0.054706 0.753196
0.047575 0.743564
0.033751 0.745776
0.032541 0.748849
0.025901 0.750935
0.007273 0.758091
0.006025 0.792371
0.014561 0.801673
0.010616 0.824981
0.004822 0.842313
0.000426 0.852374
0.002075 0.852050
0.015543 0.832913
0.026398 0.824059
0.021927 0.812615
0.035610 0.800688
0.034447 0.797551
0.029306 0.790992
0.028443 0.790002
0.021463 0.792048
0.022072 0.782613
0.046667 0.776906
0.057665 0.782880
0.060451 0.772789
0.061364 0.772270
0.059034 0.759882
0.076435 0.758004
0.097353 0.763075
0.087092 0.775259
0.091928 0.781988
0.097194 0.785301
0.097204 0.789437
0.099621 0.802025
0.096596 0.806893
0.103125 0.804005
0.117586 0.807063
0.127789 0.810723
0.129526 0.814976
0.123355 0.820002
0.126673 0.841138
0.122643 0.845927
0.110321 0.855343
0.101247 0.850106
0.088462 0.818882
0.079969 0.804950
0.061164 0.803651
0.057050 0.794616
0.054151 0.809130
0.058543 0.810681
0.065529 0.818804
0.046426 0.829807
0.066742 0.830587
0.062861 0.837135
0.057517 0.852962
0.046743 0.844223
0.024856 0.860251
0.046622 0.872111
0.043438 0.875345
0.035892 0.874581
0.032196 0.881759
0.036830 0.891223
0.018937 0.884534
0.017170 0.889055
0.000205 0.889439
0.015587 0.904124
0.011018 0.910125
0.006715 0.925443
0.002879 0.940015
0.008340 0.942321
0.012897 0.957723
0.009110 0.985839
0.004364 0.994294
0.005324 0.997685
0.019805 0.986294
0.020729 0.981677
0.035795 0.985336
0.038609 0.970604
0.032843 0.969565
0.033242 0.963742
0.032702 0.949210
0.042725 0.959781
0.043289 0.962648
0.056739 0.963572
0.059666 0.963663
0.073027 0.971735
0.063137 0.982987
0.069276 0.986187
0.070431 0.993285
0.090727 0.996312
0.105938 0.995808
0.119028 0.997441
0.133995 0.987298
0.139377 0.986115
0.141910 0.985112
0.154509 0.978055
0.160962 0.972244
0.168768 0.970782
0.174747 0.969029
0.162687 0.962692
0.138019 0.970072
0.132663 0.968765
0.131484 0.975187
0.126146 0.980591
0.117826 0.965216
0.122571 0.958429
0.111564 0.957706
0.106118 0.976299
0.102600 0.976649
0.098796 0.978824
0.097801 0.984284
0.093167 0.985765
0.080040 0.974979
0.082277 0.970427
0.077781 0.958830
0.079091 0.946995
0.092271 0.949154
0.094645 0.953639
0.094191 0.949070
0.083149 0.937997
0.069965 0.942584
0.063899 0.948333
0.043157 0.936570
0.051532 0.929727
0.049477 0.914254
0.047312 0.916455
0.041647 0.924037
0.036351 0.921338
0.031867 0.922866
0.027090 0.927551
0.022810 0.904558
0.034945 0.898694
0.037961 0.892684
0.039002 0.898984
0.043392 0.900353
0.073046 0.912810
0.077767 0.909742
0.072428 0.893383
0.076451 0.882480
0.090115 0.879154
0.087688 0.859533
0.075869 0.857685
0.082317 0.849237
0.088695 0.847317
0.093338 0.847189
0.098396 0.863011
0.117536 0.868110
0.096656 0.880418
0.099512 0.887110
0.100147 0.894953
0.103432 0.894926
0.107979 0.899364
0.104717 0.909806
0.114407 0.916654
0.109328 0.916477
0.105633 0.918644
0.096837 0.930452
0.114114 0.935016
0.121778 0.929975
0.127443 0.926719
0.133428 0.931765
0.141805 0.930362
0.134225 0.923324
0.145781 0.907059
0.148361 0.909956
0.154098 0.907084
0.162878 0.901158
0.150067 0.894934
0.154473 0.883708
0.148751 0.874610
0.144853 0.871503
0.140933 0.862450
0.135878 0.855837
0.141155 0.840401
0.152383 0.867994
0.176172 0.867186
0.181224 0.867243
0.183119 0.871073
0.198430 0.869581
0.221436 0.871538
0.224545 0.887663
0.228862 0.907453
0.229977 0.907060
0.230762 0.902670
0.231865 0.899699
0.252408 0.889431
0.236859 0.873120
0.240401 0.860293
0.209025 0.852206
0.198217 0.847987
0.190740 0.845567
0.175056 0.847683
0.184262 0.838318
0.182462 0.834278
0.192911 0.830139
0.200658 0.823383
0.202659 0.820969
0.201893 0.819316
0.192395 0.812943
0.187776 0.809177
0.204863 0.809543
0.210757 0.819822
0.225061 0.816107
0.232868 0.839726
0.258302 0.861796
0.275332 0.854590
0.269325 0.847873
0.273108 0.847334
0.278664 0.844324
0.279909 0.834393
