0.262947 0.942376
0.265420 0.950789
0.263615 0.957820
0.256243 0.957262
0.248829 0.972183
0.235416 0.955659
0.230320 0.960174
0.225259 0.967524
0.224545 0.967319
0.218198 0.959967
0.215547 0.936511
0.216679 0.930024
0.225358 0.940576
0.224946 0.943857
0.239492 0.940771
0.249841 0.933960
0.270981 0.926417
0.275830 0.920412
0.282474 0.917141
0.286885 0.920150
0.293352 0.923706
0.292249 0.913559
0.284828 0.906751
0.297099 0.905143
0.313888 0.910126
0.323428 0.899789
0.308238 0.889893
0.307541 0.882721
0.308474 0.880764
0.323491 0.873266
0.331051 0.862114
0.354433 0.879971
0.352744 0.872415
0.350503 0.867296
0.356554 0.861388
0.362110 0.852941
0.347627 0.848032
0.337506 0.846225
0.331812 0.838917
0.332119 0.825632
0.317480 0.833888
0.315520 0.846054
0.294946 0.848367
0.290883 0.840110
0.288990 0.841040
0.279268 0.841771
0.273866 0.825974
0.265819 0.825113
0.261582 0.825060
0.262000 0.810464
0.268369 0.799874
0.275565 0.807029
0.287771 0.817874
0.290432 0.830169
0.315027 0.825510
0.324658 0.820990
0.325666 0.815471
0.318757 0.811616
0.321978 0.804199
0.337093 0.804514
0.342712 0.785779
0.346168 0.786713
0.349529 0.786299
0.347338 0.781347
0.343612 0.778024
0.355722 0.778838
0.356986 0.755220
0.365068 0.748078
0.376629 0.740897
0.352114 0.747428
0.336288 0.739944
0.347656 0.726749
0.353350 0.719740
0.355723 0.722016
0.358121 0.724519
0.365884 0.725773
0.370109 0.722779
0.376903 0.724604
0.390189 0.718024
0.396711 0.720822
0.403654 0.718136
0.404336 0.720392
0.401027 0.723388
0.408096 0.730849
0.392935 0.737560
0.388642 0.746614
0.386524 0.756609
0.399747 0.744489
0.400883 0.747527
0.413103 0.755583
0.417847 0.743265
0.426343 0.737784
0.439404 0.721547
0.435629 0.718924
0.418749 0.715354
0.403064 0.707172
0.391322 0.705935
0.393643 0.699496
0.387494 0.698133
0.376460 0.712709
0.372746 0.698801
0.369273 0.703424
0.365480 0.701914
0.354896 0.705288
0.339278 0.706141
0.335325 0.690907
0.350391 0.694160
0.353307 0.685388
0.348706 0.682667
0.342788 0.680577
0.351106 0.668748
0.339393 0.668327
0.327440 0.668896
0.322829 0.656727
0.320988 0.648391
0.317060 0.643989
0.317147 0.642504
0.308072 0.652384
0.307705 0.656134
0.305128 0.657747
0.305735 0.664632
0.289833 0.653493
0.281372 0.667438
0.276926 0.658963
0.264421 0.649690
0.258922 0.657491
0.252562 0.674538
0.252945 0.675404
0.252990 0.677597
0.249224 0.686824
0.237695 0.685380
0.223745 0.679581
0.211475 0.683908
0.220338 0.675469
0.226098 0.677500
0.233598 0.678790
0.238149 0.672251
0.242816 0.661360
0.240708 0.657593
0.226910 0.664981
0.216249 0.648448
0.223487 0.644611
0.226008 0.636216
0.209540 0.623566
0.205371 0.627023
0.188242 0.639650
0.212953 0.648557
0.215981 0.661542
0.214132 0.668265
0.204545 0.665969
0.189562 0.676837
0.194551 0.695515
0.195332 0.699580
0.191465 0.699971
0.192872 0.706857
0.188836 0.713800
0.171616 0.731048
0.188933 0.738107
0.185352 0.752720
0.176636 0.751722
0.162699 0.755763
0.157477 0.751798
0.156482 0.752969
0.153265 0.765728
0.145632 0.772749
0.148412 0.757715
0.147177 0.751593
0.145578 0.750961
0.144755 0.748101
0.145298 0.747414
0.133569 0.738052
0.136801 0.717219
0.128592 0.717738
0.125054 0.733628
0.120019 0.729953
0.116836 0.734313
0.105770 0.731996
0.095722 0.744221
0.106821 0.760047
0.115155 0.762351
0.122806 0.756504
0.126531 0.768566
0.134602 0.772611
0.131038 0.773471
0.117141 0.781833
0.113210 0.780923
0.106025 0.786385
0.097791 0.794232
0.099737 0.799562
0.101877 0.805114
0.096013 0.802995
0.081299 0.801597
0.081562 0.798395
0.080767 0.793835
0.074699 0.787294
0.080058 0.780336
0.076683 0.777920
0.080899 0.768767
0.083861 0.760209
0.062125 0.777362
0.063128 0.779630
0.063970 0.786388
0.057211 0.786398
0.059815 0.789310
0.062228 0.796686
0.061867 0.800963
0.069338 0.807193
0.071661 0.824678
0.084684 0.831038
0.089678 0.823646
0.092830 0.830331
0.089217 0.847445
0.079185 0.851077
0.086460 0.855579
0.099919 0.845102
0.106357 0.845481
0.109137 0.840021
0.116798 0.843349
0.121563 0.837085
0.126688 0.826008
0.122165 0.809016
0.119115 0.803048
0.116264 0.799034
0.130357 0.796180
0.132635 0.794370
0.146518 0.777553
0.150050 0.779924
0.149404 0.793917
0.147685 0.793348
0.141280 0.800704
0.152705 0.814943
0.148475 0.818348
0.152258 0.827390
0.159671 0.813597
0.169903 0.816627
0.178480 0.809670
0.184981 0.804667
0.186451 0.810759
0.188113 0.814598
0.188613 0.821926
0.191817 0.828963
0.190851 0.831626
0.201217 0.828446
0.203271 0.831450
0.206368 0.832723
0.203589 0.817435
0.198659 0.794596
0.205383 0.801549
0.218696 0.803645
0.218995 0.790188
0.213801 0.777344
0.208826 0.785582
0.205778 0.784942
0.200574 0.777833
0.190485 0.767400
0.193873 0.765216
0.209201 0.753324
0.217293 0.727883
0.195286 0.731049
0.195861 0.723742
0.199279 0.719357
0.214034 0.707725
0.228143 0.697364
0.241968 0.709229
0.246852 0.713870
0.244677 0.727987
0.250712 0.727747
0.254180 0.720555
0.268266 0.722517
0.277221 0.723430
0.275646 0.729138
0.290101 0.739016
0.294844 0.729156
0.285685 0.731269
0.282789 0.716015
0.277918 0.713825
0.270754 0.714171
0.260812 0.709810
0.253812 0.706179
0.269706 0.696071
0.271763 0.678220
0.281914 0.683252
0.289570 0.680546
0.287278 0.693176
0.310136 0.687102
0.302831 0.672824
0.308328 0.673363
0.314018 0.676648
0.322134 0.696099
0.317221 0.699835
0.304938 0.700215
0.311840 0.715488
0.323009 0.710569
0.326393 0.720523
0.320696 0.729818
0.315343 0.742221
0.315445 0.747975
0.314920 0.753235
0.310160 0.749488
0.300419 0.748960
0.298376 0.747137
0.300448 0.754896
0.304550 0.757189
0.297967 0.764506
0.306411 0.763345
0.332470 0.758466
0.328977 0.767652
0.326586 0.770361
0.315341 0.773728
0.307943 0.795868
0.307499 0.798356
0.299273 0.786933
0.293517 0.771027
0.289099 0.777015
0.264533 0.786298
0.279770 0.762708
0.280976 0.760484
0.278783 0.760436
0.271700 0.747213
0.247948 0.750147
0.232227 0.751563
0.222298 0.760908
0.231707 0.770178
0.247939 0.783100
0.240474 0.787814
0.234646 0.796789
0.239448 0.801753
0.242683 0.807120
0.229840 0.815403
0.228373 0.814944
0.229452 0.821944
0.238785 0.823455
0.236015 0.831360
0.232264 0.848662
0.226864 0.846756
0.216463 0.839585
0.212110 0.834697
0.210336 0.841889
0.204673 0.850222
0.206218 0.853219
0.225150 0.854699
0.225140 0.856968
0.244155 0.855314
0.254179 0.847211
0.259998 0.853446
0.261122 0.867089
0.269600 0.849614
0.271698 0.857173
0.280950 0.862849
0.284724 0.865100
0.284736 0.882188
0.273886 0.893933
0.268267 0.887923
0.264874 0.888547
0.259997 0.882585
0.233067 0.867781
0.223104 0.885026
0.239596 0.884717
0.233667 0.895463
0.238534 0.902263
0.247663 0.895677
0.249721 0.896688
0.253685 0.897377
0.249829 0.905659
0.248746 0.910807
0.237484 0.912246
0.229747 0.912961
0.224419 0.914857
0.228063 0.904156
0.226303 0.897524
0.208889 0.900759
0.208724 0.893888
0.209919 0.884453
0.208253 0.876386
0.208222 0.867144
0.203207 0.871894
0.196088 0.873876
0.195286 0.852421
0.193285 0.849591
0.188539 0.842180
0.184461 0.849079
0.170848 0.837594
0.171016 0.833198
0.168389 0.831385
0.155565 0.838174
0.162616 0.847371
0.172801 0.845907
0.172657 0.856056
0.176876 0.863306
0.175477 0.876131
0.170570 0.883048
0.161302 0.890566
0.151925 0.878328
0.158038 0.870833
0.135519 0.837110
0.130553 0.842600
0.134809 0.850080
0.127861 0.863137
0.115403 0.872635
0.106636 0.872206
0.110181 0.879175
0.109964 0.880793
0.121661 0.889417
0.134241 0.897293
0.139004 0.902995
0.145571 0.899615
0.160609 0.905986
0.172780 0.902457
0.187819 0.907797
0.197657 0.905569
0.176819 0.928106
0.180238 0.930854
0.177368 0.938810
0.185589 0.942006
0.190511 0.939363
0.188351 0.948239
0.192906 0.967232
0.217112 0.979192
0.229004 0.988805
0.227814 0.989064
0.223587 0.989468
0.205757 0.995203
0.190972 0.996341
0.178284 0.994860
0.181795 0.990642
0.179609 0.973349
0.159862 0.969197
0.161589 0.966675
0.164686 0.944116
0.155902 0.941279
0.133943 0.953286
0.132761 0.945309
0.140741 0.938279
0.141332 0.934396
0.155480 0.921599
0.150302 0.919811
0.147451 0.922465
0.136112 0.925838
0.131338 0.925203
0.123994 0.914791
0.112340 0.917862
0.118784 0.903673
0.106699 0.899059
0.105896 0.899606
0.091335 0.910064
0.086430 0.903913
0.081694 0.900509
0.075503 0.904780
0.070069 0.911441
0.074984 0.927163
0.067406 0.938371
0.076463 0.937279
0.092467 0.949709
0.105025 0.954424
0.120699 0.947447
0.128439 0.959327
0.123386 0.969121
0.134531 0.974648
0.130819 0.978915
0.139947 0.987462
0.120623 0.996287
0.114331 0.999233
0.115511 0.995533
0.108497 0.986014
0.093454 0.967569
0.087687 0.960392
0.072061 0.966952
0.062901 0.969487
0.062928 0.961392
0.058319 0.956020
0.052182 0.967322
0.057849 0.968748
0.068890 0.978458
0.073405 0.975008
0.080747 0.992615
0.059547 0.980414
0.060228 0.993911
0.058677 0.995036
0.029524 0.998253
0.028790 0.995946
0.016467 0.994349
0.015111 0.971734
0.004962 0.965900
0.013295 0.959640
0.026485 0.968951
0.041408 0.956922
0.035615 0.955905
0.022052 0.955961
0.027172 0.951130
0.024620 0.941834
0.010294 0.942656
0.009076 0.938389
0.017864 0.937024
0.023303 0.938416
0.025171 0.935480
0.034422 0.932060
0.050719 0.939341
0.058562 0.925428
0.058030 0.914194
0.045288 0.905883
0.036777 0.909832
0.034303 0.914863
0.027759 0.914529
0.016622 0.919552
0.011659 0.905242
0.001873 0.896110
0.020067 0.887797
0.027883 0.884563
0.036210 0.873331
0.050344 0.879478
0.060239 0.891138
0.093004 0.894021
0.088494 0.868145
0.080344 0.861499
0.068988 0.863526
0.065632 0.853142
0.050507 0.843836
0.039579 0.850986
0.025441 0.863507
0.000967 0.870676
0.013382 0.854672
0.003822 0.848730
0.005624 0.847732
0.010586 0.845362
0.015264 0.843372
0.017046 0.835368
0.033430 0.834155
0.034621 0.828710
0.034808 0.826427
0.052088 0.829991
0.039117 0.818181
0.017506 0.820213
0.006592 0.836941
0.003961 0.827469
0.003274 0.821179
0.002537 0.815464
0.000583 0.803101
0.006303 0.797522
0.016621 0.798822
0.010684 0.803033
0.013855 0.809177
0.024976 0.810033
0.026954 0.797809
0.033992 0.786632
0.026239 0.772550
0.017874 0.773743
0.015339 0.773333
0.009050 0.779106
0.009254 0.765851
0.012019 0.763917
0.021194 0.741720
0.037921 0.753138
0.038794 0.758966
0.045637 0.758140
0.052853 0.771472
0.054587 0.761953
0.053481 0.758572
0.058166 0.755626
0.057229 0.751983
0.071611 0.747284
0.086191 0.745514
0.090534 0.729124
0.072594 0.724518
0.057573 0.709702
0.044705 0.711011
0.051738 0.706769
0.062349 0.702708
0.074149 0.687822
0.072045 0.683471
0.066559 0.674104
0.068341 0.672944
0.073316 0.669703
0.073362 0.666190
0.068531 0.657810
0.069247 0.657069
0.065865 0.649448
0.057909 0.656103
0.051267 0.656058
0.042577 0.657537
0.060872 0.661120
0.062930 0.661173
0.063267 0.668565
0.059938 0.673085
0.053772 0.680673
0.050348 0.687528
0.039347 0.673729
0.020028 0.704766
0.020171 0.720821
0.034531 0.726418
0.028757 0.726687
0.005779 0.726498
0.008982 0.720627
0.007503 0.713737
0.003533 0.690426
0.016632 0.689700
0.014142 0.687870
0.010415 0.681491
0.025221 0.656460
0.017151 0.652543
0.016689 0.650633
0.004360 0.652158
0.004620 0.645298
0.006396 0.636533
0.003839 0.626461
0.006940 0.618058
0.027035 0.646506
0.031524 0.641309
0.025434 0.634230
0.027245 0.618454
0.022893 0.621292
0.018282 0.618853
0.019860 0.610732
0.024610 0.613070
0.035253 0.607535
0.051095 0.609499
0.049363 0.617016
0.050476 0.623118
0.056707 0.626065
0.039269 0.633999
0.041489 0.640633
0.048350 0.640546
0.053173 0.637873
0.062557 0.640668
0.060765 0.635724
0.064813 0.632314
0.066755 0.627494
0.069018 0.622941
0.081706 0.620642
0.081944 0.608240
0.088940 0.606318
0.093344 0.608403
0.094476 0.622597
0.080194 0.641569
0.095455 0.650814
0.085652 0.661372
0.084242 0.666817
0.086424 0.668602
0.092068 0.670124
0.093760 0.687729
0.091731 0.698985
0.098335 0.714099
0.102889 0.710647
0.104899 0.707680
0.117584 0.705238
0.103055 0.699154
0.101172 0.691077
0.103976 0.689619
0.121810 0.686660
0.142697 0.676727
0.135124 0.673648
0.111098 0.672305
0.099077 0.668692
0.105125 0.665777
0.109115 0.650412
0.121464 0.638565
0.133550 0.626331
0.147722 0.628880
0.136546 0.645158
0.147636 0.657751
0.157003 0.655747
0.156948 0.669249
0.164834 0.675041
0.172390 0.684778
0.167728 0.689931
0.163626 0.696917
0.166551 0.698283
0.166945 0.697710
0.171512 0.690868
0.176691 0.692538
0.177144 0.678311
0.180057 0.665959
0.181007 0.656705
0.170264 0.657512
0.167934 0.632343
0.163708 0.629189
0.170207 0.621842
0.157505 0.596556
0.153778 0.595839
0.148773 0.594600
0.146060 0.608989
0.141382 0.611091
0.139451 0.603164
0.139135 0.597648
0.140869 0.581913
0.148338 0.577593
0.145847 0.570744
0.135397 0.567915
0.125859 0.563930
0.119337 0.561541
0.121955 0.578956
0.121067 0.580580
0.122034 0.582375
0.127298 0.604072
0.112311 0.610943
0.113280 0.604389
0.103187 0.590551
0.100414 0.586861
0.095594 0.589432
0.091519 0.576617
0.064817 0.609216
0.063634 0.588503
0.052241 0.577553
0.054155 0.588013
0.046193 0.592902
0.031717 0.590977
0.022890 0.593156
0.014044 0.584277
0.003088 0.593809
0.002004 0.576769
0.000654 0.569443
0.002395 0.565061
0.009036 0.565043
0.002079 0.554233
0.023155 0.546845
0.022880 0.565347
0.033057 0.559125
0.042871 0.558672
0.052081 0.557632
0.039326 0.540133
0.033646 0.534168
0.027260 0.531210
0.016973 0.532784
0.018172 0.526320
0.004712 0.524620
0.013685 0.514473
0.029644 0.512977
0.049070 0.505724
0.044001 0.511703
0.041786 0.525712
0.058862 0.527091
0.058049 0.523821
0.084302 0.511664
0.077578 0.504807
0.088834 0.494439
0.070477 0.491796
0.068430 0.487900
0.069888 0.476917
0.067354 0.474368
0.054976 0.473720
0.050011 0.468421
0.050737 0.480796
0.048135 0.485471
0.053441 0.494108
0.043597 0.495844
0.041405 0.477654
0.030404 0.484827
0.021737 0.486272
0.021985 0.479419
0.011653 0.472368
0.002501 0.469871
0.006233 0.461275
0.010708 0.453680
0.015069 0.453414
0.027365 0.460334
0.034261 0.457277
0.033884 0.451710
0.047117 0.449365
0.054578 0.438335
0.062600 0.434523
0.068355 0.433877
0.083126 0.435220
0.095409 0.436873
0.097395 0.434791
0.115132 0.423246
0.103845 0.413105
0.087945 0.401945
0.081442 0.405331
0.072705 0.407818
0.064394 0.396227
0.063711 0.388858
0.053030 0.390414
0.062536 0.406896
0.063192 0.410947
0.055597 0.420194
0.060668 0.425493
0.060625 0.426898
0.060745 0.429939
0.040495 0.439795
0.038231 0.431078
0.024552 0.429635
0.025014 0.437394
0.011284 0.442865
0.001258 0.435694
0.003534 0.433618
0.010808 0.417046
0.015066 0.420497
0.029934 0.403216
0.000675 0.380564
0.026696 0.359566
0.033668 0.354612
0.036163 0.352827
0.015437 0.352498
0.013726 0.348207
0.007932 0.348537
0.005927 0.335349
0.003364 0.328293
0.017149 0.337500
0.043673 0.317419
0.052812 0.310835
0.065334 0.298213
0.065938 0.298509
0.074222 0.310232
0.078586 0.314563
0.080775 0.315574
0.090630 0.311058
0.104089 0.326743
0.106197 0.324151
0.110754 0.324765
0.112179 0.330396
0.117008 0.330600
0.112176 0.316504
0.139328 0.310003
0.133868 0.301569
0.128657 0.294294
0.119177 0.299773
0.100844 0.306181
0.093493 0.301880
0.080068 0.295981
0.073442 0.272793
0.081978 0.257773
0.097211 0.257877
0.101888 0.259154
0.094583 0.268205
0.116406 0.269248
0.121308 0.266580
0.125787 0.264672
0.155829 0.262945
0.156573 0.256087
0.149721 0.247641
0.131925 0.238864
0.129524 0.239543
0.129528 0.230212
0.136148 0.228626
0.135280 0.227383
0.114273 0.215110
0.109619 0.208241
0.106176 0.218413
0.093916 0.208909
0.085448 0.220587
0.088384 0.229497
0.094575 0.231353
0.099830 0.229135
0.107830 0.238686
0.097108 0.244643
0.084529 0.245668
0.078782 0.247366
0.084424 0.234224
0.076184 0.233980
0.070230 0.243839
0.047983 0.243000
0.042638 0.251457
0.052439 0.271285
0.046361 0.283987
0.032609 0.266800
0.028681 0.270223
0.029862 0.276342
0.030019 0.284522
0.011733 0.297915
0.003239 0.290462
0.005176 0.283747
0.002958 0.280779
0.013714 0.265985
0.015081 0.259423
0.022186 0.252925
0.024515 0.244185
0.012429 0.246773
0.000748 0.247388
0.002483 0.242931
0.011383 0.241447
0.015490 0.225264
0.032585 0.225587
0.053754 0.214512
0.070113 0.208167
0.083426 0.204425
0.085438 0.197551
0.067618 0.184953
0.064257 0.180334
0.043582 0.191756
0.025388 0.219870
0.021964 0.217094
0.011202 0.206660
0.006485 0.203580
0.004304 0.203599
0.013521 0.196750
0.030171 0.183446
0.037125 0.175889
0.031469 0.173678
0.008356 0.170385
0.002989 0.167543
0.022851 0.153731
0.019540 0.146785
0.017480 0.144077
0.018731 0.140568
0.025151 0.136747
0.033496 0.145701
0.030647 0.137129
0.028210 0.126475
0.008455 0.127458
0.004058 0.119829
0.019452 0.117865
0.024683 0.096834
0.030065 0.103982
0.034556 0.112575
0.042646 0.113342
0.050340 0.113630
0.045273 0.118428
0.050972 0.131203
0.055991 0.132532
0.058621 0.130143
0.063303 0.130898
0.072692 0.136255
0.076167 0.121672
0.065914 0.118234
0.075220 0.104192
0.080226 0.097231
0.074562 0.093900
0.070783 0.097779
0.054942 0.106092
0.052842 0.103611
0.041989 0.100532
0.040024 0.094949
0.041176 0.079755
0.055499 0.070711
0.064904 0.074819
0.062557 0.064209
0.066334 0.051835
0.063406 0.044322
0.053984 0.052710
0.030218 0.056007
0.027325 0.067658
0.029233 0.071610
0.001376 0.089587
0.008685 0.074445
0.003306 0.070335
0.001166 0.057600
0.010736 0.057260
0.014878 0.049459
0.013269 0.047265
0.008494 0.044429
0.019155 0.043156
0.022884 0.046383
0.026674 0.040026
0.028392 0.038459
0.027018 0.037790
0.026520 0.020783
0.001871 0.001311
0.036234 0.005951
0.044073 0.014952
0.052193 0.007360
0.062242 0.001456
0.056242 0.007486
0.053178 0.022135
0.053855 0.025727
0.057379 0.028733
0.069589 0.027905
0.083265 0.042610
0.084941 0.040662
0.100246 0.026519
0.096749 0.020952
0.103454 0.002417
0.104853 0.011550
0.121960 0.027690
0.136459 0.021567
0.138266 0.012518
0.146483 0.016090
0.146412 0.013982
0.158374 0.010156
0.165313 0.025079
0.180102 0.009661
0.182261 0.010083
0.191262 0.016909
0.197734 0.006256
0.209138 0.003111
0.216153 0.000372
0.216366 0.011118
0.196979 0.033502
0.190291 0.030928
0.161155 0.046611
0.149092 0.039882
0.142170 0.043117
0.133400 0.042909
0.126186 0.053623
0.121451 0.054931
0.130891 0.058010
0.134876 0.058502
0.143865 0.068813
0.166166 0.049389
0.176687 0.052363
0.181481 0.047250
0.189291 0.042813
0.192153 0.042987
0.195457 0.052201
0.201737 0.051026
0.207380 0.048607
0.198559 0.061792
0.181937 0.071918
0.172323 0.072830
0.168808 0.080996
0.162002 0.075715
0.157472 0.092427
0.159985 0.094257
0.163034 0.101886
0.170174 0.100501
0.175097 0.105604
0.173877 0.099965
0.176796 0.092332
0.183090 0.094823
0.193962 0.114490
0.203589 0.120796
0.204591 0.122069
0.208313 0.130718
0.208631 0.127559
0.213478 0.118685
0.229404 0.122985
0.220006 0.110725
0.209073 0.096396
0.206232 0.098643
0.198851 0.089000
0.217517 0.087455
0.206051 0.068206
0.205808 0.063016
0.209790 0.058826
0.217988 0.044756
0.231826 0.036881
0.251049 0.034834
0.235516 0.012850
0.246295 0.005280
0.266761 0.009048
0.268749 0.008381
0.275539 0.004950
0.279258 0.000455
0.277780 0.012442
0.274723 0.016123
0.289336 0.020680
0.300397 0.012426
0.293327 0.023125
0.289124 0.031293
0.305382 0.038818
0.308466 0.046877
0.298616 0.044753
0.295995 0.045850
0.281389 0.049365
0.294929 0.051486
0.296389 0.056041
0.296678 0.060546
0.312745 0.068480
0.307861 0.074734
0.293818 0.073332
0.277675 0.082313
0.264661 0.054516
0.264398 0.040152
0.255025 0.049090
0.240102 0.053206
0.252623 0.063270
0.255510 0.064877
0.255518 0.076344
0.239450 0.073768
0.234330 0.076376
0.225512 0.080965
0.228379 0.081161
0.231656 0.084026
0.234136 0.093760
0.237915 0.091176
0.239516 0.091255
0.245091 0.095868
0.250154 0.095960
0.241661 0.111191
0.245641 0.119351
0.251214 0.108714
0.267867 0.118751
0.249064 0.142774
0.241491 0.136339
0.226109 0.136150
0.226024 0.143124
0.213016 0.145632
0.201839 0.144558
0.194760 0.143175
0.180317 0.155418
0.179213 0.156334
0.184732 0.162757
0.191545 0.157596
0.196951 0.159725
0.211005 0.166959
0.215881 0.175423
0.212389 0.186141
0.209279 0.186568
0.201761 0.174032
0.178697 0.181437
0.161740 0.183893
0.146870 0.177371
0.141089 0.176537
0.129895 0.182731
0.114845 0.171468
0.113644 0.169639
0.113829 0.169441
0.122831 0.167191
0.139105 0.163566
0.141981 0.148300
0.139318 0.138903
0.130923 0.130709
0.139218 0.130885
0.141344 0.135018
0.157458 0.153913
0.159656 0.164654
0.170262 0.143084
0.182467 0.135711
0.194011 0.129646
0.192798 0.123007
0.188091 0.125360
0.187459 0.119087
0.178674 0.123109
0.171480 0.119133
0.171388 0.119450
0.164282 0.136343
0.157832 0.118635
0.155527 0.111069
0.147799 0.114838
0.141152 0.109639
0.144272 0.092328
0.138291 0.093369
0.134431 0.092630
0.120246 0.077581
0.119805 0.092520
0.126220 0.094919
0.116388 0.104803
0.121385 0.109236
0.118584 0.118540
0.117025 0.118686
0.111347 0.108791
0.105026 0.106073
0.110600 0.094412
0.106658 0.092173
0.101511 0.084209
0.101031 0.083618
0.091620 0.067152
0.099464 0.091798
0.098681 0.093554
0.094904 0.101672
0.093830 0.113009
0.098345 0.111586
0.108247 0.112318
0.103917 0.143062
0.102377 0.144178
0.093257 0.150087
0.081885 0.142243
0.075146 0.150022
0.063173 0.149468
0.055090 0.139627
0.056134 0.150339
0.062043 0.164653
0.070461 0.159358
0.082485 0.173963
0.088614 0.174022
0.089596 0.165804
0.091121 0.167074
0.098754 0.180613
0.110654 0.185687
0.111178 0.187106
0.112199 0.189570
0.109391 0.193611
0.102264 0.194951
0.114371 0.200630
0.122852 0.198045
0.126233 0.198878
0.131345 0.205188
0.152135 0.209012
0.153079 0.203970
0.167949 0.204824
0.172889 0.208695
0.175180 0.190173
0.186580 0.203718
0.180411 0.207160
0.173982 0.232796
0.163148 0.232571
0.167998 0.243198
0.163454 0.249753
0.169959 0.252475
0.177419 0.249739
0.191299 0.248852
0.180507 0.223944
0.197290 0.215581
0.202900 0.228785
0.213567 0.226341
0.224792 0.217458
0.225122 0.197339
0.236047 0.199976
0.233052 0.188286
0.238269 0.190304
0.242594 0.188494
0.238669 0.178949
0.248871 0.165452
0.241818 0.159253
0.254725 0.150336
0.262124 0.170132
0.252324 0.174377
0.247801 0.179952
0.254913 0.182815
0.257188 0.198134
0.265442 0.199648
0.263501 0.206312
0.268012 0.208081
0.265526 0.213689
0.267474 0.212337
0.271659 0.212741
0.280240 0.218832
0.283170 0.223851
0.280798 0.195931
0.284285 0.187974
0.276412 0.176775
0.285739 0.170349
0.276537 0.156501
0.271231 0.140123
0.295990 0.145136
0.295908 0.143650
0.297230 0.141145
0.303534 0.141352
0.308400 0.141438
0.313017 0.149755
0.318550 0.146869
0.316838 0.142305
0.317809 0.140402
0.320084 0.127828
0.317377 0.121020
0.308773 0.122398
0.291614 0.116897
0.282307 0.119945
0.281754 0.101551
0.277871 0.101806
0.277109 0.088056
0.295996 0.102134
0.295998 0.108074
0.310955 0.093982
0.316650 0.075965
0.336204 0.073463
0.340101 0.058822
0.354313 0.051045
0.359385 0.051235
0.362035 0.044255
0.366033 0.032004
0.345278 0.019210
0.342016 0.022410
0.325623 0.040145
0.319552 0.038146
0.326585 0.020105
0.324989 0.017632
0.322376 0.013731
0.313702 0.012036
0.309032 0.011339
0.314652 0.009997
0.316955 0.008369
0.325749 0.008360
0.326044 0.014919
0.335401 0.018469
0.352684 0.009226
0.362743 0.002252
0.384816 0.021814
0.380502 0.033214
0.378942 0.037041
0.387853 0.042477
0.385928 0.049757
0.363521 0.062903
0.374783 0.062509
0.382014 0.064612
0.394341 0.056405
0.406146 0.043755
0.396334 0.024356
0.397630 0.014035
0.409861 0.022466
0.417889 0.022223
0.414940 0.015924
0.422595 0.015319
0.434416 0.014563
0.443639 0.002666
0.445059 0.003546
0.459290 0.011014
0.444020 0.014885
0.437583 0.022454
0.441670 0.025731
0.453512 0.036104
0.473662 0.029798
0.476293 0.030914
0.475155 0.033690
0.478155 0.035305
0.477290 0.044237
0.488713 0.047073
0.491010 0.050537
0.491407 0.052527
0.493958 0.053438
0.495766 0.053531
0.500435 0.040649
0.487221 0.025747
0.494312 0.021363
0.482436 0.005529
0.487120 0.006505
0.501764 0.002658
0.503583 0.006261
0.520623 0.026944
0.523867 0.033308
0.529563 0.014457
0.549752 0.020999
0.534891 0.030939
0.534243 0.034166
0.533531 0.038962
0.540896 0.042190
0.536958 0.045234
0.534561 0.051708
0.545303 0.049909
0.546656 0.055671
0.546534 0.072034
0.522311 0.082411
0.516257 0.067222
0.502687 0.073858
0.496993 0.080343
0.488750 0.075248
0.483138 0.084073
0.479232 0.071962
0.486483 0.065060
0.489980 0.055546
0.478380 0.058607
0.469722 0.070630
0.461833 0.064778
0.463842 0.055606
0.456961 0.059467
0.455113 0.053335
0.457710 0.046868
0.437405 0.044681
0.422097 0.038678
0.420589 0.035001
0.413046 0.043402
0.403994 0.059095
0.392890 0.068493
0.391077 0.074393
0.388808 0.079889
0.392043 0.098734
0.378542 0.105858
0.364375 0.102232
0.374276 0.090241
0.370251 0.084063
0.369814 0.074289
0.368191 0.075761
0.359171 0.087950
0.348914 0.094025
0.354316 0.103058
0.345853 0.112699
0.337227 0.098331
0.344853 0.089209
0.343733 0.083816
0.340331 0.081466
0.337533 0.082955
0.327302 0.095124
0.326086 0.109677
0.325619 0.112039
0.326377 0.115322
0.343142 0.126879
0.345989 0.117492
0.354976 0.122282
0.363997 0.120384
0.362144 0.134056
0.341018 0.134884
0.338310 0.141357
0.318744 0.148702
0.340868 0.154113
0.339033 0.161504
0.333525 0.163366
0.339621 0.167470
0.355870 0.174027
0.355117 0.182938
0.358560 0.187728
0.359348 0.186776
0.370347 0.190951
0.362350 0.204991
0.383603 0.207126
0.389465 0.221616
0.392883 0.220295
0.400317 0.235110
0.382654 0.240756
0.380231 0.233495
0.376593 0.232422
0.381508 0.218726
0.371210 0.215112
0.366841 0.223275
0.360535 0.218626
0.345935 0.215080
0.343568 0.237428
0.356691 0.243187
0.362656 0.239388
0.366249 0.244382
0.371286 0.247481
0.378255 0.248760
0.392603 0.270202
0.388394 0.272319
0.385478 0.279912
0.371516 0.279083
0.374295 0.292350
0.373011 0.299292
0.378789 0.306611
0.381956 0.324370
0.375692 0.330203
0.372568 0.329135
0.369061 0.333407
0.352125 0.333321
0.361927 0.350711
0.376711 0.350267
0.366438 0.367823
0.374736 0.372306
0.378546 0.367215
0.388620 0.367384
0.397482 0.376570
0.392340 0.379850
0.388561 0.388203
0.398705 0.391217
0.406349 0.369449
0.411621 0.363661
0.417889 0.361822
0.426942 0.372347
0.425552 0.375514
0.413845 0.378353
0.425642 0.386288
0.412518 0.397469
0.421905 0.402631
0.434595 0.402634
0.444876 0.401398
0.444945 0.392663
0.444236 0.380016
0.453510 0.393354
0.447896 0.415763
0.447427 0.417931
0.449133 0.419952
0.451221 0.433149
0.438110 0.442480
0.453096 0.448876
0.469132 0.452332
0.466521 0.458089
0.477210 0.469007
0.486805 0.472180
0.495671 0.470819
0.496019 0.455260
0.494574 0.452929
0.505595 0.450790
0.505493 0.440870
0.474446 0.441129
0.459527 0.431602
0.462978 0.426900
0.477253 0.400114
0.479723 0.392802
0.482013 0.405589
0.485383 0.424706
0.491555 0.424004
0.493370 0.427172
0.502385 0.434052
0.503447 0.429304
0.500568 0.427946
0.500110 0.427975
0.498070 0.420495
0.517783 0.388857
0.524102 0.401945
0.523677 0.407285
0.524189 0.418785
0.542626 0.425527
0.546897 0.449507
0.535074 0.454146
0.527946 0.453279
0.518637 0.454969
0.528311 0.467752
0.520087 0.470737
0.523726 0.482650
0.528479 0.476907
0.539350 0.480739
0.540846 0.475377
0.554183 0.470079
0.564570 0.471065
0.562778 0.450876
0.570406 0.451027
0.566721 0.439131
0.564267 0.437640
0.558447 0.425204
0.567712 0.415689
0.573991 0.420608
0.579252 0.423276
0.579575 0.423477
0.574300 0.415928
0.580299 0.403578
0.582734 0.393511
0.596795 0.386709
0.594543 0.391418
0.599374 0.400311
0.593531 0.405670
0.592833 0.418780
0.596231 0.423481
0.607843 0.412094
0.611569 0.416350
0.611286 0.419838
0.617905 0.417702
0.629351 0.407408
0.633560 0.401621
0.632471 0.411139
0.630526 0.428470
0.624857 0.435541
0.615718 0.441848
0.607796 0.438205
0.605703 0.440141
0.600827 0.444545
0.599635 0.458885
0.595502 0.459840
0.594510 0.458390
0.590837 0.464566
0.601403 0.481977
0.614638 0.492075
0.635676 0.495575
0.618715 0.481884
0.612994 0.471105
0.615004 0.456642
0.615953 0.446602
0.632343 0.439702
0.638539 0.439029
0.628029 0.456760
0.637073 0.458931
0.637016 0.462941
0.641317 0.462476
0.647326 0.456097
0.648634 0.454481
0.653655 0.464976
0.659687 0.472312
0.667163 0.472857
0.654227 0.484458
0.656865 0.486836
0.656319 0.495661
0.663889 0.493916
0.667397 0.492663
0.677280 0.485869
0.671385 0.486393
0.671189 0.484910
0.670565 0.482376
0.677231 0.469010
0.688285 0.466527
0.689717 0.457491
0.678943 0.464912
0.674237 0.455950
0.667888 0.456171
0.680098 0.438963
0.685074 0.437119
0.677828 0.434882
0.675973 0.422684
0.674585 0.425441
0.664515 0.434107
0.652873 0.443856
0.645700 0.433413
0.643923 0.432344
0.651528 0.428309
0.652064 0.426883
0.641945 0.422518
0.652130 0.411037
0.659574 0.401362
0.670586 0.401979
0.656583 0.386196
0.650931 0.384082
0.645431 0.382252
0.641240 0.380238
0.637976 0.378749
0.637125 0.390527
0.628753 0.379790
0.624402 0.375420
0.624977 0.372958
0.623485 0.358263
0.623175 0.363554
0.619095 0.377182
0.604969 0.374199
0.602201 0.365855
0.597646 0.361114
0.587913 0.383781
0.573031 0.384387
0.566990 0.395012
0.560045 0.395654
0.561650 0.399276
0.555634 0.401148
0.553640 0.405484
0.548792 0.400233
0.559851 0.378235
0.554713 0.380592
0.534762 0.389619
0.536551 0.374123
0.528542 0.366504
0.542400 0.354733
0.542917 0.346473
0.530833 0.343601
0.530935 0.331602
0.519939 0.334623
0.511939 0.340096
0.502192 0.341524
0.492226 0.358619
0.506387 0.356481
0.521531 0.364174
0.517557 0.371289
0.507134 0.382035
0.506893 0.382846
0.481029 0.381652
0.476947 0.380528
0.471889 0.374958
0.475157 0.368958
0.487868 0.358746
0.485247 0.353858
0.471688 0.359280
0.473064 0.351003
0.467647 0.343384
0.470185 0.331291
0.470202 0.328890
0.462772 0.344997
0.461956 0.357976
0.458050 0.358687
0.450187 0.352136
0.446048 0.350983
0.456442 0.343226
0.454056 0.337057
0.437233 0.329513
0.429494 0.321756
0.427494 0.321013
0.425904 0.326148
0.414862 0.335976
0.410995 0.338076
0.415543 0.349917
0.402017 0.349886
0.400706 0.345126
0.401522 0.343772
0.398985 0.341777
0.394647 0.343516
0.400171 0.311595
0.408370 0.310439
0.408639 0.285682
0.426673 0.283191
0.429969 0.306994
0.433510 0.311756
0.450539 0.311701
0.460270 0.315955
0.469803 0.313367
0.471090 0.316408
0.483337 0.307145
0.496967 0.283691
0.501141 0.275606
0.505203 0.304742
0.504330 0.307331
0.513008 0.315639
0.530853 0.312119
0.531260 0.306934
0.555190 0.314842
0.557124 0.317316
0.557829 0.328978
0.562284 0.332705
0.550391 0.334479
0.557972 0.339813
0.556056 0.351394
0.568073 0.358859
0.590156 0.344054
0.590035 0.343520
0.598563 0.343217
0.585015 0.334240
0.577754 0.334626
0.578191 0.313188
0.558630 0.305439
0.553449 0.299724
0.541954 0.284686
0.524967 0.274661
0.531288 0.251259
0.535541 0.265083
0.544014 0.267875
0.552800 0.256393
0.551763 0.251190
0.555473 0.256343
0.563776 0.254448
0.569250 0.270036
0.562557 0.271724
0.558251 0.279635
0.575937 0.279056
0.578713 0.274236
0.583011 0.287508
0.589368 0.291575
0.583405 0.300257
0.606133 0.302986
0.610068 0.300510
0.618568 0.309535
0.608421 0.320385
0.616277 0.320684
0.627636 0.316763
0.637809 0.320911
0.638548 0.318923
0.636291 0.295074
0.641843 0.294138
0.640127 0.283722
0.655806 0.294369
0.656208 0.295285
0.666191 0.280762
0.658525 0.272425
0.649554 0.267232
0.640476 0.271021
0.638833 0.265664
0.616815 0.264615
0.616564 0.266505
0.603868 0.275276
0.601337 0.267198
0.600134 0.256933
0.580169 0.247363
0.585106 0.241222
0.580969 0.238489
0.581826 0.236613
0.571251 0.219564
0.571945 0.213849
0.572034 0.210170
0.557574 0.217870
0.552631 0.226928
0.535057 0.235500
0.531156 0.232797
0.523087 0.249549
0.523178 0.252803
0.514547 0.254607
0.507220 0.250819
0.508154 0.247554
0.511348 0.235537
0.519327 0.233350
0.514419 0.214049
0.530808 0.220971
0.532977 0.210768
0.539481 0.213856
0.544813 0.220988
0.553811 0.208273
0.566541 0.205014
0.570175 0.196616
0.574216 0.195602
0.576872 0.201735
0.593008 0.204880
0.586517 0.198533
0.582788 0.181974
0.574769 0.181253
0.577941 0.176953
0.591728 0.166084
0.590766 0.153965
0.596558 0.145530
0.609330 0.165418
0.605153 0.176833
0.609696 0.175355
0.612967 0.178482
0.608052 0.183058
0.622140 0.197706
0.612164 0.203344
0.607868 0.219658
0.606027 0.218431
0.604426 0.219053
0.605061 0.228297
0.599959 0.243642
0.627551 0.242386
0.622101 0.233906
0.621712 0.231432
0.626658 0.219939
0.642829 0.211860
0.645930 0.205459
0.635788 0.187451
0.664322 0.194288
0.660579 0.191390
0.654528 0.181973
0.658616 0.180454
0.659861 0.174857
0.651252 0.170315
0.660431 0.165744
0.653110 0.161349
0.644888 0.163985
0.634752 0.162175
0.635661 0.160866
0.635609 0.151600
0.621740 0.158209
0.624540 0.152650
0.623782 0.148780
0.627684 0.140659
0.638957 0.147766
0.654435 0.152397
0.662297 0.150350
0.669646 0.146732
0.683200 0.131724
0.674357 0.128821
0.669156 0.127533
0.661172 0.131905
0.665975 0.120632
0.665203 0.120649
0.648651 0.113738
0.643859 0.115752
0.633678 0.108371
0.638690 0.099222
0.651240 0.088221
0.663408 0.088906
0.670024 0.079129
0.673566 0.083309
0.683175 0.074811
0.686234 0.083583
0.697467 0.091367
0.704043 0.093277
0.715289 0.091778
0.704899 0.085090
0.703748 0.082030
0.695412 0.069834
0.699611 0.068730
0.697698 0.061458
0.688521 0.051633
0.687879 0.049968
0.686313 0.049006
0.706613 0.040271
0.701862 0.038645
0.688742 0.026998
0.686527 0.032622
0.679146 0.044340
0.672685 0.054325
0.665944 0.051958
0.657123 0.035124
0.638688 0.037513
0.635579 0.030653
0.625957 0.039218
0.640317 0.047886
0.645625 0.054085
0.650876 0.050412
0.650863 0.061523
0.653691 0.073237
0.654393 0.076707
0.645304 0.086025
0.625142 0.072650
0.608127 0.100328
0.603422 0.101798
0.606436 0.107320
0.620427 0.116779
0.611973 0.121690
0.610168 0.128532
0.605776 0.128354
0.595275 0.126962
0.592103 0.130267
0.586232 0.126043
0.590490 0.115720
0.577182 0.111875
0.562006 0.124254
0.564218 0.128515
0.565844 0.124406
0.578692 0.125715
0.583823 0.131073
0.587473 0.139311
0.568011 0.138852
0.561617 0.147815
0.564751 0.157120
0.549360 0.156158
0.553766 0.165760
0.557941 0.173339
0.551179 0.189252
0.538944 0.195472
0.534451 0.190854
0.541106 0.177676
0.548434 0.173075
0.546415 0.172242
0.539414 0.172281
0.538261 0.171014
0.535099 0.163334
0.538158 0.161357
0.542811 0.161225
0.543261 0.151522
0.538300 0.154366
0.530453 0.153083
0.505714 0.139190
0.496136 0.153855
0.504956 0.157150
0.506419 0.159845
0.508718 0.152091
0.526717 0.168330
0.512743 0.173658
0.506668 0.175756
0.503952 0.182742
0.499868 0.196588
0.494920 0.196186
0.487286 0.203882
0.477945 0.214445
0.479849 0.215978
0.489347 0.218012
0.495169 0.240810
0.491845 0.255067
0.482650 0.250196
0.478691 0.242537
0.455816 0.283454
0.454202 0.289413
0.450768 0.291801
0.440805 0.275412
0.429943 0.274308
0.425216 0.265977
0.424688 0.263717
0.429592 0.261814
0.441828 0.263386
0.438884 0.254253
0.434251 0.246633
0.427241 0.243436
0.425447 0.238739
0.420002 0.233881
0.422079 0.225993
0.439695 0.230904
0.440366 0.233991
0.448834 0.236901
0.454962 0.240136
0.460341 0.240276
0.471662 0.232243
0.463751 0.217932
0.468297 0.207079
0.468827 0.190747
0.461722 0.196971
0.453511 0.210958
0.443334 0.206142
0.452265 0.197712
0.449463 0.189213
0.446775 0.189506
0.448476 0.179223
0.447619 0.181515
0.444648 0.187931
0.439586 0.189592
0.428320 0.200513
0.434490 0.201741
0.435204 0.205656
0.431750 0.205418
0.431953 0.207597
0.426313 0.212316
0.421698 0.211346
0.408158 0.216565
0.399490 0.217226
0.400204 0.214749
0.403074 0.209318
0.407944 0.201443
0.418058 0.195995
0.404451 0.172983
0.394560 0.168751
0.387376 0.186806
0.369477 0.180511
0.367828 0.143605
0.376796 0.139783
0.379323 0.135148
0.372680 0.128659
0.376163 0.126625
0.383647 0.131586
0.400444 0.130486
0.404661 0.136503
0.398084 0.157567
0.404178 0.158037
0.407426 0.159264
0.418874 0.153499
0.424720 0.159941
0.426886 0.161030
0.431846 0.166246
0.436198 0.130216
0.444367 0.132371
0.444934 0.133689
0.453161 0.159007
0.449394 0.167230
0.447957 0.170359
0.463147 0.172257
0.476244 0.177214
0.477097 0.182330
0.492825 0.182119
0.496787 0.172409
0.497777 0.160649
0.473661 0.146566
0.477852 0.139343
0.479295 0.142464
0.486312 0.141392
0.483217 0.132814
0.471317 0.128135
0.461439 0.121213
0.456699 0.102657
0.441642 0.099511
0.433750 0.090657
0.419933 0.097960
0.419242 0.110026
0.408370 0.120286
0.401932 0.122932
0.400262 0.103080
0.404182 0.087691
0.411714 0.085492
0.413704 0.093580
0.416672 0.087167
0.430508 0.077072
0.432426 0.072991
0.426844 0.054316
0.430893 0.051930
0.437169 0.051019
0.439785 0.050424
0.439115 0.057384
0.442217 0.063391
0.447862 0.071841
0.447273 0.082999
0.453451 0.075334
0.458054 0.074855
0.470744 0.091688
0.477382 0.092917
0.478178 0.092479
0.472049 0.106992
0.509712 0.123295
0.508282 0.097246
0.516573 0.099244
0.519995 0.096083
0.521471 0.091849
0.535178 0.104275
0.532470 0.103781
0.523605 0.104842
0.515010 0.119075
0.517429 0.128471
0.520794 0.132784
0.530361 0.131454
0.534280 0.133739
0.548895 0.117086
0.547152 0.115118
0.547015 0.114481
0.554578 0.103576
0.565119 0.092256
0.573821 0.092712
0.583231 0.087511
0.571294 0.062930
0.569170 0.060637
0.562982 0.056591
0.567874 0.046058
0.579575 0.032483
0.586375 0.036761
0.598803 0.045975
0.602996 0.049573
0.603146 0.051636
0.615032 0.052949
0.605304 0.046230
0.602850 0.027831
0.597679 0.034159
0.587081 0.030314
0.582033 0.026565
0.570654 0.024450
0.566841 0.027631
0.561430 0.021610
0.561399 0.019760
0.569840 0.011077
0.571628 0.004908
0.586137 0.004420
0.587479 0.009322
0.598181 0.002639
0.597627 0.013973
0.606207 0.020949
0.606823 0.020826
0.613186 0.024010
0.611281 0.014607
0.626065 0.016692
0.637192 0.011234
0.637422 0.008152
0.661299 0.004865
0.663358 0.011907
0.656943 0.018325
0.662322 0.019231
0.676083 0.015351
0.682263 0.000961
0.683731 0.003344
0.705474 0.012012
0.711840 0.011892
0.714063 0.005898
0.715603 0.004575
0.716437 0.001967
0.726976 0.009409
0.729950 0.014697
0.727862 0.022579
0.732392 0.034953
0.725238 0.039498
0.742863 0.049451
0.736230 0.061875
0.733397 0.062397
0.731489 0.060615
0.724393 0.060288
0.718410 0.066103
0.734405 0.067165
0.745501 0.071230
0.751284 0.082224
0.779284 0.060927
0.770271 0.054655
0.760236 0.021043
0.750758 0.017445
0.760745 0.017747
0.781334 0.012116
0.782660 0.016314
0.785615 0.023289
0.781444 0.030832
0.791646 0.047289
0.791751 0.055313
0.786440 0.074582
0.808464 0.061929
0.820832 0.070191
0.826837 0.078261
0.830204 0.080614
0.827232 0.072448
0.822160 0.059830
0.848078 0.052510
0.846896 0.049609
0.844639 0.031397
0.842829 0.028641
0.832935 0.025497
0.821357 0.042166
0.826287 0.027814
0.825848 0.021581
0.833810 0.002092
0.852004 0.000600
0.853298 0.016900
0.861831 0.015388
0.877926 0.011126
0.879141 0.012762
0.889235 0.004534
0.880258 0.028631
0.882190 0.031200
0.866589 0.041275
0.867145 0.050354
0.876373 0.042749
0.886506 0.060216
0.901797 0.047490
0.893967 0.038051
0.891339 0.036538
0.898869 0.029853
0.903730 0.033852
0.913796 0.034180
0.918485 0.023206
0.948167 0.002642
0.957242 0.000216
0.983712 0.012752
0.996816 0.014156
0.996510 0.027119
0.984398 0.024212
0.960016 0.014380
0.956640 0.025075
0.955502 0.036573
0.955336 0.043557
0.988649 0.049524
0.985466 0.059185
0.966865 0.058081
0.959153 0.055479
0.943390 0.063641
0.944544 0.074902
0.949132 0.080390
0.959969 0.080439
0.959073 0.096100
0.955773 0.103104
0.947870 0.105493
0.944441 0.093118
0.935866 0.092832
0.936986 0.082507
0.916501 0.074850
0.926124 0.059898
0.932185 0.061291
0.934269 0.053997
0.919721 0.039845
0.908194 0.058247
0.909123 0.086163
0.902840 0.084419
0.894752 0.079177
0.891780 0.084277
0.888842 0.093544
0.888534 0.101698
0.897853 0.101238
0.902628 0.110774
0.904389 0.116284
0.891852 0.112215
0.885518 0.114592
0.884833 0.114106
0.878754 0.121334
0.888059 0.128696
0.881683 0.135266
0.880096 0.144164
0.876539 0.149799
0.871961 0.152502
0.891565 0.163399
0.900480 0.156069
0.903691 0.156331
0.904142 0.169644
0.902809 0.170529
0.902155 0.180326
0.888824 0.182828
0.901276 0.193236
0.908123 0.186051
0.911247 0.183095
0.907085 0.169282
0.911813 0.165023
0.916948 0.165795
0.917425 0.154979
0.924010 0.157306
0.925090 0.150853
0.918793 0.144218
0.918182 0.132140
0.914134 0.134451
0.905267 0.128660
0.919935 0.117985
0.946068 0.132551
0.953389 0.126125
0.958136 0.146275
0.960245 0.139455
0.960774 0.133623
0.962493 0.125097
0.963071 0.112252
0.963694 0.097178
0.962829 0.095112
0.966600 0.089877
0.976463 0.081782
0.982024 0.082888
0.981253 0.086452
0.990497 0.087104
0.992468 0.080802
0.999862 0.084792
0.998842 0.095432
0.998217 0.099461
0.991554 0.101342
0.996191 0.116737
0.984665 0.117850
0.976478 0.127078
0.980681 0.129452
0.990512 0.137188
0.999107 0.158430
0.996782 0.157359
0.986818 0.158710
0.984021 0.153983
0.980346 0.147467
0.978520 0.158448
0.983129 0.164074
0.981681 0.174129
0.983732 0.175919
0.995510 0.204215
0.991055 0.207631
0.997178 0.221532
0.995584 0.225532
0.997130 0.237685
0.991368 0.240320
0.985557 0.204967
0.973333 0.195447
0.961492 0.190829
0.966045 0.164684
0.957419 0.158044
0.957250 0.165409
0.949399 0.173037
0.946347 0.177586
0.943317 0.183554
0.930898 0.171188
0.932455 0.180413
0.934864 0.189993
0.937143 0.200898
0.931529 0.205500
0.928167 0.213937
0.929051 0.224612
0.931024 0.226416
0.912179 0.235336
0.904543 0.227345
0.909012 0.219392
0.907658 0.214596
0.894146 0.198342
0.889189 0.200773
0.888930 0.211592
0.889412 0.211789
0.883112 0.234212
0.874064 0.230390
0.873705 0.222716
0.868066 0.212884
0.859516 0.212471
0.869504 0.197671
0.876441 0.173789
0.862769 0.179270
0.845028 0.183965
0.842529 0.170193
0.852928 0.162718
0.839922 0.164415
0.829455 0.154839
0.827401 0.145800
0.816983 0.148557
0.817787 0.135016
0.828807 0.128773
0.830476 0.138374
0.858278 0.146010
0.860891 0.146638
0.857544 0.144938
0.855734 0.142975
0.843424 0.128158
0.849377 0.123913
0.850292 0.122905
0.859460 0.121178
0.856868 0.109065
0.853216 0.107800
0.870138 0.087150
0.870944 0.085485
0.871895 0.071818
0.862034 0.068702
0.853024 0.068403
0.852559 0.072833
0.848699 0.078835
0.850131 0.086757
0.831079 0.097193
0.820956 0.100915
0.810955 0.098016
0.812417 0.102948
0.814194 0.116010
0.812389 0.117169
0.814398 0.120103
0.813584 0.126955
0.802791 0.117413
0.803618 0.115438
0.781379 0.091873
0.778039 0.082730
0.772109 0.094797
0.767298 0.097919
0.776205 0.100802
0.769211 0.120552
0.769941 0.130857
0.769042 0.166572
0.762868 0.162179
0.760151 0.152726
0.750590 0.144603
0.749636 0.138783
0.747384 0.134939
0.754828 0.119768
0.739637 0.113772
0.745712 0.097800
0.734779 0.090790
0.728599 0.104686
0.728759 0.107212
0.734524 0.112011
0.729233 0.110912
0.718863 0.107152
0.713751 0.118092
0.737694 0.136716
0.728178 0.138957
0.713763 0.137631
0.710749 0.137101
0.710790 0.130890
0.702272 0.128178
0.698080 0.135134
0.689712 0.141799
0.687303 0.149926
0.687165 0.151690
0.682911 0.157709
0.684974 0.163108
0.701122 0.153607
0.710782 0.156794
0.710227 0.162739
0.720794 0.163179
0.733791 0.169197
0.738272 0.177843
0.751027 0.167497
0.749595 0.173487
0.747900 0.187222
0.745279 0.188201
0.732991 0.187460
0.733716 0.195183
0.719097 0.196854
0.715007 0.185544
0.703520 0.194001
0.702559 0.173563
0.679930 0.182600
0.675966 0.181673
0.682722 0.196773
0.686692 0.200142
0.663424 0.208688
0.675263 0.213838
0.675979 0.220358
0.671713 0.225619
0.661493 0.222398
0.664021 0.226850
0.659747 0.239752
0.660068 0.246354
0.682079 0.247021
0.688698 0.250383
0.695129 0.253222
0.700220 0.254785
0.704474 0.253522
0.695244 0.249352
0.700739 0.243264
0.704194 0.241575
0.698004 0.235105
0.701165 0.229444
0.704516 0.236188
0.708994 0.235389
0.717534 0.248092
0.721414 0.251011
0.721231 0.236668
0.713489 0.229294
0.714973 0.218684
0.730726 0.219324
0.733704 0.215078
0.737902 0.209992
0.749861 0.208973
0.743962 0.225929
0.734106 0.233114
0.733163 0.233798
0.742433 0.234830
0.743158 0.242553
0.731957 0.252383
0.722177 0.262725
0.721901 0.263356
0.734074 0.261026
0.738540 0.273352
0.734821 0.281436
0.739442 0.292642
0.724795 0.285830
0.701661 0.292434
0.698711 0.294295
0.693501 0.294237
0.686893 0.282455
0.682104 0.297565
0.699571 0.303630
0.695833 0.321494
0.699332 0.323953
0.698674 0.343046
0.686053 0.330293
0.674760 0.320675
0.656313 0.321279
0.650480 0.319842
0.654775 0.331057
0.649955 0.339565
0.649432 0.342782
0.647215 0.339557
0.642555 0.331473
0.640567 0.328277
0.634954 0.338149
0.631817 0.344387
0.631079 0.356920
0.640081 0.356478
0.658870 0.364198
0.650799 0.380190
0.676075 0.382427
0.676886 0.399423
0.677879 0.403544
0.684025 0.403937
0.687581 0.394153
0.690354 0.399892
0.692286 0.412891
0.702653 0.416550
0.705212 0.422743
0.710210 0.432889
0.708900 0.443060
0.691978 0.459341
0.696788 0.461969
0.710708 0.457046
0.714366 0.452340
0.720267 0.447081
0.735670 0.462462
0.742098 0.448772
0.748541 0.448725
0.740433 0.422280
0.728835 0.426272
0.722331 0.424164
0.713465 0.426388
0.721238 0.416040
0.728162 0.409406
0.710429 0.395696
0.706229 0.386669
0.701429 0.386278
0.700081 0.385865
0.692134 0.379965
0.703159 0.380172
0.706899 0.378682
0.703135 0.371531
0.716534 0.369637
0.719563 0.371204
0.719335 0.370207
0.720076 0.362921
0.713943 0.360430
0.711899 0.357393
0.691361 0.351438
0.724455 0.344868
0.727575 0.330011
0.733925 0.318186
0.739478 0.301219
0.744402 0.302645
0.738037 0.320815
0.743564 0.321352
0.743876 0.356422
0.753389 0.361269
0.770240 0.359108
0.753880 0.337587
0.774317 0.334851
0.791697 0.338405
0.784181 0.326983
0.774959 0.323541
0.786453 0.305060
0.771368 0.301089
0.759531 0.297092
0.768659 0.297307
0.783489 0.292078
0.786278 0.277858
0.782655 0.271633
0.777431 0.275184
0.768049 0.269173
0.775719 0.250287
0.778379 0.244281
0.770952 0.246301
0.756076 0.223545
0.762005 0.225843
0.787582 0.220123
0.781466 0.200929
0.791746 0.207077
0.795657 0.203567
0.798677 0.188367
0.798596 0.187605
0.789434 0.184004
0.788325 0.180363
0.800293 0.180142
0.797506 0.175111
0.805592 0.155656
0.812016 0.166958
0.813854 0.186117
0.810248 0.202687
0.813480 0.211853
0.804658 0.227088
0.793174 0.227048
0.798006 0.237300
0.791523 0.239157
0.790931 0.248645
0.792007 0.258303
0.816503 0.238661
0.825072 0.235579
0.827609 0.236185
0.829674 0.229953
0.825830 0.223905
0.824369 0.221725
0.830890 0.200475
0.849370 0.220940
0.840737 0.231739
0.840643 0.247418
0.839333 0.263884
0.820180 0.261563
0.816773 0.276622
0.807135 0.280305
0.812847 0.288157
0.826607 0.293605
0.807763 0.323689
0.809501 0.329814
0.808713 0.333162
0.798674 0.352352
0.802693 0.354164
0.806898 0.362609
0.793366 0.358613
0.788662 0.352805
0.785279 0.362136
0.779165 0.363040
0.784943 0.383795
0.800621 0.378406
0.806209 0.372720
0.807100 0.371802
0.822967 0.377871
0.828795 0.377691
0.829879 0.394264
0.830980 0.393519
0.832800 0.387417
0.842182 0.369659
0.858701 0.350150
0.851043 0.349949
0.850033 0.350130
0.848672 0.350708
0.835768 0.351355
0.832234 0.350849
0.824079 0.354285
0.823086 0.348335
0.832595 0.340004
0.828765 0.323002
0.830841 0.326305
0.836236 0.334011
0.847703 0.340125
0.846005 0.325985
0.851211 0.318116
0.856990 0.311277
0.863865 0.305370
0.868865 0.306300
0.866478 0.302887
0.852198 0.304266
0.840221 0.293376
0.852118 0.287227
0.852828 0.268309
0.850403 0.260850
0.851874 0.247055
0.867424 0.233365
0.878638 0.239039
0.874596 0.243694
0.880835 0.249044
0.891701 0.251766
0.904294 0.256428
0.910487 0.254363
0.923894 0.271031
0.932214 0.265389
0.937001 0.256532
0.937437 0.269518
0.946336 0.267622
0.949900 0.273620
0.963802 0.266895
0.944702 0.259386
0.952442 0.245090
0.931521 0.244254
0.934114 0.239298
0.940225 0.237108
0.948242 0.230330
0.953798 0.229241
0.954208 0.217465
0.954593 0.212018
0.956060 0.210829
0.966696 0.223868
0.977560 0.223482
0.967496 0.229114
0.971970 0.239533
0.968839 0.260448
0.981807 0.254717
0.988383 0.263004
0.989182 0.286392
0.988467 0.297508
0.990469 0.318161
0.974425 0.327824
0.982617 0.328347
0.983393 0.330233
0.988590 0.329881
0.992760 0.330656
0.994307 0.332508
0.996446 0.359405
0.982639 0.361191
0.969394 0.352420
0.964429 0.373063
0.972179 0.380216
0.974814 0.375765
0.981083 0.375107
0.978337 0.403253
0.975510 0.410213
0.971918 0.423686
0.952207 0.422283
0.944503 0.426343
0.956794 0.435073
0.984606 0.431046
0.985231 0.436369
0.995912 0.435274
0.997092 0.445273
0.992100 0.464873
0.984138 0.471045
0.984196 0.464422
0.975872 0.463527
0.963437 0.462347
0.955056 0.462972
0.943375 0.462204
0.938502 0.475527
0.922491 0.490467
0.934865 0.492686
0.938832 0.482941
0.950656 0.479752
0.950180 0.474978
0.958401 0.473003
0.973290 0.484966
0.975993 0.483793
0.992195 0.486822
0.980500 0.487007
0.968330 0.490533
0.972174 0.499757
0.982019 0.515343
0.972526 0.522198
0.959785 0.522739
0.954392 0.514711
0.952722 0.525042
0.966835 0.536556
0.970558 0.534205
0.982872 0.535428
0.992503 0.537861
0.996250 0.537867
0.998807 0.552071
0.990766 0.547180
0.986625 0.552007
0.978683 0.550406
0.967101 0.553237
0.963006 0.555417
0.969933 0.561239
0.964306 0.565698
0.971368 0.567840
0.996059 0.573885
0.968266 0.586718
0.963995 0.582570
0.963679 0.580107
0.952635 0.580311
0.951412 0.572791
0.949053 0.567587
0.934880 0.568084
0.929253 0.575805
0.931293 0.578368
0.928491 0.586847
0.926524 0.592762
0.922835 0.587339
0.910849 0.587335
0.901172 0.597838
0.897801 0.601842
0.907289 0.577732
0.913684 0.564034
0.918083 0.565941
0.927951 0.559750
0.921472 0.546057
0.923840 0.547795
0.932458 0.554352
0.946266 0.557088
0.948204 0.543725
0.933674 0.542077
0.920061 0.530512
0.920262 0.537948
0.910228 0.549362
0.909915 0.543789
0.897443 0.531005
0.915479 0.519934
0.932201 0.518223
0.918634 0.500495
0.909924 0.484222
0.895725 0.507112
0.899098 0.517483
0.895117 0.522617
0.886619 0.521089
0.884340 0.522625
0.883963 0.550564
0.885608 0.558202
0.888244 0.572315
0.881723 0.573327
0.881025 0.573265
0.873517 0.569536
0.871129 0.560228
0.859435 0.549742
0.862513 0.537392
0.862264 0.536856
0.870042 0.536084
0.860510 0.528615
0.873267 0.523111
0.881899 0.512316
0.873900 0.506687
0.872280 0.506084
0.865104 0.502853
0.865036 0.505407
0.867053 0.511617
0.852472 0.517655
0.844405 0.498248
0.829152 0.493183
0.838749 0.489505
0.840241 0.483638
0.845126 0.482024
0.850903 0.488014
0.856849 0.498998
0.856615 0.482521
0.848231 0.473053
0.844488 0.457962
0.870840 0.454945
0.865417 0.468675
0.865185 0.472833
0.867797 0.472702
0.869295 0.473080
0.891877 0.471916
0.897309 0.464865
0.901297 0.457574
0.903122 0.459282
0.909771 0.452303
0.888127 0.446458
0.897785 0.433181
0.892338 0.415887
0.883437 0.410104
0.882168 0.407534
0.903748 0.402518
0.903142 0.386365
0.912404 0.389773
0.914888 0.396121
0.926647 0.404780
0.921076 0.422376
0.920528 0.423508
0.918846 0.420635
0.909261 0.425721
0.919575 0.431798
0.934839 0.425041
0.933405 0.414340
0.945212 0.405468
0.933992 0.407147
0.931668 0.401440
0.935714 0.396032
0.933330 0.382894
0.928790 0.370042
0.935996 0.373346
0.951473 0.391535
0.950983 0.387767
0.947493 0.379130
0.950649 0.369885
0.942408 0.361464
0.945910 0.355771
0.952074 0.351008
0.942692 0.341543
0.934336 0.349696
0.935240 0.337544
0.942518 0.324436
0.930591 0.325570
0.922345 0.342443
0.917751 0.347038
0.929324 0.350024
0.918113 0.362298
0.913873 0.362242
0.916081 0.351688
0.916479 0.351457
0.909555 0.348651
0.907627 0.348565
0.910250 0.345718
0.903670 0.341637
0.898840 0.335648
0.894092 0.344278
0.887199 0.344995
0.891732 0.333303
0.892419 0.320541
0.895594 0.307741
0.899280 0.306958
0.901118 0.308032
0.923067 0.303464
0.927585 0.306612
0.933052 0.308587
0.937130 0.313951
0.942693 0.303954
0.949831 0.305486
0.953933 0.306695
0.958543 0.305326
0.966364 0.295244
0.950966 0.290436
0.944954 0.290000
0.936811 0.304304
0.922155 0.298059
0.916428 0.286995
0.907980 0.284476
0.905259 0.280435
0.897623 0.282888
0.895033 0.279587
0.887083 0.272260
0.878171 0.270653
0.881660 0.277447
0.890855 0.285278
0.888956 0.314616
0.873519 0.322987
0.864033 0.337509
0.866392 0.342151
0.860667 0.340682
0.859404 0.345847
0.866321 0.353823
0.869590 0.354009
0.875312 0.355968
0.877749 0.354603
0.891148 0.350033
0.870794 0.373064
0.865347 0.371398
0.861799 0.368166
0.865566 0.376336
0.869965 0.388596
0.878098 0.393254
0.880346 0.396258
0.866065 0.394190
0.868850 0.400851
0.870412 0.406463
0.872594 0.410118
0.866200 0.425846
0.848036 0.427440
0.837147 0.413668
0.830232 0.405771
0.827860 0.401418
0.812245 0.404699
0.819544 0.390439
0.814116 0.388055
0.805494 0.391748
0.791845 0.408371
0.781960 0.405901
0.772543 0.391130
0.770054 0.395502
0.758343 0.393266
0.749629 0.401045
0.750348 0.391836
0.745777 0.380404
0.744559 0.374071
0.726380 0.390037
0.737323 0.401113
0.736400 0.409525
0.750821 0.419540
0.757537 0.428767
0.764960 0.431559
0.764575 0.433614
0.770906 0.449908
0.775204 0.443253
0.787532 0.432945
0.806953 0.423869
0.813160 0.422058
0.817710 0.427346
0.810695 0.428443
0.815015 0.450583
0.821408 0.446984
0.832467 0.434675
0.833224 0.449197
0.842864 0.449905
0.833876 0.460754
0.824590 0.465668
0.824765 0.470743
0.812352 0.477136
0.803677 0.481033
0.801271 0.465240
0.803851 0.455030
0.788650 0.451033
0.793244 0.462390
0.774374 0.470072
0.788272 0.476178
0.786235 0.492329
0.792910 0.491314
0.805453 0.488042
0.812200 0.491297
0.813090 0.498033
0.814733 0.499430
0.822044 0.507570
0.826159 0.507681
0.835866 0.512839
0.836620 0.524366
0.835788 0.532606
0.844463 0.536322
0.843105 0.543811
0.837634 0.547307
0.844250 0.555704
0.843070 0.570209
0.842817 0.584584
0.849905 0.594435
0.860542 0.598237
0.873444 0.587704
0.881865 0.588791
0.879042 0.590328
0.876633 0.592376
0.874181 0.598035
0.857274 0.609524
0.826588 0.607514
0.834892 0.595555
0.840496 0.576091
0.840622 0.573217
0.837926 0.566950
0.831940 0.568727
0.823204 0.549781
0.821038 0.548438
0.817456 0.542190
0.818773 0.554585
0.816029 0.560834
0.811723 0.574891
0.824319 0.575766
0.817618 0.581510
0.817577 0.589290
0.807676 0.587605
0.797881 0.581163
0.790198 0.588921
0.786232 0.595729
0.786767 0.596544
0.790933 0.596254
0.790799 0.601143
0.793244 0.608178
0.783418 0.603215
0.777937 0.613285
0.776972 0.617909
0.787503 0.624882
0.794304 0.625689
0.796575 0.631607
0.814266 0.619151
0.817252 0.622677
0.822197 0.634509
0.822554 0.639476
0.829869 0.653244
0.825665 0.657416
0.806192 0.653751
0.797039 0.653491
0.793306 0.649000
0.790736 0.638360
0.785604 0.646867
0.791348 0.655664
0.800215 0.656282
0.812348 0.667549
0.810695 0.673483
0.820219 0.691988
0.828862 0.698223
0.846252 0.689190
0.850137 0.695145
0.853273 0.699536
0.843245 0.708837
0.838815 0.708442
0.818025 0.714545
0.840410 0.711182
0.858102 0.709757
0.860812 0.712111
0.867111 0.714746
0.870411 0.710010
0.876788 0.718113
0.879477 0.718497
0.875595 0.709107
0.883937 0.703852
0.873804 0.692780
0.872633 0.687889
0.875686 0.683494
0.870111 0.676225
0.854027 0.680183
0.847087 0.671709
0.855159 0.666965
0.841009 0.650486
0.832641 0.647922
0.833633 0.642957
0.840632 0.631820
0.847721 0.629679
0.850389 0.626835
0.850585 0.623123
0.857579 0.624839
0.855740 0.636306
0.853242 0.642825
0.855737 0.643149
0.876920 0.623722
0.875846 0.633487
0.884391 0.650949
0.886935 0.657359
0.877765 0.658115
0.881745 0.664729
0.880483 0.667285
0.877214 0.671747
0.883724 0.671583
0.891178 0.679610
0.891685 0.669231
0.896559 0.671116
0.906710 0.683035
0.915580 0.668257
0.898619 0.661562
0.904631 0.651818
0.898495 0.641919
0.901332 0.633481
0.897045 0.628988
0.903800 0.615893
0.903619 0.615254
0.907381 0.617399
0.908529 0.627336
0.915798 0.628782
0.915858 0.629554
0.917013 0.637889
0.933084 0.617242
0.932430 0.613171
0.943433 0.603136
0.941477 0.594401
0.952157 0.594042
0.964978 0.591856
0.973526 0.605494
0.983747 0.614348
0.999536 0.606239
0.997150 0.627616
0.976352 0.657124
0.975514 0.652300
0.973598 0.641851
0.973876 0.639008
0.969601 0.621440
0.960046 0.627001
0.958033 0.626898
0.952830 0.609767
0.942307 0.613566
0.938610 0.626931
0.952362 0.636443
0.941391 0.646315
0.916636 0.653801
0.930121 0.661471
0.943792 0.650828
0.960405 0.650010
0.954108 0.655879
0.948971 0.658831
0.954133 0.669999
0.941426 0.664784
0.933654 0.674767
0.932466 0.679860
0.925444 0.684491
0.916323 0.690727
0.898760 0.705269
0.901630 0.711918
0.910753 0.716150
0.909517 0.721411
0.898347 0.725388
0.894510 0.722129
0.890713 0.720927
0.888197 0.731575
0.883496 0.740004
0.886590 0.739259
0.891222 0.744457
0.896746 0.742298
0.910360 0.745362
0.916211 0.735041
0.921320 0.737858
0.928722 0.723001
0.941781 0.718708
0.949156 0.727840
0.948834 0.731766
0.953684 0.738536
0.959010 0.728075
0.952474 0.707534
0.971356 0.709415
0.979338 0.714162
0.979013 0.707681
0.983586 0.708556
0.982925 0.705366
0.987344 0.704253
0.995770 0.689690
0.997098 0.708151
0.986820 0.720951
0.979243 0.726029
0.981533 0.731654
0.979620 0.748802
0.983680 0.764398
0.970309 0.778605
0.954196 0.761620
0.951473 0.765073
0.945496 0.761201
0.934776 0.767698
0.937568 0.771756
0.943418 0.775085
0.955022 0.774341
0.949097 0.787114
0.954683 0.802095
0.998558 0.779150
0.998451 0.786525
0.999222 0.802192
0.992992 0.810545
0.992927 0.828893
0.994200 0.843822
0.980275 0.863604
0.970796 0.871483
0.983745 0.879871
0.984927 0.877005
0.996490 0.876401
0.995602 0.880335
0.996107 0.912990
0.992398 0.910564
0.993353 0.906212
0.987329 0.902060
0.981201 0.902266
0.971203 0.896729
0.965897 0.892364
0.965847 0.890161
0.968427 0.881270
0.966781 0.882179
0.956990 0.877805
0.951573 0.877607
0.952379 0.891274
0.946113 0.893611
0.958413 0.917622
0.973353 0.926369
0.959499 0.930063
0.959459 0.935803
0.956966 0.942538
0.956979 0.936970
0.953986 0.929168
0.948234 0.926569
0.936165 0.924847
0.940067 0.904395
0.937462 0.897795
0.915385 0.892078
0.900617 0.885608
0.910123 0.875203
0.914148 0.868728
0.918178 0.872911
0.921366 0.864968
0.926283 0.865416
0.922876 0.861431
0.921911 0.848582
0.911912 0.841503
0.898784 0.850262
0.892837 0.854652
0.880190 0.844566
0.888313 0.844748
0.899188 0.844711
0.900911 0.831391
0.896515 0.806425
0.887451 0.797810
0.884063 0.797250
0.894358 0.793065
0.894742 0.787047
0.901938 0.775401
0.902381 0.780207
0.913767 0.789411
0.918010 0.791939
0.920129 0.795238
0.906591 0.817982
0.918651 0.826294
0.938749 0.843179
0.950373 0.849841
0.942625 0.856693
0.939983 0.862746
0.934412 0.862792
0.934798 0.872284
0.931718 0.878167
0.940172 0.870510
0.955642 0.858284
0.962665 0.851469
0.959164 0.835249
0.952273 0.820968
0.946563 0.816516
0.944026 0.814925
0.936226 0.815846
0.939605 0.809348
0.940763 0.791160
0.930514 0.785926
0.926458 0.765074
0.918045 0.758709
0.918555 0.755950
0.907399 0.758787
0.904924 0.763996
0.896819 0.767135
0.887634 0.763866
0.878186 0.748554
0.867318 0.730193
0.852730 0.730933
0.842531 0.726378
0.840424 0.734090
0.822978 0.741081
0.831951 0.741821
0.838615 0.747846
0.859811 0.742664
0.864718 0.749265
0.865815 0.756251
0.871948 0.762900
0.858059 0.764635
0.847884 0.756909
0.845205 0.760044
0.849188 0.769123
0.867176 0.782975
0.862166 0.797708
0.871470 0.806530
0.857833 0.827334
0.856275 0.835552
0.864398 0.848327
0.857569 0.852023
0.856636 0.856338
0.859485 0.864088
0.866731 0.859270
0.885848 0.861971
0.880946 0.884183
0.867544 0.887608
0.872264 0.871351
0.862394 0.876239
0.850415 0.871553
0.854109 0.888925
0.861279 0.919167
0.858310 0.927460
0.867901 0.936788
0.873058 0.931053
0.882773 0.935963
0.892308 0.927408
0.877294 0.919740
0.873646 0.916506
0.874288 0.914028
0.879169 0.901410
0.882620 0.913560
0.911748 0.917721
0.914690 0.920857
0.924524 0.919701
0.917996 0.930880
0.918718 0.948840
0.918915 0.951221
0.922883 0.951399
0.934209 0.961569
0.949148 0.951309
0.953638 0.953778
0.952011 0.958419
0.955755 0.956324
0.964392 0.960064
0.965366 0.953882
0.965283 0.951953
0.988742 0.958133
0.984320 0.967922
0.996392 0.983089
0.995523 0.988882
0.989044 0.996397
0.975302 0.994399
0.971937 0.988610
0.976344 0.976115
0.968256 0.982343
0.966119 0.985835
0.958288 0.981710
0.951190 0.999667
0.928033 0.994844
0.918545 0.995081
0.914000 0.999032
0.910996 0.996746
0.913251 0.994685
0.927878 0.980202
0.914732 0.963203
0.903661 0.969352
0.899341 0.960939
0.898988 0.943098
0.892021 0.948070
0.885634 0.946369
0.886609 0.954110
0.878064 0.962367
0.862658 0.972568
0.854835 0.963207
0.855059 0.965756
0.855323 0.973840
0.871408 0.999175
0.855437 0.997664
0.814661 0.997103
0.804865 0.997181
0.795385 0.998979
0.773500 0.993657
0.752040 0.988967
0.739952 0.993053
0.730761 0.978509
0.729629 0.976743
0.726799 0.977537
0.724206 0.985556
0.719796 0.999277
0.713227 0.990281
0.707143 0.989591
0.714053 0.986882
0.717712 0.983826
0.719474 0.968922
0.716320 0.965537
0.717388 0.952822
0.715860 0.946292
0.716181 0.942990
0.735605 0.956474
0.748085 0.952859
0.758532 0.972881
0.772016 0.962759
0.791933 0.965169
0.794706 0.958952
0.798016 0.944876
0.803294 0.958656
0.804280 0.965223
0.804223 0.970277
0.797653 0.982185
0.812103 0.985377
0.816600 0.989272
0.824730 0.981358
0.826949 0.967580
0.817130 0.948713
0.832557 0.955728
0.841873 0.954904
0.845090 0.952255
0.854311 0.952889
0.845311 0.948517
0.835274 0.924801
0.825475 0.921555
0.821863 0.913863
0.813381 0.910024
0.830399 0.904770
0.833671 0.897670
0.817072 0.879181
0.814921 0.873018
0.835439 0.864714
0.821981 0.859689
0.800426 0.863273
0.799803 0.842720
0.797942 0.836830
0.795277 0.844614
0.783598 0.852148
0.772140 0.864805
0.774493 0.873071
0.783361 0.874467
0.782521 0.879898
0.801419 0.893526
0.793916 0.905648
0.801709 0.921423
0.808571 0.922043
0.809271 0.924177
0.802096 0.934253
0.792306 0.926992
0.788605 0.917909
0.773485 0.899292
0.777343 0.894009
0.768668 0.882179
0.750862 0.898737
0.756959 0.908383
0.773050 0.926658
0.786039 0.929159
0.786839 0.937581
0.786585 0.937876
0.777250 0.936341
0.761488 0.943922
0.757684 0.940080
0.738993 0.930797
0.736237 0.920227
0.738657 0.912803
0.726361 0.904877
0.736831 0.901417
0.737576 0.901366
0.734167 0.897416
0.738281 0.890414
0.735050 0.875699
0.727525 0.879065
0.719877 0.882209
0.718687 0.896064
0.705176 0.881664
0.710762 0.878802
0.712481 0.866107
0.713394 0.858393
0.731801 0.854914
0.726234 0.849045
0.720444 0.849212
0.720005 0.822845
0.724079 0.815341
0.725917 0.811153
0.726463 0.806452
0.730652 0.803905
0.734732 0.805212
0.743145 0.818300
0.737137 0.831548
0.737210 0.844130
0.745917 0.858344
0.755861 0.847197
0.770695 0.850995
0.783805 0.836284
0.783355 0.831820
0.779382 0.834988
0.772241 0.833367
0.774370 0.839103
0.772108 0.839634
0.767886 0.842164
0.760850 0.835902
0.753352 0.831683
0.754096 0.826559
0.750603 0.825670
0.751996 0.817314
0.757936 0.821986
0.763526 0.825236
0.773739 0.807234
0.791633 0.813333
0.802305 0.800139
0.800142 0.811289
0.810495 0.824446
0.810659 0.831152
0.813600 0.840964
0.828062 0.831080
0.828643 0.828701
0.825471 0.826712
0.839703 0.818765
0.838060 0.794061
0.825790 0.787272
0.814696 0.788394
0.809312 0.788742
0.812898 0.781606
0.821800 0.778441
0.826749 0.778658
0.828626 0.775340
0.837184 0.770500
0.821999 0.764949
0.819529 0.771624
0.819030 0.773764
0.814766 0.773380
0.806998 0.769394
0.802202 0.772228
0.791341 0.765194
0.799307 0.760695
0.799066 0.757041
0.804896 0.757002
0.803118 0.750602
0.799641 0.753242
0.783852 0.742072
0.775012 0.743462
0.770401 0.749326
0.768879 0.753416
0.773946 0.758357
0.773983 0.767376
0.764688 0.769151
0.764430 0.774908
0.781673 0.784316
0.775226 0.789521
0.773669 0.788765
0.753263 0.792875
0.751030 0.793995
0.740699 0.790975
0.738826 0.785774
0.746014 0.783181
0.755629 0.782530
0.749386 0.768110
0.744395 0.764815
0.732324 0.765887
0.741695 0.750281
0.743205 0.742581
0.756239 0.734974
0.759575 0.726584
0.746645 0.728718
0.714957 0.737611
0.710441 0.725495
0.711576 0.721998
0.702387 0.726713
0.704522 0.718266
0.712674 0.715507
0.716487 0.718802
0.720207 0.717510
0.726501 0.707247
0.731056 0.708858
0.736638 0.712008
0.752343 0.707599
0.767950 0.719960
0.771511 0.726794
0.774134 0.731539
0.779363 0.724514
0.783222 0.723491
0.798206 0.733697
0.795629 0.724072
0.797488 0.699633
0.799403 0.697375
0.802447 0.698247
0.810135 0.691439
0.790636 0.681880
0.791508 0.674644
0.788897 0.673792
0.788473 0.665184
0.779130 0.660119
0.775380 0.652326
0.763161 0.647131
0.767058 0.656907
0.764760 0.658206
0.752908 0.661873
0.758927 0.666636
0.771578 0.669587
0.772155 0.687177
0.780653 0.689278
0.778622 0.700923
0.774380 0.694609
0.754368 0.696784
0.753937 0.692085
0.742003 0.692189
0.722628 0.686389
0.729619 0.673121
0.722818 0.667963
0.722318 0.675792
0.714553 0.679596
0.711342 0.680501
0.707576 0.677886
0.704985 0.676305
0.693586 0.682080
0.700549 0.681752
0.719051 0.687725
0.717641 0.696454
0.705789 0.707648
0.699708 0.710186
0.686719 0.697815
0.681422 0.712865
0.685998 0.717712
0.686302 0.725616
0.684133 0.728352
0.684906 0.732874
0.669950 0.734509
0.668723 0.743165
0.678251 0.745287
0.666406 0.756785
0.659819 0.761214
0.653827 0.756516
0.648113 0.774924
0.645975 0.773789
0.646130 0.767195
0.643516 0.764811
0.635602 0.764986
0.643513 0.759885
0.645702 0.749025
0.627472 0.742398
0.635014 0.734998
0.649746 0.730439
0.648125 0.726093
0.640434 0.711086
0.654061 0.718142
0.665544 0.729678
0.673314 0.720537
0.669848 0.717934
0.671466 0.707813
0.653648 0.697413
0.640147 0.706399
0.625357 0.697453
0.623712 0.697372
0.624043 0.684180
0.623468 0.682468
0.626128 0.684135
0.632805 0.695603
0.638016 0.690727
0.654673 0.690110
0.672625 0.672264
0.671140 0.676716
0.674540 0.695298
0.683162 0.690820
0.680538 0.681376
0.683666 0.682354
0.684312 0.680153
0.688536 0.669053
0.693340 0.654930
0.684016 0.656898
0.677317 0.645240
0.669541 0.627815
0.662646 0.642469
0.669103 0.648511
0.663485 0.653477
0.658930 0.656843
0.637078 0.672077
0.632932 0.660741
0.628671 0.660260
0.612915 0.664371
0.610946 0.679422
0.608066 0.692555
0.605522 0.702212
0.600648 0.700416
0.586379 0.712803
0.572096 0.707807
0.578187 0.701020
0.563671 0.685049
0.550829 0.688526
0.555466 0.699655
0.552811 0.719103
0.559642 0.741498
0.555536 0.741080
0.553907 0.747939
0.541880 0.749623
0.538459 0.754783
0.537091 0.756172
0.535911 0.733444
0.523669 0.728602
0.527925 0.723977
0.531748 0.719875
0.513694 0.702909
0.516192 0.693143
0.511507 0.681969
0.501436 0.668309
0.518972 0.669110
0.522360 0.679312
0.521976 0.681549
0.539302 0.699844
0.546960 0.693595
0.546374 0.675645
0.569243 0.659413
0.569584 0.656652
0.574873 0.647871
0.579387 0.658084
0.583693 0.658809
0.580742 0.666496
0.577603 0.672096
0.585703 0.664605
0.591875 0.657736
0.602206 0.649572
0.606552 0.631210
0.602562 0.632722
0.602121 0.630545
0.595165 0.623731
0.601116 0.615307
0.597598 0.609020
0.609218 0.601490
0.613655 0.591016
0.604312 0.588560
0.602287 0.593085
0.576589 0.585977
0.594937 0.573658
0.588824 0.572047
0.576344 0.568579
0.583349 0.556460
0.578354 0.552027
0.568860 0.547753
0.562383 0.545096
0.563656 0.542082
0.561676 0.541064
0.550388 0.538615
0.551714 0.535782
0.544243 0.527986
0.556889 0.529133
0.561282 0.528016
0.564463 0.530591
0.562871 0.531326
0.559902 0.533256
0.566822 0.537680
0.580539 0.534003
0.590470 0.543459
0.608087 0.563975
0.612532 0.555526
0.616763 0.546659
0.619842 0.548779
0.624012 0.544811
0.631813 0.555741
0.623534 0.555494
0.620960 0.561199
0.622218 0.583054
0.637949 0.578355
0.637127 0.583640
0.642292 0.601452
0.638145 0.604413
0.635868 0.607055
0.629150 0.608126
0.630539 0.620350
0.613060 0.644661
0.626856 0.640546
0.637907 0.644515
0.646025 0.625985
0.665933 0.607716
0.675401 0.606902
0.698394 0.627230
0.695047 0.644101
0.709193 0.643987
0.708512 0.640423
0.713033 0.638067
0.717671 0.652839
0.727218 0.648380
0.727905 0.640924
0.733180 0.641520
0.735664 0.646160
0.735142 0.650113
0.739497 0.643283
0.744026 0.622714
0.741829 0.616484
0.723601 0.615372
0.713496 0.616987
0.714151 0.608687
0.720104 0.602414
0.703092 0.597379
0.705502 0.591529
0.705168 0.583482
0.690763 0.590750
0.675106 0.597807
0.659790 0.604111
0.647953 0.580205
0.655112 0.579277
0.662781 0.573710
0.651954 0.568669
0.637153 0.563008
0.642172 0.554149
0.659035 0.552529
0.656546 0.548919
0.654083 0.545108
0.662398 0.542018
0.677197 0.540009
0.671799 0.548835
0.656147 0.558836
0.652890 0.564099
0.654461 0.566116
0.662487 0.561862
0.676662 0.568524
0.674505 0.554515
0.686642 0.554040
0.697136 0.572700
0.708678 0.564997
0.726485 0.575816
0.749534 0.560943
0.760650 0.568182
0.749475 0.577563
0.750331 0.584799
0.747629 0.600888
0.765209 0.610561
0.764316 0.597347
0.774649 0.587095
0.772546 0.583907
0.774953 0.582802
0.782837 0.565840
0.783695 0.561801
0.795189 0.556642
0.808893 0.548927
0.791024 0.543477
0.790488 0.541403
0.786223 0.542357
0.787406 0.534698
0.790144 0.536011
0.802967 0.524217
0.806977 0.517444
0.798370 0.517301
0.796273 0.513691
0.790382 0.521006
0.773178 0.520818
0.774948 0.512093
0.778677 0.502786
0.772460 0.503130
0.769283 0.499870
0.766488 0.514667
0.764429 0.511683
0.752681 0.502253
0.751673 0.475925
0.735044 0.497142
0.736621 0.501640
0.730523 0.499891
0.728773 0.499396
0.721330 0.502988
0.717182 0.490786
0.720095 0.485003
0.699602 0.488647
0.693679 0.489826
0.703910 0.496141
0.699449 0.499566
0.693841 0.505687
0.698829 0.508371
0.713961 0.520288
0.728703 0.523133
0.730001 0.521226
0.730860 0.509502
0.742122 0.520733
0.762926 0.518516
0.753009 0.538150
0.752065 0.545213
0.741810 0.538149
0.739975 0.542925
0.742156 0.544278
0.738174 0.549232
0.726479 0.542504
0.725179 0.541967
0.720600 0.544502
0.721687 0.530439
0.707720 0.530077
0.682061 0.529882
0.679221 0.525579
0.679377 0.510936
0.673059 0.518537
0.660075 0.529301
0.659427 0.534134
0.651933 0.528324
0.647509 0.522889
0.652273 0.509556
0.645362 0.497250
0.643701 0.495648
0.635112 0.507958
0.629619 0.507601
0.629950 0.520562
0.624979 0.530407
0.623751 0.538441
0.616074 0.536003
0.615463 0.525007
0.608885 0.527372
0.606280 0.513187
0.613510 0.502011
0.604818 0.493888
0.588766 0.495820
0.584177 0.495202
0.575338 0.482198
0.579914 0.495383
0.579432 0.499556
0.596054 0.515670
0.589218 0.519986
0.572832 0.514061
0.563334 0.515951
0.564216 0.520068
0.554625 0.521748
0.552576 0.509662
0.551311 0.500663
0.548324 0.485965
0.539092 0.506544
0.535672 0.507208
0.525517 0.521386
0.513312 0.510273
0.520568 0.499889
0.516276 0.490139
0.502647 0.489121
0.500005 0.491500
0.480377 0.484098
0.492199 0.497395
0.493775 0.506268
0.485733 0.509794
0.473146 0.510054
0.458077 0.499816
0.450544 0.494981
0.445440 0.480213
0.464391 0.468881
0.442135 0.468130
0.431774 0.469139
0.425966 0.472520
0.429251 0.460302
0.420807 0.460033
0.418008 0.449626
0.427487 0.449337
0.422223 0.438546
0.425803 0.433787
0.422753 0.426808
0.431861 0.424224
0.427288 0.420178
0.414973 0.422579
0.402219 0.413353
0.400937 0.410189
0.397270 0.414258
0.396227 0.416182
0.399643 0.417584
0.401630 0.422600
0.405403 0.424555
0.404348 0.436336
0.401244 0.433025
0.389102 0.425430
0.386666 0.421240
0.385160 0.417364
0.381021 0.407018
0.376425 0.389651
0.372591 0.388988
0.364326 0.389824
0.357996 0.395169
0.355762 0.399298
0.355744 0.409311
0.366463 0.408767
0.370507 0.417269
0.375068 0.423162
0.358834 0.423088
0.341363 0.410130
0.328693 0.410798
0.334099 0.425301
0.319305 0.421080
0.302948 0.415768
0.294698 0.415446
0.305292 0.400470
0.317034 0.406463
0.328504 0.392761
0.339469 0.386865
0.338367 0.381264
0.331002 0.388942
0.304294 0.387206
0.293578 0.380880
0.281618 0.382780
0.283430 0.377388
0.284880 0.354313
0.278140 0.342100
0.279245 0.339612
0.289263 0.339620
0.291205 0.337359
0.308819 0.340585
0.310027 0.342601
0.322984 0.354340
0.337835 0.365715
0.341717 0.362950
0.331937 0.341310
0.322224 0.328908
0.312999 0.324543
0.294693 0.310028
0.289031 0.316230
0.285187 0.306038
0.294915 0.298417
0.305594 0.303986
0.314238 0.276506
0.316991 0.271664
0.319192 0.261640
0.318669 0.278025
0.320647 0.294269
0.311682 0.306906
0.316246 0.315358
0.319362 0.306553
0.338423 0.304186
0.356518 0.304971
0.367998 0.297616
0.368659 0.293341
0.367523 0.290559
0.358800 0.289397
0.347625 0.287817
0.336935 0.292177
0.339939 0.287508
0.345460 0.277960
0.359922 0.269188
0.344776 0.259171
0.334877 0.257276
0.323620 0.248070
0.311224 0.237738
0.309274 0.219211
0.309941 0.211974
0.295815 0.222016
0.296192 0.234428
0.296196 0.241719
0.302105 0.253171
0.286435 0.246988
0.286359 0.254641
0.287854 0.257460
0.257613 0.263981
0.254415 0.264424
0.256147 0.259938
0.253993 0.259354
0.255073 0.256214
0.266972 0.246772
0.274548 0.244725
0.274014 0.240793
0.270768 0.233823
0.258886 0.236452
0.260627 0.231152
0.263526 0.222246
0.239889 0.221669
0.234375 0.227860
0.236045 0.230151
0.238820 0.234712
0.235498 0.237109
0.237385 0.241550
0.234825 0.244839
0.219992 0.247959
0.215554 0.245697
0.201270 0.273204
0.198898 0.278354
0.177169 0.263369
0.163284 0.270891
0.160460 0.283042
0.177898 0.304400
0.201995 0.296723
0.206673 0.296952
0.202824 0.290735
0.204756 0.281227
0.206065 0.275331
0.216235 0.279769
0.219663 0.277793
0.219625 0.285092
0.232672 0.278333
0.240830 0.278398
0.271055 0.279469
0.274921 0.280817
0.268322 0.285700
0.269219 0.286765
0.270774 0.291464
0.263421 0.292760
0.265419 0.296265
0.268074 0.303227
0.263583 0.311505
0.262249 0.314066
0.272944 0.322693
0.245176 0.338120
0.243684 0.313778
0.232054 0.310194
0.230462 0.300385
0.229694 0.296929
0.222561 0.291582
0.223131 0.306509
0.222619 0.314901
0.205348 0.309815
0.199864 0.311224
0.201160 0.320613
0.198091 0.325273
0.220773 0.332821
0.214502 0.354441
0.212283 0.370050
0.229114 0.349978
0.234120 0.351741
0.236323 0.349958
0.246266 0.343505
0.242829 0.353554
0.248583 0.357522
0.237462 0.364990
0.236384 0.380130
0.263027 0.369645
0.259568 0.394450
0.255566 0.405589
0.251029 0.416033
0.238582 0.402794
0.225365 0.413206
0.227173 0.427768
0.225384 0.431081
0.219388 0.436834
0.216487 0.427136
0.206756 0.435987
0.199583 0.433704
0.205316 0.444352
0.195001 0.446224
0.205534 0.474397
0.213893 0.470630
0.229186 0.480786
0.241645 0.478924
0.248536 0.487588
0.233362 0.495549
0.225311 0.498257
0.218637 0.498905
0.221761 0.509566
0.242748 0.513327
0.236709 0.517544
0.232904 0.518092
0.220411 0.520495
0.215465 0.520093
0.210433 0.516737
0.205314 0.517928
0.194784 0.516614
0.198645 0.523622
0.202300 0.523933
0.205730 0.530104
0.193104 0.529928
0.190517 0.529496
0.181560 0.524485
0.173017 0.523527
0.153943 0.520774
0.138912 0.531179
0.140185 0.523370
0.144487 0.506639
0.146977 0.510614
0.159888 0.514213
0.167857 0.503979
0.159825 0.507201
0.158329 0.507296
0.148727 0.497728
0.156909 0.474915
0.168605 0.477362
0.172213 0.484593
0.170903 0.491039
0.173696 0.485739
0.175485 0.484415
0.177740 0.481812
0.182785 0.472452
0.191790 0.467589
0.174801 0.464847
0.172877 0.457070
0.165105 0.452200
0.161874 0.468867
0.154841 0.464220
0.149538 0.474824
0.147753 0.468764
0.148500 0.468416
0.149369 0.461182
0.138579 0.447718
0.156856 0.439889
0.158106 0.439336
0.161704 0.442243
0.170455 0.445710
0.171591 0.447832
0.183163 0.446153
0.190949 0.430263
0.176662 0.435442
0.174613 0.432534
0.177669 0.420037
0.175532 0.414391
0.173113 0.417002
0.161016 0.424343
0.154611 0.403966
0.165637 0.411397
0.169271 0.408301
0.181171 0.402091
0.186877 0.401613
0.190810 0.401172
0.192341 0.405123
0.200244 0.398666
0.198803 0.395788
0.194485 0.380714
0.196981 0.371452
0.176320 0.375852
0.176211 0.363813
0.188734 0.347424
0.196904 0.339074
0.183741 0.336502
0.177504 0.339175
0.170728 0.345874
0.167860 0.346579
0.168531 0.338506
0.165924 0.336626
0.173830 0.335490
0.180272 0.331185
0.185428 0.328542
0.184968 0.319398
0.169363 0.310770
0.150080 0.314548
0.147722 0.328897
0.143932 0.334436
0.157448 0.358235
0.152454 0.367605
0.138795 0.368504
0.136263 0.360313
0.132284 0.359513
0.128361 0.370866
0.121402 0.361417
0.126194 0.356727
0.111616 0.348433
0.094803 0.353561
0.096136 0.344531
0.091750 0.328086
0.077180 0.332337
0.066509 0.333988
0.050673 0.339132
0.043933 0.345628
0.051944 0.350457
0.052887 0.360811
0.037860 0.373234
0.036737 0.384166
0.035810 0.390194
0.037271 0.388132
0.041448 0.381781
0.054828 0.380640
0.057690 0.377965
0.060170 0.368600
0.058708 0.358336
0.065090 0.349708
0.083355 0.355303
0.084309 0.372637
0.101076 0.367386
0.103200 0.371391
0.105155 0.379962
0.116640 0.377432
0.116824 0.379311
0.121080 0.384855
0.113447 0.393777
0.128278 0.394044
0.134666 0.389839
0.136199 0.389285
0.138442 0.390853
0.147673 0.393619
0.145296 0.408631
0.139867 0.406895
0.138738 0.418266
0.135693 0.422990
0.130451 0.423172
0.133283 0.428910
0.128977 0.429403
0.125133 0.434077
0.121967 0.441986
0.120236 0.456404
0.122960 0.461674
0.113455 0.454743
0.107594 0.450416
0.111546 0.461754
0.104025 0.463903
0.095260 0.462693
0.084933 0.469515
0.086659 0.481857
0.097834 0.476932
0.108516 0.473546
0.107986 0.474515
0.108406 0.477999
0.122445 0.485499
0.136406 0.486704
0.139342 0.484994
0.134855 0.497679
0.123085 0.493751
0.121302 0.516612
0.123126 0.523630
0.096218 0.542531
0.104469 0.544442
0.113643 0.546690
0.115543 0.550403
0.121183 0.543252
0.160677 0.553486
0.178545 0.560813
0.185875 0.562402
0.184583 0.568485
0.177275 0.570158
0.182226 0.576784
0.171549 0.597236
0.172392 0.602220
0.188267 0.597636
0.187638 0.590125
0.189528 0.583276
0.197978 0.567086
0.202758 0.576841
0.205849 0.584781
0.198155 0.594747
0.211438 0.609292
0.212516 0.607512
0.215701 0.601889
0.225200 0.601660
0.228279 0.604790
0.236090 0.614210
0.250232 0.615324
0.257746 0.615919
0.244940 0.639268
0.261662 0.630775
0.269868 0.636020
0.269517 0.622349
0.272706 0.601192
0.261819 0.592247
0.271270 0.572080
0.277220 0.573349
0.274425 0.562357
0.276681 0.561312
0.287546 0.565084
0.289225 0.560011
0.312179 0.572659
0.319167 0.572976
0.320299 0.573932
0.341500 0.566317
0.343110 0.572528
0.351476 0.571234
0.353725 0.559235
0.349569 0.558098
0.353938 0.544576
0.338250 0.556574
0.328884 0.540910
0.322030 0.536557
0.343532 0.533435
0.339334 0.522704
0.336582 0.511103
0.347866 0.519820
0.350036 0.518471
0.363723 0.520855
0.369849 0.516839
0.349418 0.503466
0.356870 0.492328
0.345286 0.482925
0.344244 0.481205
0.341362 0.479430
0.339777 0.487742
0.331715 0.488930
0.325911 0.498241
0.325914 0.498801
0.325536 0.504670
0.320325 0.520027
0.309270 0.501049
0.304873 0.495031
0.308145 0.507264
0.305410 0.512892
0.295452 0.512425
0.297688 0.515303
0.298896 0.516209
0.293925 0.526263
0.292465 0.539902
0.297274 0.551561
0.295944 0.554374
0.278832 0.549886
0.281290 0.547974
0.280377 0.540645
0.271371 0.536614
0.266285 0.549719
0.250065 0.543495
0.242057 0.549194
0.247335 0.554078
0.254494 0.558059
0.258695 0.557744
0.254131 0.577651
0.242324 0.581714
0.232093 0.584100
0.237684 0.576712
0.229335 0.569619
0.221046 0.557060
0.209013 0.560911
0.201169 0.551745
0.209192 0.534600
0.213208 0.537666
0.222265 0.545463
0.232524 0.528669
0.238226 0.524046
0.256929 0.537054
0.258861 0.529704
0.277949 0.524575
0.282901 0.512814
0.283909 0.507932
0.261864 0.490211
0.257990 0.474749
0.264894 0.479381
0.275414 0.479970
0.273091 0.470774
0.273058 0.461974
0.263243 0.463628
0.249880 0.436701
0.248396 0.423846
0.261912 0.431594
0.270115 0.416421
0.288517 0.419896
0.291273 0.428827
0.282473 0.439898
0.301650 0.431717
0.304230 0.432763
0.307030 0.433498
0.308778 0.434937
0.313874 0.435187
0.318175 0.454710
0.289917 0.456045
0.286976 0.470103
0.283685 0.478475
0.285699 0.478974
0.301854 0.493655
0.303195 0.481720
0.297218 0.478915
0.303348 0.471952
0.306017 0.472513
0.312123 0.471397
0.313218 0.467248
0.318231 0.462645
0.337056 0.462811
0.341801 0.465190
0.355144 0.453299
0.367504 0.448834
0.368551 0.443610
0.377386 0.451280
0.372332 0.457690
0.369128 0.489186
0.374315 0.497057
0.381471 0.494049
0.379983 0.489722
0.382468 0.479011
0.389187 0.480979
0.393337 0.480247
0.408365 0.469153
0.428787 0.495323
0.444767 0.513325
0.440212 0.517966
0.439458 0.524571
0.447901 0.537622
0.432741 0.554995
0.435120 0.573063
0.426808 0.573089
0.428044 0.587639
0.424023 0.586160
0.419103 0.583369
0.419811 0.561860
0.417723 0.558600
0.426046 0.553034
0.418946 0.543325
0.423953 0.537181
0.437229 0.525473
0.434585 0.519984
0.429542 0.519314
0.428332 0.514546
0.418615 0.513488
0.418909 0.518677
0.395060 0.522553
0.390806 0.525717
0.389880 0.519516
0.395223 0.509847
0.386350 0.501361
0.386221 0.507414
0.374875 0.514522
0.376092 0.520928
0.382530 0.521069
0.382919 0.537451
0.381651 0.536836
0.379514 0.535540
0.375362 0.536684
0.370156 0.556380
0.369747 0.557294
0.363192 0.560364
0.365387 0.582978
0.367619 0.587555
0.379392 0.584104
0.375213 0.571983
0.384674 0.563403
0.385523 0.561034
0.392287 0.557928
0.392998 0.569469
0.397616 0.581413
0.392829 0.594086
0.394528 0.604559
0.405127 0.599062
0.410985 0.600144
0.409494 0.606588
0.398823 0.612691
0.401396 0.622256
0.410469 0.630775
0.413836 0.625564
0.419816 0.621289
0.419828 0.612285
0.442272 0.632165
0.443426 0.634693
0.446458 0.617860
0.445633 0.610399
0.441260 0.607293
0.450449 0.598886
0.448018 0.609019
0.450858 0.609510
0.467417 0.613489
0.477307 0.609158
0.459610 0.592155
0.464391 0.584493
0.473204 0.572268
0.471584 0.558374
0.472512 0.555037
0.466663 0.544505
0.462084 0.529300
0.466484 0.534343
0.473933 0.535994
0.476005 0.536311
0.476600 0.536871
0.471088 0.546230
0.480424 0.556128
0.484174 0.562682
0.484032 0.581531
0.482171 0.589451
0.488110 0.584904
0.493077 0.580660
0.501746 0.573234
0.506054 0.569570
0.521805 0.582761
0.512499 0.559805
0.520451 0.553211
0.520174 0.551156
0.528614 0.541734
0.539087 0.561945
0.550417 0.565033
0.561333 0.569975
0.561554 0.575156
0.572044 0.587591
0.572377 0.595369
0.568620 0.600964
0.584536 0.611894
0.577077 0.612710
0.572172 0.616940
0.570578 0.617556
0.547644 0.607360
0.552707 0.593843
0.542068 0.575130
0.540214 0.588635
0.543491 0.603257
0.528619 0.599308
0.512798 0.597774
0.525344 0.612705
0.537379 0.630218
0.539785 0.632298
0.518396 0.650781
0.501773 0.617358
0.494545 0.622185
0.489996 0.628765
0.485404 0.632657
0.476236 0.634768
0.492871 0.661165
0.489375 0.660359
0.481765 0.665876
0.474248 0.665405
0.457830 0.672078
0.455695 0.673614
0.453587 0.669331
0.450165 0.665393
0.454218 0.643803
0.442930 0.654736
0.433343 0.659859
0.430489 0.640392
0.423630 0.646211
0.416991 0.638812
0.400874 0.644979
0.400133 0.637324
0.383735 0.612159
0.374476 0.609646
0.361521 0.614064
0.357771 0.603704
0.352497 0.595833
0.343698 0.585635
0.337584 0.579048
0.329078 0.596141
0.320907 0.608010
0.316937 0.602579
0.306645 0.588374
0.303687 0.601366
0.291704 0.601429
0.287306 0.604535
0.297724 0.614300
0.297561 0.638253
0.307663 0.639936
0.315357 0.626253
0.323663 0.637547
0.339315 0.627643
0.337879 0.604605
0.361225 0.623431
0.362765 0.636900
0.356532 0.648267
0.368182 0.650469
0.368701 0.678936
0.377966 0.679751
0.383045 0.660713
0.403094 0.646113
0.408000 0.656150
0.423091 0.661293
0.421901 0.664883
0.415331 0.671949
0.401554 0.669769
0.394591 0.662915
0.396440 0.670630
0.400430 0.690003
0.421913 0.691596
0.436666 0.702923
0.444882 0.702375
0.442358 0.692209
0.451133 0.684751
0.456563 0.688327
0.461250 0.687379
0.451209 0.701293
0.459402 0.714882
0.468075 0.706661
0.472145 0.683450
0.474014 0.684621
0.482696 0.689594
0.489205 0.680667
0.497160 0.687831
0.497883 0.687740
0.497939 0.689587
0.493705 0.692473
0.498380 0.693781
0.503364 0.695453
0.495073 0.720612
0.484884 0.722082
0.480405 0.724337
0.472647 0.731716
0.464025 0.719311
0.455172 0.717175
0.461660 0.732225
0.460935 0.736658
0.448044 0.742028
0.447033 0.750714
0.474057 0.749985
0.477206 0.745799
0.478142 0.744323
0.478715 0.744265
0.483607 0.743963
0.491352 0.742807
0.504705 0.741661
0.493685 0.752814
0.489823 0.761643
0.478484 0.769447
0.462977 0.765710
0.457545 0.772978
0.447819 0.773787
0.439018 0.777683
0.435516 0.772416
0.431980 0.767823
0.431242 0.760022
0.409507 0.768456
0.406716 0.768931
0.410219 0.772526
0.411740 0.779082
0.401732 0.780202
0.391083 0.771299
0.376076 0.762265
0.374072 0.777674
0.363685 0.779793
0.373521 0.803892
0.354411 0.815751
0.352266 0.819736
0.382657 0.826213
0.394503 0.830332
0.381178 0.851861
0.388368 0.851139
0.398139 0.859686
0.388712 0.867008
0.377395 0.863972
0.371301 0.865215
0.376060 0.876715
0.385414 0.876529
0.389041 0.884160
0.402919 0.888618
0.394245 0.894347
0.395940 0.900902
0.417320 0.903121
0.424823 0.882111
0.431897 0.867268
0.447719 0.863898
0.450618 0.837579
0.445540 0.837025
0.440904 0.840086
0.437115 0.827058
0.436553 0.833523
0.428492 0.846825
0.433300 0.852090
0.430050 0.854661
0.428315 0.853869
0.428404 0.858223
0.418102 0.856840
0.418473 0.852856
0.416925 0.848474
0.414023 0.842347
0.405372 0.841381
0.410732 0.822120
0.390535 0.816327
0.403922 0.810784
0.410785 0.806341
0.424092 0.813709
0.430916 0.808389
0.440340 0.801211
0.440859 0.800405
0.431878 0.786741
0.447406 0.789873
0.462364 0.795225
0.470844 0.794650
0.470101 0.799148
0.458103 0.802927
0.452681 0.812212
0.459352 0.821914
0.475328 0.830700
0.476256 0.836127
0.487698 0.831530
0.489400 0.816298
0.492670 0.808350
0.485848 0.806249
0.479122 0.788744
0.476790 0.785366
0.482056 0.781389
0.491992 0.778914
0.495205 0.771239
0.502031 0.773946
0.502331 0.774972
0.505835 0.804465
0.509077 0.804341
0.515272 0.794216
0.517467 0.787282
0.523547 0.792763
0.523536 0.785753
0.523428 0.770766
0.528698 0.760224
0.540951 0.777749
0.546784 0.787018
0.549457 0.797874
0.541347 0.801236
0.550404 0.813142
0.558222 0.804047
0.564566 0.806407
0.564718 0.796626
0.565597 0.787271
0.559916 0.773260
0.562750 0.768783
0.571373 0.761145
0.576323 0.760121
0.576569 0.758457
0.580109 0.747884
0.588206 0.730800
0.598412 0.737396
0.596841 0.740714
0.594544 0.745694
0.611567 0.749484
0.601157 0.760051
0.570549 0.777067
0.577726 0.779579
0.590361 0.792787
0.592256 0.798130
0.590075 0.805234
0.608225 0.798668
0.616399 0.779999
0.610018 0.765853
0.628189 0.779982
0.635043 0.780506
0.641953 0.780931
0.640899 0.794721
0.638251 0.802170
0.644948 0.798258
0.651910 0.782785
0.651653 0.779963
0.671001 0.782701
0.673771 0.786405
0.693133 0.784332
0.687467 0.777304
0.688783 0.773893
0.691072 0.766623
0.693788 0.761251
0.689345 0.757826
0.710745 0.750072
0.716364 0.752287
0.705273 0.761972
0.709977 0.768385
0.725741 0.767644
0.714406 0.781848
0.700262 0.774674
0.704289 0.782811
0.703692 0.803219
0.693907 0.818834
0.689840 0.814080
0.684557 0.814560
0.685333 0.805601
0.673315 0.808903
0.653399 0.810234
0.642521 0.812730
0.636802 0.819315
0.634172 0.822863
0.636545 0.825640
0.629612 0.834489
0.632292 0.835034
0.635085 0.842185
0.638270 0.830550
0.644131 0.827853
0.663021 0.818442
0.665069 0.821641
0.668427 0.822958
0.671491 0.840301
0.672802 0.856136
0.673409 0.861364
0.683131 0.850323
0.696597 0.848137
0.694708 0.850430
0.697078 0.865256
0.682527 0.871327
0.673480 0.879580
0.673612 0.885264
0.669895 0.897582
0.680714 0.897643
0.684118 0.897096
0.692830 0.905927
0.708547 0.918073
0.703119 0.930041
0.705582 0.936862
0.709090 0.949621
0.697830 0.959938
0.695736 0.974646
0.694845 0.976469
0.702047 0.984228
0.679389 0.996290
0.678441 0.993770
0.669332 0.997512
0.669331 0.997358
0.660712 0.974111
0.650508 0.976969
0.656066 0.994195
0.637582 0.998302
0.634475 0.983091
0.632584 0.983102
0.628084 0.970675
0.635054 0.956427
0.644271 0.947526
0.649127 0.950544
0.658375 0.951791
0.661651 0.944458
0.668525 0.948796
0.671124 0.953763
0.679290 0.943644
0.675780 0.936434
0.665522 0.929226
0.646200 0.923664
0.638535 0.927752
0.633542 0.951020
0.629670 0.954216
0.625153 0.961203
0.607965 0.979636
0.604508 0.975924
0.589949 0.973842
0.588812 0.974012
0.581815 0.972658
0.585903 0.981364
0.586341 0.992549
0.579929 0.993708
0.567227 0.982157
0.555362 0.996265
0.528542 0.990403
0.538521 0.984357
0.542235 0.978698
0.539782 0.976596
0.548393 0.962231
0.553069 0.955418
0.563041 0.958428
0.578818 0.959610
0.594155 0.963388
0.585605 0.953335
0.582953 0.947164
0.598637 0.929598
0.604530 0.923302
0.591797 0.927874
0.571265 0.941192
0.559444 0.931498
0.566131 0.923906
0.568000 0.912007
0.573083 0.909024
0.595966 0.912713
0.603102 0.907535
0.606869 0.904066
0.610758 0.913397
0.620261 0.913210
0.620453 0.894243
0.631928 0.894109
0.637501 0.862275
0.635236 0.853955
0.621838 0.871147
0.612290 0.864786
0.611145 0.858830
0.618301 0.849112
0.614936 0.839089
0.602618 0.837100
0.598392 0.844372
0.596272 0.840106
0.590867 0.829761
0.597330 0.823017
0.601530 0.816698
0.604386 0.809982
0.595031 0.813710
0.574622 0.822569
0.580792 0.828888
0.585875 0.837946
0.590823 0.836833
0.589673 0.848045
0.597621 0.855902
0.588572 0.858371
0.588969 0.882112
0.583594 0.891464
0.582226 0.881288
0.579491 0.877042
0.574393 0.872464
0.569962 0.872828
0.561326 0.880825
0.557484 0.880157
0.559591 0.872310
0.559437 0.855518
0.540855 0.860147
0.549575 0.875825
0.537056 0.875731
0.517648 0.886197
0.530378 0.903210
0.524006 0.907111
0.528931 0.915676
0.535109 0.920543
0.546404 0.908447
0.552096 0.902322
0.559588 0.887955
0.572821 0.897050
0.562857 0.903545
0.556826 0.915590
0.541713 0.920264
0.538049 0.933491
0.536357 0.933515
0.532292 0.948839
0.533220 0.949096
0.534751 0.956511
0.539532 0.963262
0.535109 0.962046
0.520295 0.964741
0.526243 0.937346
0.516647 0.922697
0.513000 0.924281
0.512285 0.931743
0.512066 0.939153
0.512272 0.950629
0.505454 0.950025
0.502039 0.951891
0.487104 0.956244
0.499502 0.960855
0.509502 0.957561
0.510413 0.976716
0.514516 0.982091
0.520069 0.997463
0.502185 0.980179
0.493311 0.987970
0.490955 0.991072
0.458666 0.995592
0.467505 0.974330
0.455723 0.957856
0.454866 0.950297
0.458220 0.935052
0.465120 0.937777
0.474762 0.954137
0.486854 0.938313
0.481110 0.933521
0.479496 0.927909
0.501655 0.914830
0.493389 0.904961
0.498672 0.887162
0.480195 0.889796
0.486830 0.879300
0.483406 0.870525
0.490260 0.874487
0.494517 0.873597
0.509364 0.856654
0.527872 0.845640
0.538252 0.847210
0.529554 0.826632
0.506722 0.843013
0.483088 0.860193
0.473791 0.853639
0.469045 0.860482
0.477277 0.862835
0.470458 0.878526
0.472565 0.880335
0.472092 0.882472
0.458602 0.882614
0.450563 0.877875
0.448458 0.875344
0.451141 0.883423
0.441755 0.887179
0.442647 0.888395
0.441020 0.899049
0.439072 0.908628
0.447179 0.902136
0.447930 0.903981
0.449802 0.906845
0.459802 0.908353
0.471935 0.905835
0.474675 0.908309
0.471634 0.907898
0.454627 0.913516
0.455178 0.918018
0.449120 0.925545
0.448082 0.931876
0.438030 0.933333
0.434156 0.941569
0.431804 0.937185
0.428418 0.930580
0.416280 0.930900
0.406200 0.932991
0.410614 0.935635
0.412979 0.950282
0.417348 0.951176
0.419955 0.958229
0.430103 0.960423
0.438704 0.947096
0.444451 0.955752
0.441633 0.959418
0.448719 0.989796
0.438285 0.998980
0.435188 0.991705
0.419877 0.993136
0.418660 0.986226
0.412561 0.983803
0.399535 0.983154
0.398843 0.971282
0.380412 0.974299
0.377193 0.975175
0.374972 0.982263
0.386981 0.991295
0.377936 0.996330
0.372091 0.997370
0.354304 0.987269
0.347940 0.956272
0.348392 0.935038
0.358054 0.932104
0.359223 0.928803
0.355673 0.925774
0.361125 0.922196
0.367855 0.924699
0.371190 0.931951
0.366389 0.941271
0.377130 0.932294
0.383810 0.928356
0.389244 0.934289
0.392410 0.922188
0.376556 0.909496
0.368159 0.910617
0.364186 0.910727
0.357708 0.898235
0.345905 0.890340
0.345402 0.890199
0.335854 0.901791
0.334336 0.918375
0.331224 0.924116
0.328523 0.924231
0.332509 0.928876
0.335126 0.932683
0.336190 0.945879
0.333574 0.953155
0.329435 0.947414
0.324217 0.952047
0.320347 0.967050
0.332446 0.976322
0.334662 0.981543
0.341041 0.990290
0.322768 0.997583
0.306748 0.999701
0.293558 0.998643
0.283722 0.983436
0.271920 0.985397
0.260495 0.988993
0.264894 0.981176
0.272112 0.979655
0.306433 0.968973
0.305277 0.964119
0.303034 0.953732
0.303591 0.948640
0.314487 0.940587
0.276561 0.942194
0.278713 0.959579
0.274179 0.957719
0.271574 0.951626
0.265653 0.945705
