0.518424 0.976988
0.515184 0.995409
0.500675 0.998076
0.503268 0.990784
0.505693 0.989352
0.503508 0.988592
0.498989 0.987662
0.500192 0.985134
0.497762 0.980639
0.496466 0.979970
0.478875 0.982122
0.473064 0.995435
0.470841 0.974252
0.462509 0.965012
0.462002 0.968184
0.457961 0.972993
0.454514 0.983732
0.446741 0.997632
0.433210 0.992898
0.427848 0.998452
0.428739 0.989102
0.436581 0.984540
0.438856 0.975623
0.441962 0.972176
0.445933 0.972059
0.445255 0.948901
0.427719 0.934616
0.423410 0.929782
0.419987 0.909439
0.415410 0.921319
0.411636 0.932049
0.412374 0.934526
0.404307 0.931292
0.396198 0.924849
0.395876 0.918211
0.382640 0.927847
0.370147 0.928616
0.380298 0.920262
0.386848 0.906784
0.376370 0.903116
0.382360 0.887013
0.391367 0.882881
0.389934 0.875559
0.383126 0.874035
0.362957 0.884398
0.359147 0.888012
0.357373 0.875571
0.353107 0.873641
0.355622 0.858739
0.333901 0.847991
0.342389 0.834667
0.329945 0.832454
0.312931 0.839864
0.312086 0.846160
0.307148 0.845789
0.291467 0.842250
0.298507 0.836612
0.300152 0.832292
0.302274 0.831314
0.300195 0.816420
0.297543 0.807470
0.296333 0.806990
0.295602 0.807444
0.294786 0.807934
0.290244 0.812624
0.283538 0.802725
0.273478 0.813830
0.267625 0.809198
0.263511 0.814002
0.259884 0.820390
0.262452 0.822474
0.267465 0.823268
0.280555 0.839180
0.286107 0.855781
0.277085 0.859206
0.269678 0.862449
0.278378 0.869282
0.288142 0.869186
0.301397 0.865657
0.301099 0.860824
0.317027 0.864839
0.321189 0.865479
0.326885 0.861523
0.319148 0.873554
0.316277 0.878425
0.323876 0.887892
0.326653 0.898910
0.307586 0.900467
0.309475 0.920895
0.311714 0.919550
0.319299 0.914593
0.326802 0.924675
0.333469 0.914630
0.331220 0.908695
0.343711 0.902099
0.351622 0.896660
0.357290 0.900351
0.352848 0.901688
0.346402 0.912030
0.351116 0.927200
0.364937 0.928011
0.349142 0.938585
0.332447 0.950487
0.332406 0.953464
0.353017 0.969975
0.361348 0.961496
0.362815 0.959272
0.371983 0.947884
0.376794 0.946535
0.378213 0.960429
0.384534 0.959515
0.391297 0.965615
0.391611 0.948503
0.390785 0.943320
0.398883 0.949527
0.403290 0.953857
0.407525 0.953951
0.412134 0.951350
0.419990 0.957569
0.432939 0.971742
0.424137 0.971369
0.408380 0.979364
0.402998 0.993143
0.397313 0.987277
0.394402 0.987423
0.389054 0.975611
0.381268 0.978350
0.378791 0.976763
0.370542 0.966660
0.368693 0.977058
0.354788 0.982554
0.359195 0.998197
0.357601 0.997744
0.337093 0.995213
0.335629 0.986329
0.332419 0.984713
0.324545 0.983358
0.329680 0.975432
0.330980 0.973653
0.311476 0.965817
0.312758 0.985353
0.305335 0.996805
0.297811 0.994925
0.285742 0.980607
0.278894 0.982025
0.276744 0.980343
0.273044 0.982105
0.277419 0.971269
0.277120 0.964173
0.280802 0.963064
0.283829 0.947384
0.292944 0.947600
0.299613 0.948018
0.303617 0.956721
0.309776 0.941929
0.305407 0.939315
0.286570 0.917670
0.277734 0.909311
0.275686 0.917117
0.273307 0.913529
0.265131 0.912655
0.269852 0.922192
0.279205 0.937469
0.271882 0.947886
0.261405 0.941588
0.257506 0.941986
0.250888 0.925425
0.246152 0.904981
0.243704 0.933565
0.250383 0.937506
0.242445 0.942495
0.241899 0.943880
0.242288 0.952386
0.245703 0.951067
0.254801 0.950626
0.267250 0.960306
0.257555 0.963672
0.252747 0.975173
0.243656 0.996268
0.236697 0.994292
0.222444 0.982295
0.217846 0.987706
0.206785 0.981219
0.204385 0.994760
0.188417 0.986468
0.185570 0.988863
0.184259 0.976673
0.164810 0.975092
0.164684 0.976222
0.156357 0.980829
0.163594 0.973515
0.164072 0.972917
0.164477 0.972626
0.164017 0.972132
0.173777 0.961027
0.168495 0.961253
0.161929 0.958332
0.157646 0.957136
0.153544 0.967606
0.154917 0.969365
0.154004 0.972348
0.141050 0.966147
0.150165 0.954976
0.144222 0.938319
0.144424 0.936091
0.138005 0.930360
0.137816 0.937965
0.125400 0.939982
0.120340 0.948152
0.120002 0.949516
0.114308 0.946075
0.119201 0.958323
0.109636 0.967355
0.116412 0.974770
0.147996 0.983161
0.147345 0.983248
0.136869 0.986944
0.135399 0.992650
0.131793 0.990003
0.128715 0.986121
0.123490 0.988277
0.108735 0.983283
0.106310 0.976825
0.102772 0.980175
0.087517 0.977358
0.079209 0.982861
0.066563 0.992154
0.068106 0.985183
0.062453 0.972673
0.056501 0.976202
0.042850 0.978968
0.040710 0.969210
0.039368 0.964260
0.030678 0.974880
0.029745 0.992378
0.017391 0.985852
0.014689 0.983483
0.019136 0.982217
0.011871 0.967379
0.019387 0.968011
0.024666 0.964410
0.020722 0.953883
0.028819 0.941305
0.010117 0.951658
0.004626 0.939988
0.003816 0.939152
0.009611 0.920544
0.018519 0.911947
0.017878 0.900775
0.020059 0.904290
0.028599 0.908952
0.035517 0.924888
0.046770 0.924490
0.044691 0.929036
0.045811 0.945466
0.037943 0.955662
0.042688 0.954382
0.046062 0.956249
0.052504 0.951088
0.053816 0.953662
0.059206 0.955139
0.069645 0.953237
0.078716 0.970084
0.091361 0.948781
0.090857 0.937356
0.063989 0.933938
0.071328 0.923714
0.076302 0.919597
0.093481 0.905167
0.098532 0.911245
0.096073 0.911844
0.094808 0.918629
0.099999 0.920927
0.125077 0.919178
0.120965 0.905131
0.125105 0.887897
0.117126 0.884414
0.119374 0.880147
0.110774 0.867687
0.104745 0.871857
0.112564 0.891401
0.103956 0.896379
0.088735 0.875461
0.076017 0.861789
0.079799 0.872152
0.068834 0.905067
0.039371 0.892672
0.026529 0.897532
0.022031 0.888587
0.016587 0.880689
0.047182 0.879326
0.044691 0.864926
0.042622 0.863410
0.039060 0.855198
0.050851 0.836175
0.050678 0.826568
0.031172 0.837913
0.011688 0.856646
0.000559 0.879318
0.003994 0.857273
0.004872 0.851250
0.008404 0.842128
0.009125 0.842129
0.010710 0.837760
0.015126 0.823080
0.014680 0.814308
0.021462 0.812423
0.018584 0.800507
0.020716 0.795274
0.003564 0.776221
0.003499 0.767894
0.013833 0.771470
0.025204 0.771354
0.028275 0.767148
0.019012 0.752219
0.031489 0.754089
0.036378 0.751597
0.035465 0.757064
0.047621 0.763720
0.048311 0.763381
0.054462 0.756362
0.048154 0.746527
0.059650 0.720116
0.068926 0.712860
0.049914 0.707489
0.048101 0.707606
0.038057 0.700108
0.040758 0.726125
0.025592 0.738773
0.031299 0.725289
0.027912 0.724325
0.027576 0.710137
0.020086 0.712384
0.019103 0.704934
0.022071 0.700057
0.005399 0.702246
0.001826 0.705917
0.001764 0.683105
0.004865 0.672409
0.006173 0.667127
0.008650 0.655288
0.015037 0.661411
0.017972 0.665620
0.023552 0.661979
0.033353 0.646583
0.038742 0.654806
0.051309 0.666554
0.055749 0.672193
0.062609 0.668199
0.058930 0.674107
0.059560 0.693136
0.065128 0.697049
0.071924 0.696575
0.074856 0.689854
0.076282 0.697394
0.074930 0.703577
0.090664 0.701349
0.101772 0.686847
0.092359 0.685264
0.094419 0.662471
0.094242 0.660539
0.078905 0.658186
0.074545 0.662227
0.074468 0.647842
0.059973 0.645611
0.067189 0.643491
0.071795 0.636019
0.076740 0.630513
0.063364 0.629889
0.057793 0.626916
0.050660 0.623830
0.048615 0.640131
0.045559 0.637665
0.041635 0.634162
0.017970 0.638169
0.010939 0.630975
0.000061 0.636640
0.010087 0.614739
0.017024 0.608841
0.013660 0.596505
0.032497 0.603345
0.033665 0.593046
0.047897 0.593014
0.066018 0.615592
0.070006 0.620939
0.080643 0.616211
0.089608 0.610180
0.091758 0.612606
0.101049 0.614922
0.089565 0.622932
0.085477 0.631560
0.085549 0.633848
0.089914 0.641294
0.090818 0.641259
0.100821 0.644465
0.108453 0.618723
0.128958 0.613337
0.126392 0.605780
0.118661 0.599214
0.122997 0.591396
0.107595 0.584882
0.102078 0.569714
0.119568 0.560409
0.115256 0.541719
0.106243 0.546452
0.105539 0.546351
0.096057 0.556697
0.084119 0.556840
0.081962 0.561040
0.084264 0.572615
0.088210 0.579517
0.091342 0.584092
0.081035 0.578035
0.072088 0.579305
0.066900 0.579958
0.068787 0.570195
0.062851 0.566590
0.057259 0.569147
0.053655 0.568399
0.059453 0.572926
0.055263 0.577779
0.041417 0.584201
0.030962 0.587492
0.021798 0.586895
0.008381 0.580136
0.006480 0.563845
0.017227 0.574507
0.028468 0.573292
0.036090 0.576681
0.036708 0.570521
0.032989 0.564647
0.040519 0.560710
0.027519 0.542241
0.059545 0.536554
0.061500 0.534558
0.063356 0.536336
0.066868 0.536932
0.073058 0.530479
0.076602 0.530344
0.081763 0.541510
0.086865 0.541912
0.085444 0.534196
0.085061 0.533166
0.105085 0.531531
0.104807 0.519406
0.095233 0.513980
0.083075 0.521910
0.082443 0.496918
0.077654 0.494620
0.076545 0.506718
0.074963 0.509249
0.067861 0.522462
0.051258 0.516840
0.056720 0.507617
0.057407 0.506282
0.054500 0.499715
0.042956 0.502705
0.036547 0.511354
0.034426 0.512316
0.035539 0.513692
0.029441 0.520786
0.027362 0.517120
0.017506 0.519850
0.001053 0.522451
0.005625 0.507962
0.003472 0.487246
0.015754 0.490010
0.035911 0.503314
0.047668 0.488491
0.053400 0.496004
0.067906 0.487544
0.073695 0.479184
0.062682 0.476935
0.064482 0.475194
0.064100 0.465920
0.058914 0.465529
0.058418 0.463565
0.056264 0.466585
0.045285 0.463876
0.032748 0.467664
0.028976 0.474598
0.027061 0.470648
0.015772 0.461903
0.011449 0.460187
0.003041 0.464894
0.000911 0.452929
0.006424 0.454431
0.012144 0.447745
0.013596 0.443273
0.026603 0.447064
0.017289 0.429142
0.001110 0.418983
0.009509 0.417606
0.021342 0.411080
0.032779 0.403068
0.036144 0.408549
0.031130 0.426629
0.042715 0.432887
0.031961 0.443163
0.043681 0.443095
0.046322 0.438971
0.049317 0.434357
0.050162 0.432044
0.061384 0.431728
0.065185 0.429465
0.062014 0.434287
0.065507 0.437671
0.063587 0.438033
0.059317 0.439447
0.059694 0.443702
0.065328 0.457608
0.075734 0.457676
0.078022 0.441928
0.090272 0.437757
0.088217 0.430813
0.087572 0.426572
0.081253 0.429040
0.080044 0.427726
0.082719 0.420291
0.076038 0.423251
0.063467 0.412426
0.053032 0.412182
0.062291 0.400603
0.072201 0.393062
0.069464 0.387766
0.067616 0.389552
0.066630 0.390358
0.052276 0.392702
0.040527 0.398068
0.040826 0.391003
0.039016 0.388727
0.022283 0.390132
0.021658 0.390847
0.008010 0.400582
0.012441 0.390760
0.007858 0.374681
0.014510 0.365759
0.010381 0.349036
0.004430 0.323919
0.007104 0.304537
0.001468 0.284837
0.007768 0.275003
0.012975 0.256033
0.014523 0.251400
0.005751 0.244291
0.009181 0.236872
0.020893 0.235816
0.028759 0.241395
0.032874 0.235767
0.029358 0.225238
0.031600 0.222322
0.027305 0.212571
0.021201 0.219915
0.012636 0.222947
0.011357 0.205357
0.016323 0.200079
0.005753 0.194309
0.000678 0.187062
0.002484 0.179158
0.006592 0.181147
0.014710 0.188441
0.015273 0.189146
0.020446 0.179139
0.031146 0.188495
0.037710 0.187550
0.027758 0.169086
0.040622 0.147356
0.041994 0.157641
0.047094 0.169656
0.050304 0.168878
0.068990 0.151452
0.085851 0.140365
0.083530 0.137687
0.082850 0.132872
0.083632 0.129779
0.057641 0.147783
0.046708 0.145658
0.046473 0.130933
0.039285 0.131646
0.037016 0.136303
0.024783 0.147855
0.020865 0.143958
0.015132 0.138699
0.009194 0.124360
0.025266 0.129061
0.033220 0.113934
0.026644 0.102564
0.020588 0.102764
0.007145 0.087968
0.008211 0.078737
0.011742 0.068941
0.010955 0.061612
0.017166 0.056562
0.007075 0.054144
0.008870 0.031625
0.000619 0.009554
0.010702 0.007025
0.015083 0.004503
0.025427 0.002601
0.028236 0.009382
0.030664 0.010674
0.032440 0.010148
0.042145 0.006272
0.044837 0.028892
0.039040 0.030482
0.034992 0.047477
0.033046 0.049683
0.045732 0.056912
0.029364 0.074140
0.022517 0.076667
0.028962 0.097537
0.040254 0.107737
0.047502 0.107079
0.045402 0.104577
0.051166 0.096582
0.059006 0.112227
0.067142 0.105097
0.068723 0.092608
0.063098 0.084178
0.065139 0.078000
0.073117 0.071917
0.064807 0.070858
0.059661 0.068578
0.067363 0.064224
0.063978 0.057855
0.075949 0.057278
0.070422 0.045719
0.068568 0.019035
0.081568 0.006782
0.108534 0.017278
0.089062 0.025150
0.082531 0.031803
0.085775 0.043138
0.091850 0.046686
0.088934 0.050916
0.110713 0.058406
0.106794 0.067858
0.111038 0.067178
0.121944 0.075469
0.126121 0.082878
0.133907 0.090444
0.125585 0.073752
0.124150 0.070985
0.127730 0.055313
0.136882 0.053785
0.143422 0.058708
0.148803 0.064567
0.156761 0.067566
0.157207 0.068090
0.158853 0.072025
0.160369 0.081057
0.157671 0.084587
0.154190 0.086973
0.152901 0.087180
0.151333 0.079517
0.150382 0.081070
0.143208 0.089764
0.146171 0.092269
0.144300 0.109110
0.132977 0.112943
0.125998 0.105118
0.105862 0.109047
0.110057 0.099583
0.113170 0.085745
0.105682 0.077876
0.089874 0.079866
0.079014 0.078420
0.083730 0.094289
0.078556 0.097506
0.083625 0.100996
0.077132 0.113738
0.093974 0.113439
0.112471 0.130116
0.111140 0.143636
0.134432 0.153228
0.121727 0.157410
0.123700 0.165774
0.093585 0.166100
0.084836 0.160108
0.083181 0.171103
0.076212 0.175697
0.070046 0.176726
0.068648 0.193139
0.073271 0.195958
0.083365 0.193229
0.090116 0.210362
0.088550 0.236106
0.086154 0.245038
0.079366 0.226448
0.077562 0.226685
0.075384 0.226429
0.072965 0.226935
0.062309 0.233664
0.059577 0.228441
0.062156 0.220100
0.062381 0.215648
0.062592 0.202681
0.067599 0.200915
0.061802 0.195194
0.060598 0.197666
0.052904 0.205760
0.044400 0.209446
0.051578 0.230524
0.047342 0.243398
0.071055 0.252597
0.061464 0.259865
0.039360 0.255642
0.038800 0.271162
0.040686 0.279314
0.038741 0.279648
0.039670 0.285665
0.030389 0.286425
0.023525 0.286915
0.014188 0.285000
0.013829 0.290500
0.021647 0.296413
0.017039 0.299889
0.022143 0.310043
0.036228 0.309700
0.044059 0.338563
0.042148 0.341199
0.038078 0.356905
0.037315 0.366203
0.046645 0.352841
0.057590 0.333218
0.060114 0.331487
0.072395 0.332305
0.066162 0.319295
0.068456 0.314100
0.072411 0.310786
0.081157 0.307062
0.086073 0.306170
0.087561 0.306066
0.092241 0.298554
0.099927 0.288731
0.104149 0.279282
0.098234 0.277500
0.070084 0.275260
0.063524 0.272388
0.073279 0.262105
0.089849 0.266285
0.092321 0.257887
0.100500 0.253436
0.123435 0.249653
0.126913 0.246095
0.129231 0.262314
0.129146 0.262423
0.132154 0.266739
0.138907 0.269153
0.143243 0.256950
0.138845 0.257990
0.137129 0.252760
0.138676 0.250036
0.142700 0.241147
0.151776 0.239141
0.130362 0.230459
0.102877 0.233253
0.102564 0.231147
0.118423 0.207849
0.110803 0.199309
0.108913 0.198264
0.097656 0.187386
0.105143 0.188048
0.110203 0.182742
0.121003 0.189248
0.124072 0.190899
0.127680 0.186842
0.127618 0.198391
0.139539 0.193982
0.151941 0.199606
0.156161 0.190975
0.148873 0.169703
0.161950 0.156850
0.165454 0.149845
0.161825 0.146437
0.156810 0.142447
0.150908 0.148736
0.136530 0.146752
0.144833 0.136517
0.146066 0.130613
0.158205 0.124870
0.159730 0.118533
0.170692 0.117289
0.168121 0.104266
0.167615 0.100373
0.161072 0.098806
0.169872 0.085986
0.180146 0.104073
0.190067 0.099880
0.191256 0.089879
0.193386 0.083153
0.178393 0.071776
0.158943 0.053933
0.161236 0.052647
0.163361 0.033311
0.157271 0.030309
0.139501 0.036435
0.133566 0.046260
0.129407 0.042978
0.119019 0.049855
0.122014 0.033038
0.132946 0.027273
0.132422 0.025162
0.139353 0.021470
0.124547 0.008794
0.126179 0.001106
0.131013 0.001985
0.135247 0.007797
0.147984 0.013842
0.149327 0.021075
0.157093 0.010638
0.157952 0.016451
0.168333 0.026998
0.181304 0.026736
0.182801 0.044859
0.187559 0.050780
0.181584 0.063067
0.195700 0.071946
0.196531 0.072181
0.215913 0.077663
0.215193 0.070974
0.225889 0.070122
0.223799 0.060136
0.220507 0.055061
0.219451 0.051430
0.208399 0.056745
0.206675 0.035132
0.204541 0.025954
0.195082 0.022180
0.194851 0.010606
0.201205 0.017239
0.214664 0.023622
0.223860 0.009626
0.231292 0.021929
0.234617 0.032428
0.249449 0.006931
0.251668 0.020852
0.247405 0.029268
0.255719 0.037206
0.265841 0.037025
0.278055 0.011098
0.269738 0.008102
0.274120 0.000080
0.293334 0.004083
0.279370 0.014960
0.292163 0.025316
0.293148 0.034604
0.285159 0.051234
0.287996 0.070256
0.285912 0.075414
0.288829 0.076264
0.295673 0.062938
0.298453 0.062079
0.304488 0.068317
0.308478 0.073041
0.306389 0.076739
0.304761 0.091665
0.296149 0.090318
0.287067 0.115586
0.284766 0.123510
0.286407 0.125242
0.280889 0.128233
0.264169 0.126318
0.262783 0.120879
0.251379 0.114634
0.252810 0.107339
0.261290 0.112821
0.271044 0.111935
0.283078 0.104288
0.264392 0.099889
0.270665 0.083501
0.264158 0.060556
0.254113 0.062289
0.252639 0.046476
0.250378 0.039747
0.244429 0.045073
0.241141 0.059700
0.243496 0.070387
0.238803 0.069534
0.230973 0.070743
0.233728 0.090286
0.222744 0.083041
0.207885 0.085643
0.202467 0.104323
0.209687 0.107392
0.205968 0.121814
0.210039 0.126202
0.222718 0.128302
0.225335 0.130021
0.240558 0.124617
0.243761 0.121244
0.246097 0.135668
0.243814 0.145223
0.253627 0.152108
0.265159 0.148375
0.264750 0.153018
0.273686 0.162076
0.271749 0.182870
0.259710 0.173435
0.259204 0.166598
0.244253 0.180958
0.237632 0.167606
0.235746 0.152574
0.230928 0.145872
0.209554 0.144570
0.203331 0.138222
0.202398 0.142243
0.197757 0.147310
0.193054 0.134037
0.191644 0.123604
0.189477 0.119719
0.186168 0.133957
0.187933 0.140211
0.184697 0.147437
0.176707 0.149591
0.184752 0.161072
0.198371 0.168494
0.193373 0.185795
0.192818 0.186017
0.191593 0.185322
0.173007 0.200890
0.171639 0.219108
0.173702 0.221010
0.181299 0.225911
0.169598 0.231964
0.178390 0.249103
0.179080 0.261618
0.186679 0.249509
0.209614 0.225166
0.194753 0.222619
0.197849 0.216127
0.192469 0.212057
0.204278 0.205222
0.211595 0.195436
0.216397 0.182268
0.231550 0.203215
0.239154 0.201605
0.246258 0.202592
0.247475 0.208331
0.260929 0.209443
0.251429 0.215141
0.249078 0.221278
0.248166 0.227077
0.250432 0.244376
0.255107 0.239756
0.262421 0.232709
0.263177 0.239481
0.270259 0.242248
0.276293 0.251258
0.275646 0.259032
0.266252 0.252027
0.252004 0.257549
0.238053 0.248059
0.233386 0.229453
0.221862 0.221513
0.225344 0.233308
0.228280 0.241885
0.240458 0.274001
0.226201 0.280583
0.213852 0.273414
0.200172 0.304923
0.200118 0.320245
0.204429 0.325854
0.195738 0.322485
0.194588 0.327016
0.192539 0.341251
0.189508 0.341783
0.185507 0.346780
0.184085 0.340613
0.158897 0.336670
0.155029 0.333013
0.159776 0.329164
0.149887 0.322699
0.141968 0.317852
0.145654 0.305022
0.153485 0.302916
0.157718 0.304393
0.163609 0.299161
0.169429 0.299927
0.168599 0.316554
0.176770 0.317434
0.185045 0.309902
0.184520 0.296675
0.172210 0.289427
0.164694 0.273017
0.160509 0.281716
0.152362 0.279016
0.150580 0.290958
0.144094 0.299827
0.136059 0.292644
0.121912 0.291009
0.112043 0.282730
0.109710 0.301499
0.122670 0.316099
0.132565 0.316386
0.144045 0.324518
0.144740 0.326730
0.146014 0.333876
0.135389 0.334859
0.143038 0.341853
0.154539 0.346139
0.153849 0.362598
0.129750 0.361261
0.134098 0.348110
0.116478 0.346009
0.106392 0.344614
0.108700 0.325849
0.100353 0.328738
0.092425 0.335621
0.082204 0.334956
0.081762 0.341051
0.076473 0.348206
0.069885 0.349632
0.067352 0.366517
0.083655 0.365280
0.083973 0.357079
0.087124 0.346699
0.091674 0.358024
0.089868 0.366971
0.104325 0.364912
0.106050 0.367397
0.115199 0.366552
0.129027 0.377138
0.133684 0.382264
0.136302 0.393344
0.135744 0.395200
0.144965 0.406812
0.139499 0.404557
0.122122 0.401286
0.125564 0.389915
0.120832 0.384295
0.104501 0.380772
0.099035 0.376605
0.082194 0.399771
0.095539 0.412967
0.100978 0.425302
0.091565 0.432910
0.107273 0.432428
0.119614 0.438677
0.119158 0.444479
0.129379 0.438985
0.128396 0.430975
0.138121 0.435615
0.148669 0.425629
0.147084 0.437454
0.152047 0.450543
0.157510 0.451384
0.154906 0.454352
0.149818 0.453787
0.140603 0.453763
0.146760 0.455494
0.151114 0.460488
0.147346 0.462995
0.143347 0.495672
0.131448 0.501908
0.122901 0.502717
0.120027 0.501545
0.126946 0.495085
0.128013 0.485466
0.121880 0.480356
0.121739 0.472891
0.118158 0.461666
0.106050 0.463677
0.102357 0.463849
0.093017 0.483387
0.099596 0.489006
0.097122 0.497076
0.103963 0.505693
0.109555 0.502832
0.109041 0.512926
0.112808 0.510496
0.126281 0.510937
0.127977 0.508625
0.163112 0.530454
0.161487 0.513403
0.155093 0.515175
0.152230 0.498927
0.157842 0.497275
0.167219 0.500500
0.176265 0.508829
0.176344 0.509517
0.189856 0.518614
0.191769 0.522086
0.195677 0.529908
0.207555 0.529665
0.182536 0.491389
0.174268 0.494964
0.176235 0.490053
0.178014 0.488518
0.181440 0.485694
0.184525 0.483925
0.191105 0.472263
0.201035 0.481195
0.206775 0.473809
0.199367 0.463054
0.178591 0.465901
0.174834 0.468492
0.181152 0.475762
0.161603 0.478777
0.168722 0.467791
0.166870 0.442179
0.180237 0.430220
0.166733 0.429557
0.156648 0.416423
0.158944 0.408050
0.162424 0.387292
0.162617 0.410063
0.169392 0.414680
0.173996 0.406368
0.186989 0.406059
0.200936 0.427574
0.200142 0.408391
0.193053 0.394639
0.190570 0.384276
0.187342 0.384865
0.183908 0.389050
0.171583 0.386322
0.185069 0.376553
0.187045 0.361711
0.208955 0.360258
0.214188 0.375016
0.204584 0.378204
0.213063 0.386721
0.221331 0.386564
0.233165 0.397706
0.229563 0.408895
0.241858 0.419042
0.252130 0.392410
0.250247 0.392131
0.247372 0.389156
0.240764 0.389165
0.231253 0.382412
0.224633 0.374184
0.225628 0.372469
0.226044 0.359539
0.221304 0.351952
0.231228 0.353394
0.246112 0.344114
0.250247 0.346358
0.247571 0.358264
0.253643 0.359959
0.264238 0.356759
0.266737 0.372097
0.282028 0.358721
0.298707 0.356215
0.299608 0.355167
0.316217 0.367506
0.320929 0.361933
0.330646 0.358283
0.340008 0.360929
0.334549 0.329488
0.318555 0.330177
0.321891 0.348608
0.310794 0.348874
0.281432 0.346980
0.278330 0.346747
0.284931 0.328862
0.286885 0.326995
0.271291 0.318284
0.265417 0.324674
0.273692 0.328658
0.266269 0.341510
0.250818 0.326535
0.246005 0.305067
0.247047 0.302989
0.235162 0.308568
0.242428 0.318789
0.240696 0.321681
0.235951 0.327786
0.234589 0.335595
0.224037 0.325828
0.227730 0.317251
0.214311 0.313658
0.222892 0.303733
0.226199 0.297972
0.236011 0.291996
0.259599 0.293549
0.265547 0.308869
0.270717 0.300527
0.276502 0.294719
0.290744 0.299880
0.291513 0.299637
0.295417 0.296947
0.298729 0.297484
0.296275 0.308563
0.296731 0.321024
0.298305 0.326855
0.301689 0.321492
0.312047 0.323719
0.319115 0.312716
0.330378 0.300601
0.306546 0.297729
0.317524 0.292561
0.323179 0.287774
0.323250 0.284817
0.328936 0.280568
0.324165 0.277488
0.321856 0.270410
0.346666 0.270785
0.343973 0.285963
0.344180 0.291596
0.350593 0.293345
0.361385 0.283732
0.363144 0.288691
0.357506 0.295863
0.357254 0.302917
0.357251 0.303356
0.354835 0.318272
0.371951 0.306158
0.378577 0.302225
0.394373 0.318099
0.387563 0.317185
0.383161 0.322789
0.368513 0.321290
0.374747 0.338087
0.378369 0.351222
0.388926 0.351176
0.387929 0.348398
0.395792 0.343228
0.404446 0.353865
0.408840 0.337123
0.419175 0.340598
0.432158 0.342809
0.435093 0.358174
0.438537 0.356207
0.438698 0.354961
0.449104 0.343214
0.449885 0.318058
0.458298 0.329224
0.480114 0.326214
0.483372 0.341485
0.490285 0.337522
0.491587 0.311311
0.474320 0.304216
0.464472 0.295041
0.463455 0.273159
0.465356 0.262929
0.470098 0.255472
0.474760 0.257478
0.477590 0.256676
0.477911 0.243830
0.480225 0.233838
0.473524 0.240486
0.469664 0.241167
0.458380 0.229255
0.452903 0.232512
0.442669 0.243845
0.446132 0.248161
0.455679 0.253475
0.452124 0.257739
0.438297 0.261421
0.430926 0.275196
0.420804 0.275337
0.427668 0.281190
0.424359 0.292207
0.448394 0.299649
0.436389 0.306557
0.422812 0.306099
0.410050 0.311139
0.399502 0.295830
0.400156 0.293073
0.388203 0.298365
0.386306 0.296944
0.389387 0.291086
0.397894 0.276929
0.408713 0.283227
0.413809 0.285801
0.409339 0.276951
0.410243 0.269951
0.401408 0.265850
0.386045 0.271501
0.383846 0.261789
0.386238 0.260102
0.390674 0.248798
0.379466 0.253724
0.357246 0.259069
0.346570 0.241149
0.344482 0.240168
0.350624 0.239092
0.352858 0.232119
0.377284 0.238975
0.389952 0.238563
0.412002 0.255874
0.417708 0.242142
0.424508 0.238541
0.417876 0.233783
0.404422 0.229594
0.415622 0.218657
0.397358 0.209142
0.407531 0.189838
0.399710 0.195000
0.378551 0.196478
0.376824 0.192950
0.376462 0.196622
0.369129 0.200524
0.364694 0.197928
0.363609 0.194013
0.361199 0.196401
0.356570 0.193775
0.340614 0.218825
0.335091 0.212432
0.336806 0.206171
0.334221 0.202845
0.329234 0.200879
0.313800 0.196547
0.316429 0.208439
0.320519 0.228859
0.325392 0.225161
0.331411 0.229250
0.322381 0.235811
0.316389 0.237741
0.309302 0.233238
0.309890 0.239906
0.321714 0.260197
0.319773 0.262577
0.320078 0.265121
0.305752 0.259729
0.299640 0.256379
0.300422 0.250859
0.301498 0.247915
0.296746 0.245973
0.296013 0.239462
0.286719 0.238609
0.281454 0.236252
0.276917 0.236511
0.283098 0.232803
0.300198 0.229012
0.306650 0.220355
0.292211 0.213405
0.283155 0.210622
0.274420 0.205431
0.273661 0.190447
0.297490 0.196318
0.294109 0.187089
0.291233 0.179480
0.287311 0.173438
0.294893 0.168020
0.298997 0.165298
0.305027 0.162864
0.302606 0.147476
0.319641 0.140593
0.324638 0.132835
0.323705 0.145335
0.328555 0.149120
0.323134 0.156725
0.322063 0.171517
0.333727 0.177476
0.338330 0.177776
0.334841 0.156543
0.345146 0.155238
0.348409 0.122553
0.337677 0.110187
0.327725 0.100586
0.331896 0.087707
0.333007 0.080807
0.341177 0.059164
0.335703 0.053830
0.358109 0.050392
0.351741 0.038243
0.333049 0.040215
0.320447 0.055132
0.317654 0.063780
0.313842 0.052463
0.303735 0.050752
0.302483 0.047766
0.312401 0.045388
0.310198 0.038588
0.314797 0.037346
0.317989 0.023078
0.296984 0.015016
0.306434 0.003614
0.315116 0.001095
0.314778 0.004247
0.332724 0.016493
0.344922 0.006894
0.350241 0.004279
0.358305 0.002743
0.395755 0.022445
0.399712 0.000501
0.402768 0.003006
0.419712 0.010644
0.425154 0.013142
0.426048 0.030819
0.425682 0.039070
0.429050 0.042173
0.420977 0.043204
0.412077 0.049205
0.396290 0.052697
0.394330 0.034291
0.381408 0.029285
0.378918 0.034525
0.374781 0.042559
0.372855 0.068695
0.374661 0.080429
0.349225 0.090311
0.356275 0.101570
0.345491 0.108667
0.361337 0.122544
0.365075 0.117050
0.377884 0.108818
0.377464 0.094074
0.384369 0.091120
0.387029 0.095147
0.409919 0.083019
0.410923 0.086344
0.414113 0.087185
0.424577 0.075984
0.424761 0.084079
0.432603 0.091073
0.436578 0.095477
0.438289 0.102843
0.437767 0.106459
0.438676 0.107342
0.439322 0.107713
0.428515 0.121391
0.438356 0.135167
0.425399 0.135178
0.419975 0.126640
0.420104 0.125662
0.424405 0.120790
0.406713 0.105572
0.400095 0.114282
0.389217 0.120858
0.372540 0.121423
0.359610 0.142446
0.361066 0.144179
0.365539 0.144367
0.368787 0.157029
0.378146 0.171465
0.377553 0.169354
0.375037 0.159226
0.376253 0.147923
0.395197 0.142906
0.403527 0.144004
0.420082 0.147070
0.425106 0.156871
0.425246 0.162017
0.403002 0.156521
0.397899 0.174945
0.395205 0.179925
0.398063 0.182046
0.417074 0.176603
0.423990 0.181380
0.425600 0.185007
0.419652 0.183221
0.417878 0.188547
0.417216 0.201897
0.424275 0.201039
0.437602 0.213164
0.438471 0.223717
0.444574 0.221989
0.454623 0.219104
0.456187 0.208097
0.456412 0.200796
0.433845 0.203435
0.434880 0.191874
0.431214 0.187458
0.453757 0.183191
0.459294 0.184014
0.464055 0.180369
0.458182 0.167396
0.454421 0.165616
0.458237 0.162942
0.469512 0.169607
0.474774 0.163802
0.480200 0.173716
0.485698 0.167569
0.488401 0.163445
0.488559 0.161941
0.489477 0.161188
0.475274 0.145269
0.455624 0.143221
0.451325 0.142176
0.458546 0.139869
0.476798 0.111363
0.476637 0.115865
0.487284 0.137478
0.487392 0.139109
0.499536 0.136791
0.507112 0.133998
0.521825 0.135977
0.519149 0.125971
0.522337 0.115201
0.515367 0.115284
0.493345 0.116298
0.505383 0.103243
0.512149 0.102666
0.514869 0.097527
0.525295 0.089275
0.528029 0.085085
0.520657 0.080602
0.522628 0.077502
0.518791 0.075313
0.529665 0.063741
0.500974 0.069413
0.503851 0.060340
0.500311 0.052377
0.502164 0.043781
0.517191 0.051011
0.528093 0.043044
0.541470 0.040859
0.526109 0.039904
0.507006 0.024528
0.512622 0.015557
0.499648 0.016996
0.492139 0.019140
0.492129 0.026059
0.496822 0.032809
0.497100 0.037464
0.482387 0.035739
0.482571 0.044149
0.464682 0.054309
0.471986 0.062384
0.474602 0.077650
0.460136 0.084818
0.447334 0.077095
0.442287 0.075453
0.443299 0.074307
0.451739 0.072513
0.452341 0.071426
0.439699 0.056580
0.442603 0.031257
0.441347 0.022579
0.437681 0.018343
0.441800 0.004410
0.461489 0.013790
0.484787 0.002547
0.512904 0.002439
0.537830 0.020738
0.543958 0.023004
0.561574 0.003985
0.553410 0.021759
0.547297 0.026475
0.548403 0.029215
0.547088 0.034484
0.545681 0.047682
0.554161 0.053875
0.570911 0.047895
0.567794 0.057843
0.571829 0.064833
0.565627 0.062705
0.553193 0.062873
0.552229 0.068260
0.541520 0.071432
0.556895 0.080389
0.562619 0.082990
0.582214 0.079754
0.590836 0.089021
0.589351 0.072966
0.601994 0.069850
0.603439 0.069779
0.604710 0.059375
0.612097 0.062420
0.613091 0.056809
0.608367 0.046226
0.614743 0.047679
0.619420 0.044873
0.623193 0.044541
0.622890 0.043099
0.615197 0.033125
0.605744 0.036186
0.594877 0.031229
0.593638 0.025305
0.578654 0.032418
0.584755 0.026340
0.586200 0.021785
0.583080 0.016092
0.595223 0.008346
0.600622 0.002524
0.628085 0.001232
0.643971 0.002433
0.645605 0.001216
0.644517 0.005538
0.625055 0.011117
0.620237 0.025210
0.622772 0.037839
0.633450 0.038774
0.637912 0.032796
0.664561 0.033185
0.660945 0.018186
0.672391 0.019453
0.681309 0.031608
0.690155 0.013475
0.704271 0.010790
0.716062 0.016151
0.709964 0.024830
0.720520 0.024836
0.728736 0.024599
0.743730 0.029422
0.746756 0.026848
0.762308 0.023660
0.762055 0.020391
0.750541 0.008475
0.756880 0.001717
0.759941 0.008806
0.762962 0.006710
0.767984 0.010687
0.772259 0.008692
0.772615 0.001470
0.779416 0.007867
0.780233 0.016356
0.785139 0.016983
0.785478 0.019332
0.787362 0.023853
0.784211 0.032202
0.781495 0.040140
0.795737 0.034487
0.805364 0.036147
0.793265 0.048553
0.778760 0.056606
0.766235 0.048291
0.761411 0.043128
0.751116 0.049029
0.756031 0.053486
0.755626 0.059567
0.761376 0.065765
0.764982 0.067449
0.765364 0.069922
0.748904 0.077091
0.741244 0.080517
0.734004 0.080167
0.740278 0.071514
0.725285 0.063476
0.730615 0.056398
0.725845 0.046983
0.719196 0.056164
0.703160 0.061037
0.699272 0.073381
0.687460 0.071107
0.686176 0.064411
0.697555 0.057314
0.696646 0.044848
0.705195 0.037095
0.697311 0.032394
0.694223 0.038320
0.682858 0.042443
0.665859 0.053932
0.645424 0.058343
0.644566 0.059841
0.642043 0.074182
0.652625 0.076300
0.659726 0.077401
0.666386 0.079875
0.659071 0.085574
0.643362 0.089463
0.639955 0.087241
0.630154 0.089795
0.622329 0.083757
0.622614 0.087825
0.621313 0.089661
0.623387 0.100760
0.638467 0.109690
0.642901 0.110544
0.637940 0.119685
0.639858 0.126527
0.644764 0.124877
0.653969 0.127465
0.669181 0.094708
0.674009 0.103162
0.680840 0.102720
0.687283 0.106862
0.696588 0.122799
0.694182 0.140030
0.692912 0.154731
0.692007 0.167888
0.706071 0.168738
0.712913 0.158703
0.730681 0.154383
0.733592 0.150898
0.742701 0.152847
0.733349 0.141737
0.723659 0.133403
0.713807 0.134306
0.705903 0.120539
0.707719 0.101262
0.708980 0.089276
0.722166 0.107172
0.731110 0.104993
0.749958 0.098907
0.751963 0.101378
0.750187 0.117616
0.757008 0.120406
0.764250 0.109638
0.775423 0.084649
0.790320 0.081242
0.801369 0.079982
0.826197 0.093716
0.814532 0.075585
0.809623 0.076733
0.806846 0.078012
0.802869 0.067064
0.798286 0.058525
0.802335 0.054012
0.810192 0.052506
0.814064 0.052568
0.832566 0.055002
0.839335 0.050237
0.852111 0.047238
0.849186 0.060815
0.854991 0.064896
0.858319 0.073155
0.860951 0.071090
0.862054 0.068818
0.868856 0.075134
0.867767 0.080173
0.836196 0.100802
0.845749 0.105544
0.855706 0.114036
0.860833 0.114673
0.875820 0.110470
0.877148 0.116475
0.886415 0.114805
0.880068 0.104365
0.879885 0.094611
0.886898 0.097344
0.889457 0.093726
0.892817 0.098361
0.902192 0.120183
0.899519 0.122978
0.892768 0.124448
0.900455 0.140274
0.901205 0.142144
0.907325 0.146569
0.896993 0.148278
0.898609 0.159284
0.914284 0.158534
0.902170 0.167293
0.898089 0.173994
0.899098 0.178812
0.913215 0.175043
0.918905 0.171988
0.932781 0.174399
0.928713 0.158289
0.917490 0.143458
0.911565 0.135147
0.918206 0.129171
0.917422 0.123981
0.917298 0.116991
0.909472 0.118763
0.910575 0.111327
0.913486 0.113679
0.917356 0.109201
0.919989 0.112162
0.926929 0.119014
0.938751 0.110541
0.945406 0.109362
0.933576 0.107167
0.935450 0.093884
0.942644 0.088401
0.953441 0.071291
0.970784 0.068254
0.959795 0.079945
0.964411 0.083002
0.965151 0.087956
0.965603 0.096333
0.972000 0.095205
0.983599 0.098292
0.976295 0.087515
0.978068 0.086345
0.987817 0.074422
0.992147 0.065599
0.980933 0.045801
0.965306 0.026240
0.966751 0.020350
0.963835 0.018373
0.954052 0.032140
0.941641 0.060468
0.930823 0.044107
0.927222 0.038989
0.922229 0.036958
0.914070 0.035320
0.912637 0.039772
0.918930 0.050923
0.915570 0.054784
0.902421 0.042222
0.892889 0.048974
0.889912 0.048061
0.888100 0.062270
0.887203 0.065447
0.895203 0.070794
0.897591 0.073177
0.911029 0.069408
0.913568 0.071046
0.917743 0.070821
0.917946 0.077255
0.915840 0.080973
0.912784 0.079102
0.907297 0.076074
0.905172 0.084616
0.889366 0.076242
0.873640 0.068456
0.878466 0.059944
0.880157 0.029898
0.855719 0.026828
0.851150 0.029537
0.855747 0.021610
0.850364 0.020353
0.819683 0.010083
0.816609 0.005769
0.835571 0.009188
0.837630 0.009057
0.849954 0.005226
0.854009 0.009789
0.872218 0.000509
0.873104 0.018668
0.881243 0.019854
0.898567 0.019998
0.904923 0.016603
0.906994 0.015947
0.918998 0.007428
0.928498 0.005313
0.938874 0.014986
0.941641 0.002286
0.958450 0.004405
0.971076 0.007340
0.987710 0.008311
0.996835 0.002132
0.997927 0.003112
0.995745 0.007765
0.995362 0.007541
0.986913 0.013979
0.987956 0.030978
0.992438 0.030822
0.995176 0.042654
0.994271 0.053266
0.998469 0.061998
0.991380 0.089027
0.998646 0.121174
0.994853 0.132925
0.991976 0.144464
0.994939 0.159034
0.989928 0.159486
0.985993 0.154663
0.980772 0.146858
0.980529 0.136784
0.967218 0.132979
0.961305 0.116536
0.943999 0.142171
0.950957 0.148644
0.950609 0.151486
0.950732 0.160690
0.945682 0.162687
0.946694 0.165716
0.944865 0.166711
0.941273 0.173368
0.940692 0.186409
0.941994 0.194852
0.950150 0.177410
0.952542 0.165130
0.959810 0.168297
0.963064 0.164873
0.967530 0.155451
0.974268 0.160428
0.968675 0.175646
0.977947 0.177452
0.986321 0.175330
0.997246 0.190913
0.991229 0.194742
0.973926 0.186905
0.971363 0.184521
0.965783 0.191467
0.965678 0.194775
0.969254 0.212434
0.968947 0.215582
0.998294 0.213781
0.998994 0.224070
0.985737 0.227898
0.984618 0.240675
0.989408 0.272377
0.980486 0.267550
0.969721 0.260199
0.956454 0.259026
0.966094 0.250733
0.970832 0.249260
0.972982 0.241860
0.965987 0.241271
0.945856 0.206657
0.937811 0.203166
0.925274 0.221658
0.927038 0.225332
0.927203 0.225454
0.918584 0.239868
0.906649 0.247442
0.901770 0.248482
0.896402 0.255825
0.902131 0.252160
0.910666 0.247777
0.921522 0.257411
0.951687 0.269125
0.947734 0.270407
0.941892 0.276058
0.931234 0.278711
0.927896 0.292230
0.927893 0.300715
0.943411 0.294486
0.945768 0.292214
0.947580 0.298190
0.952261 0.299151
0.955280 0.296286
0.957806 0.293796
0.970533 0.306729
0.985661 0.309659
0.994694 0.305933
0.997631 0.306174
0.975919 0.322221
0.960559 0.325402
0.954853 0.306955
0.951496 0.304506
0.942982 0.308027
0.941050 0.306560
0.929336 0.323197
0.927193 0.330495
0.923763 0.330994
0.932888 0.343860
0.926965 0.354018
0.931333 0.369445
0.944760 0.386726
0.957073 0.390967
0.975363 0.391452
0.964361 0.374254
0.950458 0.353251
0.965888 0.336717
0.967472 0.338549
0.976871 0.333418
0.986719 0.337962
0.988552 0.336707
0.995528 0.325577
0.994858 0.338691
0.999262 0.343146
0.977084 0.351628
0.991069 0.352185
0.999029 0.355565
0.995730 0.360819
0.994088 0.381214
0.994359 0.381717
0.997989 0.388111
0.999833 0.402950
0.972507 0.416710
0.963316 0.415130
0.952144 0.402390
0.949829 0.401634
0.947126 0.405781
0.954760 0.423211
0.940534 0.419885
0.936404 0.420203
0.935494 0.421289
0.941318 0.437123
0.942359 0.450729
0.923741 0.448372
0.913137 0.460600
0.928103 0.469050
0.933549 0.468968
0.942498 0.463018
0.948630 0.470102
0.959677 0.479867
0.964859 0.467141
0.958543 0.456074
0.961131 0.439648
0.976893 0.430417
0.983504 0.445115
0.979045 0.450707
0.988746 0.451982
0.991324 0.453644
0.981552 0.458749
0.990957 0.467194
0.993237 0.478703
0.972163 0.498495
0.982422 0.508352
0.974510 0.511811
0.978433 0.520676
0.991010 0.531078
0.998387 0.535601
0.998883 0.537327
0.982966 0.543215
0.962548 0.546142
0.962411 0.544345
0.955248 0.544548
0.942459 0.536553
0.936587 0.508860
0.925883 0.512072
0.903852 0.501236
0.903463 0.499432
0.893454 0.501220
0.887148 0.504570
0.882661 0.502468
0.886344 0.495371
0.889200 0.493205
0.897510 0.485283
0.905682 0.483792
0.906210 0.465868
0.907745 0.461579
0.902770 0.462653
0.900282 0.454197
0.877347 0.460428
0.883938 0.470495
0.893673 0.473616
0.897164 0.475361
0.896233 0.478675
0.880814 0.483900
0.875032 0.490162
0.870289 0.512834
0.859916 0.521592
0.856696 0.528121
0.856000 0.531655
0.867565 0.521455
0.875002 0.517656
0.883768 0.512816
0.889219 0.514101
0.900612 0.521604
0.901561 0.524383
0.920453 0.536438
0.924198 0.529966
0.932276 0.538730
0.919901 0.556973
0.925365 0.560744
0.927779 0.558088
0.930740 0.560903
0.938026 0.560350
0.946441 0.561445
0.953556 0.553466
0.958620 0.554626
0.971478 0.558688
0.978091 0.563668
0.982635 0.571427
0.951906 0.594248
0.963546 0.592816
0.987627 0.581319
0.999836 0.592914
0.996318 0.606667
0.990841 0.610454
0.983827 0.601123
0.977276 0.613683
0.998701 0.631689
0.982482 0.627922
0.976860 0.635035
0.944237 0.623968
0.936329 0.616398
0.945405 0.639901
0.942323 0.645697
0.940738 0.649415
0.928955 0.646561
0.927876 0.646901
0.929365 0.654724
0.919056 0.664811
0.944122 0.660196
0.952758 0.645281
0.954538 0.639142
0.954502 0.643558
0.959288 0.651430
0.961449 0.663098
0.982549 0.651625
0.986502 0.654706
0.986162 0.655528
0.983141 0.657452
0.976243 0.673181
0.971077 0.679547
0.974782 0.683946
0.970325 0.689849
0.975721 0.690946
0.981161 0.691604
0.985924 0.692511
0.990137 0.702979
0.979220 0.716350
0.980523 0.717365
0.977938 0.727871
0.967013 0.743198
0.986387 0.747486
0.983996 0.752296
0.979134 0.749998
0.975170 0.752931
0.971391 0.755620
0.961589 0.756855
0.941773 0.755159
0.957848 0.735994
0.963031 0.732074
0.962581 0.722335
0.960584 0.721435
0.957842 0.717283
0.942459 0.730435
0.948921 0.713228
0.947427 0.695042
0.944627 0.687129
0.928477 0.676119
0.927395 0.677653
0.925318 0.683985
0.936799 0.702145
0.927803 0.712280
0.923664 0.705876
0.920508 0.701060
0.912346 0.706470
0.913433 0.701642
0.908558 0.699164
0.907283 0.686139
0.898442 0.693430
0.896917 0.690083
0.892703 0.679911
0.884934 0.681870
0.888466 0.689020
0.881013 0.691413
0.890678 0.712369
0.892883 0.715530
0.895283 0.714471
0.917947 0.715787
0.917515 0.727330
0.894983 0.730915
0.888679 0.739436
0.876208 0.737002
0.869895 0.730792
0.875691 0.745949
0.877548 0.751087
0.877598 0.754747
0.874954 0.762073
0.880721 0.757615
0.882873 0.749248
0.888692 0.743841
0.892749 0.744369
0.898851 0.743852
0.906196 0.752086
0.920353 0.752944
0.916111 0.758166
0.906150 0.767681
0.899167 0.772097
0.891623 0.778074
0.889560 0.780664
0.902855 0.781927
0.901609 0.792425
0.882125 0.784374
0.878162 0.773445
0.875407 0.773033
0.873287 0.777701
0.865355 0.781979
0.851608 0.803395
0.862822 0.802875
0.874732 0.808594
0.864535 0.822173
0.857917 0.825295
0.858339 0.835346
0.871849 0.830991
0.881192 0.823114
0.881756 0.814836
0.892075 0.810782
0.896564 0.817981
0.896446 0.829289
0.899518 0.839875
0.894394 0.850091
0.897137 0.863097
0.890138 0.860424
0.887328 0.843257
0.868398 0.843189
0.873703 0.858634
0.873799 0.871927
0.873825 0.888020
0.868940 0.893407
0.864638 0.892573
0.867076 0.900065
0.868617 0.904962
0.862089 0.909593
0.853650 0.908028
0.864634 0.918179
0.872285 0.914968
0.872985 0.911940
0.879663 0.912170
0.871899 0.897800
0.877329 0.889911
0.896629 0.878463
0.901045 0.878440
0.913272 0.882131
0.928817 0.895363
0.934243 0.895795
0.935611 0.881327
0.910712 0.871772
0.912158 0.863542
0.924402 0.861246
0.938724 0.875398
0.944458 0.870474
0.943318 0.868218
0.946573 0.858780
0.954421 0.856004
0.961982 0.852707
0.961646 0.844620
0.963807 0.838976
0.958366 0.829668
0.956747 0.835101
0.938220 0.840191
0.931485 0.841451
0.935548 0.834569
0.931619 0.829792
0.925225 0.826259
0.925110 0.822988
0.912122 0.825370
0.921714 0.814418
0.927705 0.804839
0.924411 0.798530
0.905201 0.801407
0.907113 0.792395
0.929107 0.790046
0.923445 0.778565
0.934110 0.765607
0.938794 0.789359
0.944564 0.797094
0.950031 0.797445
0.970560 0.786073
0.981721 0.777057
0.995845 0.767299
0.991313 0.779896
0.993640 0.781499
0.989359 0.799151
0.992152 0.802833
0.983384 0.809942
0.963383 0.805355
0.966951 0.821457
0.979147 0.829680
0.973119 0.832551
0.968684 0.847947
0.984470 0.856716
0.996066 0.857705
0.998717 0.877972
0.996019 0.887074
0.998700 0.896066
0.985264 0.895452
0.991650 0.877933
0.987854 0.867814
0.972784 0.864343
0.970429 0.876080
0.966200 0.876784
0.949440 0.879630
0.966298 0.889666
0.969843 0.896517
0.969453 0.898316
0.952484 0.895181
0.947005 0.899255
0.939628 0.898911
0.937347 0.904565
0.938675 0.904030
0.947441 0.906733
0.944577 0.913711
0.951464 0.928546
0.948218 0.931496
0.951704 0.931326
0.958030 0.932346
0.962041 0.941743
0.961825 0.929231
0.969506 0.911328
0.981099 0.916406
0.979765 0.910360
0.978903 0.905099
0.986899 0.907023
0.992288 0.910262
0.992889 0.912834
0.995540 0.921133
0.977712 0.945365
0.997610 0.960188
0.976984 0.961601
0.977882 0.968532
0.968592 0.985331
0.989791 0.999709
0.984718 0.999251
0.982897 0.999472
0.973650 0.994080
0.962357 0.995169
0.953527 0.999260
0.945497 0.990760
0.930217 0.996789
0.937416 0.984110
0.953089 0.972395
0.946856 0.974570
0.929817 0.975262
0.920236 0.977074
0.913619 0.982705
0.918950 0.963845
0.918440 0.958720
0.927759 0.951241
0.936447 0.944414
0.919470 0.928245
0.915675 0.913224
0.921155 0.911191
0.918852 0.909677
0.912540 0.896702
0.902368 0.892961
0.904267 0.910260
0.896112 0.924211
0.900549 0.945730
0.914383 0.942777
0.907950 0.975833
0.898997 0.979897
0.890873 0.982140
0.889569 0.967705
0.890553 0.964064
0.885357 0.950230
0.884243 0.948305
0.871072 0.949418
0.869708 0.963066
0.880268 0.986822
0.861352 0.983172
0.853652 0.982795
0.858443 0.991173
0.850501 0.994734
0.841949 0.985771
0.837847 0.987522
0.838704 0.981912
0.836127 0.979892
0.827354 0.989465
0.820635 0.995682
0.818356 0.999597
0.804910 0.981902
0.808242 0.979513
0.825269 0.966249
0.840274 0.949031
0.843616 0.954321
0.848207 0.953599
0.850942 0.944145
0.845975 0.931453
0.812917 0.951383
0.801946 0.948372
0.809058 0.959104
0.804687 0.960854
0.803767 0.971362
0.798559 0.978447
0.793081 0.989206
0.797307 0.996923
0.787397 0.993200
0.790491 0.984035
0.789021 0.978271
0.780439 0.965597
0.774919 0.968356
0.772516 0.956938
0.783813 0.955894
0.777895 0.942580
0.768348 0.923736
0.771374 0.922370
0.796664 0.923663
0.791532 0.942701
0.803809 0.935014
0.812841 0.922076
0.817463 0.925435
0.826881 0.917443
0.819114 0.905448
0.815523 0.904587
0.810040 0.909851
0.795002 0.905491
0.794986 0.898535
0.792079 0.890897
0.783392 0.900563
0.772011 0.900774
0.771571 0.904844
0.753870 0.897833
0.743198 0.899976
0.736023 0.899160
0.727604 0.879114
0.729489 0.862869
0.735255 0.851527
0.734702 0.848920
0.740584 0.844004
0.729586 0.847591
0.715648 0.853591
0.712668 0.868560
0.720495 0.870657
0.716597 0.889000
0.707451 0.904894
0.707034 0.908990
0.723327 0.897512
0.731561 0.901489
0.736041 0.917130
0.738214 0.918351
0.760443 0.933033
0.750778 0.936007
0.730363 0.939138
0.710872 0.926033
0.701747 0.936176
0.708793 0.933560
0.713077 0.932726
0.723979 0.943806
0.730167 0.945629
0.741054 0.961109
0.739994 0.971864
0.741958 0.973395
0.748915 0.978413
0.767003 0.980625
0.773105 0.980742
0.759703 0.987935
0.746676 0.996500
0.745945 0.995489
0.743613 0.989013
0.733083 0.975641
0.727643 0.981660
0.727072 0.986528
0.719463 0.986443
0.721595 0.998882
0.708485 0.988874
0.702857 0.992680
0.686713 0.994920
0.679926 0.985226
0.679556 0.981381
0.686469 0.967156
0.686943 0.960840
0.670330 0.971844
0.665776 0.975369
0.657855 0.971130
0.657014 0.974195
0.655471 0.974890
0.654784 0.981820
0.634294 0.985745
0.628708 0.982379
0.638710 0.973507
0.653772 0.957028
0.635870 0.942374
0.640521 0.942696
0.655206 0.944174
0.668646 0.939837
0.658890 0.937756
0.656682 0.936496
0.656853 0.933872
0.650345 0.935120
0.652226 0.928503
0.661762 0.921447
0.674105 0.925526
0.669451 0.916675
0.671397 0.912219
0.673731 0.911095
0.684380 0.898115
0.682859 0.893412
0.682956 0.891648
0.668815 0.887664
0.666463 0.876437
0.684418 0.875548
0.689671 0.876032
0.702031 0.880347
0.695818 0.873641
0.692030 0.862578
0.699763 0.864362
0.703816 0.863694
0.698439 0.855268
0.708097 0.840566
0.696540 0.846104
0.679711 0.841474
0.690328 0.832632
0.680892 0.824947
0.694884 0.808198
0.696361 0.806519
0.690472 0.804629
0.689332 0.802765
0.679395 0.799543
0.676316 0.797213
0.672093 0.782527
0.677692 0.767133
0.685701 0.759427
0.678231 0.735779
0.679874 0.733385
0.693151 0.734896
0.687334 0.713956
0.675222 0.706289
0.670951 0.694025
0.681037 0.685688
0.685889 0.674642
0.681539 0.656993
0.697770 0.659284
0.709753 0.653269
0.708586 0.667130
0.712322 0.668209
0.699252 0.686261
0.703976 0.695315
0.705598 0.689736
0.722515 0.682647
0.720288 0.671676
0.729284 0.674940
0.732591 0.669850
0.725632 0.663412
0.722729 0.659293
0.724552 0.655277
0.718567 0.641406
0.736114 0.626376
0.735541 0.616694
0.746007 0.604956
0.732389 0.600959
0.737416 0.582568
0.738373 0.565248
0.742459 0.560827
0.750232 0.562278
0.743521 0.569336
0.754805 0.588277
0.756052 0.590771
0.752394 0.592580
0.750696 0.592429
0.761486 0.598999
0.761613 0.600203
0.762020 0.610712
0.750379 0.610451
0.749702 0.622862
0.756614 0.622122
0.770535 0.617798
0.769838 0.629598
0.769631 0.641704
0.791240 0.645130
0.787118 0.633758
0.783322 0.628496
0.790341 0.623493
0.792118 0.621813
0.791979 0.609162
0.777879 0.605488
0.773421 0.598211
0.782713 0.595437
0.780247 0.581364
0.796186 0.584334
0.802327 0.591283
0.808408 0.609552
0.799294 0.614281
0.795852 0.616206
0.803523 0.625762
0.812036 0.630241
0.814374 0.639233
0.825088 0.642055
0.814578 0.652358
0.812209 0.659450
0.810625 0.661296
0.819225 0.664965
0.844369 0.675719
0.846460 0.676979
0.842813 0.700164
0.831872 0.691994
0.814582 0.687005
0.813404 0.677394
0.800448 0.680841
0.803887 0.689266
0.806233 0.690103
0.807691 0.691060
0.814605 0.706897
0.814296 0.719425
0.815984 0.733504
0.804597 0.730205
0.799857 0.713307
0.787358 0.721534
0.785766 0.703576
0.786697 0.698576
0.784782 0.698203
0.776913 0.698249
0.762067 0.714725
0.755230 0.709456
0.772287 0.691198
0.778836 0.680219
0.786035 0.675939
0.797584 0.666037
0.794407 0.664577
0.780601 0.657589
0.773902 0.663377
0.764478 0.652203
0.756090 0.650672
0.737340 0.644053
0.744045 0.648254
0.759997 0.657885
0.752213 0.663934
0.744450 0.689788
0.735737 0.687734
0.739086 0.694051
0.737047 0.701418
0.736105 0.705687
0.724050 0.694101
0.720385 0.696445
0.723437 0.705267
0.714761 0.708488
0.710126 0.724323
0.709750 0.734993
0.712728 0.745466
0.722726 0.733980
0.728916 0.746349
0.742920 0.748318
0.718691 0.785568
0.731502 0.792987
0.742920 0.782121
0.761082 0.772004
0.767325 0.765257
0.744997 0.738295
0.753070 0.732941
0.787140 0.746857
0.788232 0.762481
0.793173 0.769263
0.794390 0.781841
0.796734 0.782226
0.799549 0.796787
0.792059 0.794265
0.767079 0.801838
0.755853 0.798255
0.745990 0.798112
0.748992 0.811362
0.750306 0.816082
0.739336 0.810035
0.726831 0.802677
0.724585 0.797294
0.716634 0.794170
0.715130 0.795271
0.711375 0.796769
0.711750 0.794782
0.712541 0.790821
0.710882 0.788532
0.704073 0.791173
0.692981 0.784572
0.704138 0.797978
0.704607 0.807793
0.703204 0.820223
0.713870 0.828606
0.717036 0.832943
0.721257 0.823863
0.722660 0.823677
0.751710 0.827580
0.767520 0.835564
0.760843 0.841473
0.758187 0.845948
0.762027 0.861205
0.751620 0.865212
0.757723 0.868618
0.764022 0.872571
0.758895 0.886920
0.762890 0.886419
0.766908 0.886313
0.768241 0.891883
0.785740 0.877494
0.797910 0.878067
0.799555 0.874633
0.776363 0.859482
0.783511 0.844212
0.780653 0.836457
0.780277 0.831457
0.775970 0.832115
0.770700 0.828264
0.773636 0.827300
0.780189 0.825235
0.780493 0.823243
0.782708 0.822657
0.782118 0.819017
0.775926 0.811627
0.785167 0.814782
0.796514 0.816986
0.806625 0.823920
0.806222 0.831585
0.796463 0.837398
0.799981 0.848142
0.788268 0.848419
0.785643 0.851970
0.792416 0.857920
0.808774 0.853871
0.801543 0.868972
0.810147 0.867707
0.815352 0.883468
0.810420 0.885385
0.809394 0.889419
0.810251 0.892978
0.817908 0.897269
0.829434 0.887068
0.829936 0.886884
0.827100 0.880165
0.827921 0.872294
0.841629 0.869061
0.847462 0.896667
0.851695 0.892246
0.850565 0.878361
0.851729 0.875701
0.854388 0.870932
0.852244 0.852030
0.834402 0.845006
0.826224 0.810861
0.829601 0.784506
0.826620 0.774250
0.825655 0.768902
0.833226 0.777535
0.839075 0.781814
0.840682 0.773805
0.842056 0.767308
0.835863 0.743991
0.825116 0.730354
0.834733 0.731895
0.843098 0.737608
0.844979 0.732297
0.846073 0.723056
0.858108 0.693104
0.862215 0.698309
0.867869 0.697014
0.868087 0.689398
0.879851 0.689128
0.873532 0.675450
0.871569 0.674023
0.879600 0.662944
0.859847 0.670492
0.851972 0.664025
0.842770 0.657526
0.838684 0.658053
0.827781 0.643325
0.833011 0.629912
0.831515 0.629300
0.827673 0.623934
0.831467 0.618003
0.833064 0.624053
0.832578 0.624577
0.847081 0.643065
0.848051 0.640154
0.850586 0.631775
0.855166 0.625143
0.868280 0.622193
0.879468 0.607742
0.880442 0.607491
0.882154 0.606739
0.888083 0.642896
0.895678 0.664816
0.894104 0.671324
0.895731 0.673240
0.897940 0.673001
0.900176 0.669154
0.899230 0.665129
0.907755 0.664611
0.909670 0.663786
0.906900 0.657711
0.910696 0.654617
0.905994 0.650379
0.906893 0.647068
0.904015 0.641208
0.906563 0.634844
0.908147 0.609469
0.901596 0.607255
0.894722 0.596021
0.906269 0.598021
0.940362 0.582930
0.936344 0.576319
0.932971 0.572125
0.892396 0.572462
0.876709 0.551479
0.869341 0.548915
0.871748 0.542328
0.871372 0.538864
0.859976 0.538079
0.862739 0.541615
0.867482 0.556882
0.871034 0.562146
0.868279 0.567979
0.879397 0.569087
0.883440 0.588621
0.872928 0.583998
0.870417 0.587470
0.858456 0.588502
0.856842 0.588433
0.863907 0.581718
0.862185 0.579267
0.846686 0.564865
0.841513 0.575714
0.830608 0.582154
0.826717 0.582891
0.833690 0.593270
0.836783 0.599015
0.841764 0.598130
0.849440 0.604046
0.858270 0.609463
0.843382 0.613532
0.837542 0.606784
0.836108 0.606428
0.824134 0.600818
0.813628 0.584216
0.811095 0.582798
0.800265 0.571135
0.813258 0.572466
0.830700 0.571886
0.826145 0.552033
0.822602 0.550528
0.829897 0.545590
0.832524 0.543817
0.814705 0.536238
0.798781 0.530381
0.799425 0.533334
0.798880 0.541654
0.803984 0.547800
0.793206 0.551965
0.793502 0.554699
0.796379 0.562352
0.784171 0.560458
0.777242 0.556317
0.779088 0.567781
0.776292 0.573253
0.775701 0.572965
0.761518 0.571561
0.762227 0.563880
0.764077 0.556150
0.762121 0.548677
0.750161 0.540601
0.763325 0.540555
0.763849 0.542547
0.775263 0.542628
0.788009 0.538853
0.792532 0.536350
0.789576 0.519651
0.768432 0.514390
0.758629 0.511051
0.755147 0.528045
0.736819 0.503879
0.734875 0.505691
0.723911 0.509088
0.725428 0.525957
0.724739 0.536403
0.729437 0.539911
0.721744 0.553248
0.711350 0.545287
0.706617 0.561943
0.703557 0.569325
0.712330 0.569910
0.716752 0.574138
0.712597 0.580954
0.697091 0.584324
0.692963 0.588143
0.689852 0.604487
0.679667 0.604158
0.681906 0.612213
0.693817 0.614287
0.702178 0.618030
0.710393 0.617861
0.719528 0.627264
0.717286 0.633525
0.706088 0.639418
0.689207 0.625902
0.687650 0.635403
0.677127 0.638774
0.676195 0.651690
0.668861 0.650572
0.656822 0.640294
0.674131 0.612807
0.652528 0.619420
0.650382 0.620325
0.648935 0.627522
0.631643 0.615382
0.615363 0.604012
0.623457 0.594264
0.629282 0.585415
0.650087 0.597607
0.663465 0.589554
0.670196 0.585810
0.679485 0.586279
0.675773 0.576473
0.686907 0.569033
0.674015 0.564055
0.662370 0.562441
0.660122 0.566851
0.655147 0.567507
0.661657 0.555394
0.674675 0.552770
0.680155 0.552670
0.686280 0.555222
0.685472 0.552601
0.684408 0.552947
0.681892 0.550073
0.683697 0.546441
0.686296 0.547395
0.692230 0.545727
0.692367 0.535909
0.681399 0.526638
0.681915 0.522166
0.668738 0.524742
0.664122 0.530471
0.644074 0.533191
0.640976 0.524295
0.642800 0.519951
0.630938 0.519163
0.630847 0.512793
0.632658 0.509491
0.622832 0.508272
0.612805 0.490301
0.620261 0.494908
0.628776 0.501797
0.645033 0.496013
0.647699 0.484550
0.632722 0.483367
0.632105 0.482929
0.621452 0.465426
0.629223 0.464434
0.634684 0.462749
0.637939 0.450505
0.656737 0.444030
0.645850 0.434367
0.640044 0.420258
0.644539 0.418469
0.656222 0.421325
0.662980 0.420028
0.669677 0.414858
0.680524 0.407668
0.674921 0.393297
0.684997 0.398541
0.699730 0.406257
0.697577 0.403461
0.689091 0.394150
0.693694 0.388833
0.703030 0.388476
0.705457 0.389471
0.709023 0.388938
0.723270 0.386138
0.721710 0.373791
0.727648 0.373570
0.742226 0.370108
0.754226 0.365177
0.778249 0.372920
0.787406 0.375354
0.793293 0.380477
0.801364 0.370246
0.790497 0.360702
0.775118 0.356176
0.783768 0.317492
0.789690 0.325619
0.787424 0.339609
0.792708 0.355234
0.804172 0.358791
0.806453 0.371857
0.810899 0.376391
0.811550 0.379537
0.801934 0.381390
0.793414 0.389819
0.779324 0.389610
0.771655 0.403210
0.754139 0.405738
0.753354 0.408539
0.739486 0.407226
0.728236 0.406845
0.730271 0.429511
0.727093 0.429370
0.717108 0.418975
0.705214 0.414548
0.697962 0.424981
0.706663 0.429176
0.710146 0.438984
0.713875 0.445424
0.711926 0.449149
0.711284 0.450019
0.716200 0.452370
0.738633 0.434804
0.745025 0.428841
0.743728 0.427586
0.742607 0.427349
0.739701 0.419686
0.750933 0.424756
0.755328 0.440030
0.749864 0.447335
0.747177 0.450838
0.737104 0.446648
0.734788 0.458578
0.744550 0.467449
0.724740 0.469907
0.708703 0.467108
0.706603 0.459808
0.709269 0.459796
0.709705 0.455932
0.705219 0.454482
0.700932 0.456485
0.694685 0.442779
0.683980 0.450789
0.692408 0.464873
0.680961 0.464303
0.662199 0.468831
0.654339 0.486628
0.655332 0.492126
0.663165 0.498315
0.664296 0.514325
0.665368 0.518137
0.669990 0.515223
0.691373 0.513776
0.683393 0.488504
0.677562 0.491472
0.675836 0.492288
0.669789 0.481647
0.677015 0.478611
0.685352 0.473490
0.690844 0.477912
0.699300 0.476760
0.705041 0.491662
0.705000 0.496870
0.722981 0.491223
0.723267 0.485572
0.730325 0.483666
0.741487 0.491798
0.748979 0.497113
0.744996 0.502923
0.746730 0.504255
0.748800 0.505099
0.752827 0.500474
0.763673 0.490501
0.765149 0.490153
0.764666 0.476023
0.758192 0.472703
0.763935 0.472704
0.792195 0.456153
0.769661 0.452505
0.768653 0.448523
0.766518 0.437808
0.770895 0.428621
0.777552 0.413714
0.799613 0.421979
0.796879 0.439023
0.795873 0.440254
0.795076 0.450942
0.801184 0.443901
0.810190 0.435455
0.811313 0.434768
0.812512 0.428083
0.816582 0.443957
0.807405 0.462139
0.797562 0.476440
0.783116 0.484405
0.782398 0.486296
0.821643 0.505049
0.821396 0.504645
0.819176 0.483975
0.822624 0.474870
0.829354 0.487759
0.844373 0.488096
0.842927 0.473381
0.842111 0.458645
0.838524 0.455877
0.860567 0.447508
0.860048 0.444978
0.854508 0.437339
0.843159 0.435669
0.829707 0.428595
0.828999 0.404748
0.821258 0.400137
0.812028 0.402211
0.822852 0.390075
0.831896 0.386558
0.827367 0.383232
0.825128 0.384895
0.823619 0.379132
0.832977 0.376669
0.826408 0.373531
0.820605 0.376744
0.818653 0.363577
0.820343 0.356256
0.819519 0.353994
0.834587 0.364978
0.840223 0.364470
0.845726 0.353724
0.852652 0.351039
0.852715 0.343060
0.872217 0.342794
0.890517 0.352012
0.895335 0.356484
0.883505 0.378347
0.871895 0.380211
0.881072 0.394201
0.863745 0.394577
0.862440 0.398776
0.843608 0.402959
0.842038 0.405182
0.849258 0.407765
0.877790 0.427138
0.872046 0.436240
0.887829 0.449306
0.890230 0.435970
0.900075 0.422854
0.904332 0.424223
0.905319 0.415397
0.913306 0.412383
0.899424 0.407445
0.905958 0.387129
0.901454 0.369695
0.914105 0.361805
0.921046 0.347637
0.916196 0.342190
0.913993 0.336307
0.892201 0.341115
0.864358 0.336541
0.854684 0.335322
0.849609 0.335338
0.849104 0.335666
0.835822 0.334941
0.842992 0.326464
0.846510 0.321138
0.857680 0.313589
0.875148 0.304915
0.894639 0.313838
0.897729 0.315546
0.897337 0.308816
0.903515 0.309310
0.910762 0.307275
0.913982 0.310731
0.917051 0.299347
0.918702 0.289754
0.916356 0.282276
0.896253 0.281305
0.893075 0.280620
0.886911 0.279537
0.885475 0.286314
0.884172 0.288191
0.873658 0.281435
0.870566 0.287369
0.852306 0.288595
0.849620 0.290392
0.846034 0.277836
0.857348 0.269633
0.877149 0.263559
0.879598 0.265017
0.880764 0.262454
0.891338 0.267957
0.883640 0.258734
0.882227 0.259253
0.875540 0.257145
0.867121 0.254625
0.870151 0.247334
0.869573 0.240065
0.879445 0.225342
0.900539 0.211742
0.923212 0.206690
0.919569 0.201091
0.921046 0.197370
0.906830 0.195069
0.890535 0.196948
0.891563 0.185914
0.881119 0.181856
0.880073 0.154704
0.878088 0.149626
0.857394 0.137905
0.855434 0.129635
0.853385 0.130416
0.842186 0.163280
0.820385 0.167685
0.814115 0.166361
0.805517 0.157266
0.816437 0.157690
0.818719 0.156276
0.822754 0.150780
0.816997 0.152257
0.809521 0.142618
0.814167 0.125820
0.822576 0.115056
0.807346 0.114896
0.801574 0.105537
0.798646 0.096665
0.794568 0.099762
0.798419 0.118736
0.784886 0.115889
0.783764 0.116008
0.778776 0.113929
0.772225 0.122603
0.763275 0.132602
0.756135 0.158249
0.761037 0.156882
0.769734 0.164979
0.772454 0.165431
0.769728 0.148082
0.774164 0.142358
0.790592 0.136270
0.792949 0.144002
0.785510 0.149611
0.797247 0.161239
0.786922 0.170115
0.779363 0.175735
0.771239 0.186973
0.778014 0.194432
0.773288 0.199592
0.765922 0.207764
0.763233 0.211438
0.760661 0.216873
0.761079 0.201078
0.757526 0.202839
0.747558 0.203670
0.746278 0.201916
0.745413 0.199841
0.747009 0.187881
0.739288 0.177641
0.730197 0.166618
0.723948 0.170326
0.719826 0.175685
0.719921 0.184254
0.718219 0.187677
0.725373 0.193251
0.729506 0.193743
0.737097 0.201127
0.733742 0.203465
0.727709 0.217152
0.731279 0.221660
0.740464 0.221163
0.741295 0.213194
0.744492 0.218877
0.754963 0.223740
0.748413 0.229379
0.739340 0.233814
0.726666 0.238241
0.751259 0.249654
0.741560 0.264468
0.757585 0.261658
0.760112 0.259199
0.764226 0.268256
0.772294 0.276880
0.772263 0.284824
0.782248 0.266174
0.782078 0.261966
0.776598 0.259823
0.775758 0.244563
0.768630 0.244180
0.775379 0.231803
0.779189 0.229038
0.784230 0.226260
0.792090 0.233683
0.795382 0.224693
0.778502 0.211451
0.778538 0.200873
0.783696 0.199517
0.794415 0.181890
0.806986 0.179156
0.816205 0.178253
0.814894 0.181223
0.811662 0.187457
0.817476 0.206755
0.837138 0.183571
0.834991 0.176978
0.848944 0.174345
0.850920 0.183790
0.856723 0.186268
0.848499 0.191704
0.856268 0.197294
0.860728 0.200117
0.869030 0.202925
0.847279 0.209422
0.840247 0.208271
0.852720 0.224216
0.844855 0.233503
0.831640 0.243610
0.824731 0.237511
0.828005 0.231050
0.815986 0.233264
0.806598 0.242246
0.784376 0.247036
0.792574 0.256013
0.797282 0.262334
0.819819 0.249730
0.822797 0.263601
0.822660 0.263761
0.836499 0.271083
0.835039 0.274329
0.826561 0.277041
0.828734 0.281848
0.820082 0.284321
0.816427 0.271522
0.814729 0.273027
0.806494 0.267850
0.804269 0.276449
0.794092 0.287460
0.791627 0.290651
0.796275 0.289120
0.813032 0.293870
0.815882 0.311534
0.818640 0.312714
0.819365 0.315332
0.819678 0.320532
0.810498 0.320233
0.801831 0.307981
0.797484 0.311296
0.793095 0.304363
0.772364 0.304987
0.777545 0.291191
0.776619 0.291279
0.756639 0.292577
0.761290 0.305630
0.751239 0.315905
0.758989 0.316437
0.760966 0.322087
0.756088 0.337257
0.750734 0.335253
0.737980 0.339367
0.740141 0.353395
0.729356 0.346271
0.720680 0.348049
0.717447 0.362108
0.707629 0.367097
0.694925 0.370657
0.674307 0.374748
0.670478 0.381166
0.663748 0.368750
0.666238 0.367764
0.671990 0.366428
0.675115 0.359535
0.683302 0.354063
0.695866 0.353708
0.715236 0.336206
0.719277 0.336200
0.715746 0.335388
0.710379 0.335003
0.698526 0.331477
0.681867 0.349499
0.658450 0.345593
0.658664 0.363224
0.641211 0.369751
0.632801 0.371625
0.623783 0.369187
0.623086 0.363548
0.605717 0.362610
0.604802 0.357741
0.608536 0.358345
0.610060 0.359877
0.615000 0.349278
0.623045 0.346860
0.620272 0.344037
0.618714 0.319929
0.608619 0.310462
0.611132 0.306823
0.633385 0.299854
0.642305 0.296792
0.645049 0.293751
0.649199 0.288240
0.652083 0.299933
0.655896 0.303503
0.662464 0.303208
0.645975 0.318182
0.662884 0.331321
0.668036 0.321841
0.672164 0.317382
0.681005 0.316840
0.686732 0.311745
0.683954 0.305078
0.678005 0.307657
0.680246 0.280052
0.689486 0.286863
0.696172 0.303713
0.705506 0.296348
0.714542 0.304409
0.725148 0.307096
0.728218 0.311657
0.726293 0.321231
0.723654 0.325052
0.740543 0.313263
0.736866 0.299141
0.752664 0.284395
0.756801 0.279261
0.756518 0.274527
0.751314 0.278461
0.750043 0.278201
0.749039 0.275144
0.741727 0.283784
0.733337 0.275287
0.713111 0.278363
0.709275 0.281549
0.703258 0.269171
0.686500 0.264034
0.681310 0.260465
0.689589 0.249978
0.700866 0.252578
0.719030 0.256952
0.712866 0.249789
0.713533 0.248610
0.713377 0.247319
0.715525 0.246399
0.712564 0.241056
0.708260 0.237665
0.707531 0.237592
0.701384 0.245613
0.688139 0.232821
0.692223 0.226234
0.688104 0.217697
0.696791 0.217878
0.693083 0.208849
0.705911 0.207580
0.715353 0.212262
0.701103 0.195682
0.698747 0.194945
0.683768 0.191424
0.679748 0.177450
0.668344 0.167418
0.666275 0.183672
0.652924 0.189562
0.658185 0.178834
0.652838 0.172651
0.639185 0.166613
0.644997 0.162843
0.651238 0.147508
0.644007 0.144466
0.636484 0.135225
0.634349 0.125781
0.632548 0.126401
0.612592 0.123480
0.594123 0.132088
0.592051 0.114885
0.581501 0.107423
0.562212 0.116152
0.566024 0.097890
0.561828 0.093154
0.559817 0.091562
0.558214 0.096672
0.542417 0.095890
0.538556 0.099794
0.546431 0.104400
0.554584 0.126002
0.531815 0.148362
0.538835 0.158125
0.552253 0.149060
0.552317 0.153845
0.551223 0.166049
0.551181 0.174975
0.549075 0.175540
0.535826 0.176558
0.535303 0.172543
0.540438 0.169642
0.536762 0.168391
0.520556 0.159751
0.509084 0.162855
0.501521 0.159768
0.498136 0.158795
0.503091 0.167101
0.493512 0.170607
0.497355 0.174301
0.494314 0.178263
0.487434 0.191948
0.494651 0.191412
0.497367 0.196986
0.500936 0.183956
0.504193 0.176784
0.504926 0.179356
0.509484 0.188074
0.523660 0.193506
0.536033 0.203989
0.546329 0.194585
0.570277 0.194058
0.566615 0.216497
0.563986 0.216393
0.557126 0.211957
0.555441 0.217671
0.546246 0.239233
0.548276 0.247949
0.539272 0.237097
0.538851 0.230897
0.531530 0.218348
0.529852 0.207473
0.526294 0.207283
0.506625 0.205993
0.492145 0.217745
0.473986 0.216516
0.480796 0.228184
0.481896 0.233652
0.489501 0.225502
0.498382 0.231064
0.499143 0.228959
0.508948 0.229377
0.500574 0.253189
0.502712 0.252276
0.530215 0.241608
0.532120 0.241829
0.528330 0.250836
0.524315 0.265694
0.518653 0.266727
0.503122 0.271061
0.500621 0.270856
0.485897 0.270763
0.494840 0.282859
0.509596 0.279676
0.509813 0.284185
0.507308 0.291403
0.509992 0.298713
0.508668 0.299585
0.512125 0.303543
0.507071 0.317471
0.521016 0.312122
0.525493 0.302337
0.539524 0.312109
0.547898 0.298980
0.542970 0.291927
0.538593 0.293169
0.541419 0.278808
0.544145 0.278873
0.553502 0.278165
0.550201 0.289866
0.552187 0.295067
0.576343 0.305149
0.579534 0.297634
0.580601 0.284789
0.582623 0.283726
0.568269 0.271333
0.558331 0.253302
0.590317 0.255290
0.589180 0.236617
0.598683 0.226088
0.591586 0.215845
0.591044 0.214239
0.587314 0.217740
0.577644 0.213139
0.587657 0.202902
0.587689 0.200351
0.595773 0.196020
0.604057 0.191304
0.573684 0.180441
0.572372 0.179026
0.592172 0.171052
0.591233 0.148840
0.583577 0.151980
0.577590 0.141348
0.575533 0.142359
0.570720 0.146368
0.568508 0.137673
0.576412 0.122785
0.578680 0.129708
0.590206 0.144331
0.603957 0.151463
0.613738 0.146788
0.606161 0.162690
0.621868 0.164168
0.623818 0.159437
0.629571 0.154299
0.625450 0.165188
0.626704 0.181033
0.635890 0.191551
0.620113 0.198593
0.617015 0.187007
0.619279 0.181973
0.607217 0.189559
0.616520 0.207402
0.626397 0.207600
0.626224 0.210239
0.618245 0.210527
0.613006 0.218566
0.615810 0.244395
0.631540 0.233113
0.638581 0.210122
0.657155 0.199807
0.670070 0.198653
0.676111 0.203511
0.667676 0.203818
0.660021 0.214634
0.665190 0.215526
0.665416 0.221873
0.660743 0.243347
0.667479 0.242991
0.673863 0.246680
0.676332 0.261005
0.672882 0.260963
0.657997 0.274195
0.652488 0.286368
0.649299 0.285581
0.653265 0.277983
0.652737 0.256715
0.647955 0.242679
0.627943 0.258510
0.617064 0.253147
0.605803 0.260974
0.601888 0.263869
0.595564 0.271361
0.600452 0.271671
0.606147 0.285517
0.608189 0.295196
0.609385 0.303709
0.600447 0.304894
0.592420 0.325335
0.574543 0.319913
0.555129 0.333925
0.548921 0.334345
0.538203 0.334204
0.532449 0.329314
0.524178 0.340693
0.523395 0.350583
0.513668 0.352672
0.513325 0.364977
0.505830 0.365089
0.506795 0.368270
0.493587 0.374596
0.479718 0.375356
0.481534 0.365288
0.485694 0.364199
0.478641 0.348250
0.477659 0.345353
0.471460 0.349080
0.461643 0.353903
0.444828 0.362295
0.447328 0.367470
0.449187 0.368937
0.450939 0.371813
0.454307 0.376797
0.465767 0.384508
0.467897 0.384773
0.474200 0.381257
0.475575 0.392929
0.475688 0.403560
0.495953 0.416684
0.506531 0.404133
0.489769 0.396735
0.496435 0.376814
0.507451 0.380621
0.527877 0.382199
0.531896 0.375932
0.536718 0.363838
0.534051 0.362534
0.539247 0.351648
0.545216 0.349723
0.564785 0.362313
0.564611 0.345664
0.586432 0.344402
0.599683 0.343103
0.590002 0.362797
0.597973 0.365229
0.596960 0.370796
0.590074 0.374656
0.572560 0.372379
0.591549 0.387471
0.605791 0.402684
0.618657 0.403317
0.616038 0.400751
0.612939 0.381632
0.613286 0.377273
0.625699 0.386747
0.637487 0.394084
0.657325 0.398202
0.642365 0.409319
0.634442 0.405240
0.626072 0.411166
0.618042 0.411473
0.610201 0.428228
0.595975 0.420394
0.601401 0.434505
0.603916 0.440569
0.592375 0.443999
0.582938 0.435670
0.568765 0.436621
0.559907 0.432198
0.566723 0.422934
0.574880 0.403608
0.569819 0.401797
0.562328 0.398076
0.553391 0.407413
0.549622 0.402121
0.532748 0.390614
0.526037 0.396153
0.523776 0.411237
0.522564 0.415094
0.534930 0.423980
0.513594 0.432187
0.511416 0.441841
0.488837 0.445873
0.490125 0.458118
0.505746 0.458172
0.520960 0.444141
0.527074 0.448500
0.532647 0.462939
0.517566 0.464972
0.507746 0.483459
0.495014 0.475654
0.477069 0.470540
0.460250 0.459395
0.461533 0.464645
0.468441 0.473779
0.472423 0.477866
0.467574 0.490276
0.480174 0.497655
0.485855 0.510854
0.486498 0.501017
0.488722 0.500654
0.496053 0.498628
0.508101 0.497317
0.505673 0.503932
0.512389 0.510358
0.512239 0.522008
0.520813 0.503270
0.526982 0.496833
0.554832 0.512337
0.545192 0.522953
0.544510 0.539329
0.548036 0.536809
0.554253 0.532502
0.570369 0.542171
0.569012 0.530959
0.569426 0.529239
0.568915 0.528043
0.577735 0.528184
0.571000 0.521594
0.576224 0.504181
0.573456 0.490483
0.545422 0.490636
0.554562 0.474719
0.556298 0.472284
0.544144 0.457120
0.557970 0.449554
0.576389 0.463698
0.569668 0.470798
0.583992 0.478058
0.587675 0.482024
0.593215 0.474343
0.598380 0.469134
0.600407 0.462863
0.608163 0.464970
0.598366 0.474239
0.603821 0.499925
0.590663 0.524161
0.579163 0.542714
0.577130 0.558483
0.582498 0.569354
0.594087 0.579719
0.601500 0.568271
0.593093 0.561631
0.591940 0.561165
0.582496 0.557736
0.597644 0.550927
0.600513 0.553030
0.602425 0.552932
0.605208 0.549295
0.615652 0.543661
0.609514 0.532426
0.612722 0.532351
0.615860 0.522015
0.619844 0.540276
0.623457 0.540120
0.626216 0.552142
0.628898 0.558037
0.630278 0.574956
0.615850 0.578138
0.606351 0.587675
0.588027 0.599597
0.589890 0.609906
0.587380 0.611823
0.587700 0.624489
0.587939 0.630204
0.583738 0.633789
0.595645 0.633676
0.599348 0.628702
0.601979 0.623817
0.605432 0.620615
0.601357 0.639514
0.596280 0.648925
0.602927 0.662181
0.616424 0.646513
0.610483 0.638934
0.624470 0.626029
0.629305 0.636064
0.642563 0.639963
0.633128 0.654655
0.636491 0.659409
0.629382 0.664921
0.620025 0.667237
0.618044 0.659624
0.615701 0.666495
0.610727 0.671198
0.624232 0.684586
0.632358 0.675541
0.639418 0.675568
0.655883 0.683796
0.660195 0.676137
0.664720 0.685505
0.653189 0.699810
0.645864 0.708609
0.648841 0.721151
0.640631 0.712053
0.640618 0.707006
0.630643 0.707741
0.633648 0.699649
0.622340 0.697094
0.625011 0.728083
0.601814 0.728696
0.599770 0.724890
0.592110 0.721768
0.593170 0.713878
0.593079 0.707932
0.600237 0.703462
0.603625 0.703690
0.599196 0.695005
0.595140 0.688056
0.588082 0.681101
0.586802 0.682825
0.584251 0.679946
0.574638 0.683650
0.571238 0.677671
0.577559 0.667980
0.578625 0.649830
0.572808 0.645395
0.566313 0.650644
0.559859 0.653281
0.560331 0.659767
0.563164 0.668617
0.565576 0.670730
0.558681 0.672471
0.552212 0.683012
0.556057 0.682213
0.572818 0.691215
0.582684 0.706049
0.582623 0.717533
0.579928 0.736184
0.572954 0.742443
0.567059 0.745790
0.568955 0.756182
0.566785 0.757221
0.550026 0.745735
0.554457 0.735310
0.557616 0.726396
0.557061 0.710912
0.553692 0.717419
0.554212 0.719588
0.542030 0.733453
0.529149 0.727246
0.525289 0.726413
0.522117 0.736355
0.531193 0.742637
0.531043 0.752315
0.528047 0.747211
0.527922 0.747020
0.505121 0.732452
0.501945 0.731375
0.496445 0.725849
0.489706 0.719850
0.476291 0.726656
0.482147 0.736954
0.492249 0.740487
0.495143 0.754622
0.502809 0.756567
0.503415 0.761625
0.526052 0.759587
0.521760 0.764863
0.522042 0.767589
0.527789 0.775504
0.539935 0.765004
0.545952 0.769823
0.551390 0.763063
0.554222 0.761804
0.555399 0.769391
0.552465 0.768476
0.548942 0.773486
0.551226 0.780056
0.563716 0.781725
0.571797 0.778956
0.582431 0.768901
0.580088 0.756924
0.593658 0.747897
0.608333 0.752438
0.614680 0.767620
0.611470 0.766219
0.609557 0.760762
0.604701 0.758905
0.594974 0.762947
0.593818 0.768878
0.582320 0.780096
0.586495 0.786066
0.585827 0.788589
0.579266 0.798108
0.589395 0.797368
0.609060 0.793483
0.615019 0.797131
0.622127 0.795813
0.633740 0.793110
0.631326 0.779862
0.638594 0.760769
0.633841 0.755682
0.628911 0.747999
0.628776 0.746484
0.624196 0.734184
0.639296 0.742202
0.643126 0.744653
0.661477 0.736815
0.647265 0.752635
0.648137 0.758851
0.657096 0.763184
0.664049 0.770860
0.665469 0.775445
0.656640 0.789271
0.654684 0.791528
0.656822 0.793502
0.655140 0.806660
0.647307 0.807054
0.632192 0.812038
0.622769 0.816431
0.619563 0.821058
0.610552 0.808896
0.594532 0.812882
0.589431 0.827162
0.590727 0.828108
0.590699 0.830950
0.580003 0.832837
0.577114 0.830746
0.575005 0.825632
0.576697 0.818432
0.576015 0.812281
0.569451 0.796962
0.549551 0.807019
0.544482 0.797229
0.530439 0.795981
0.526176 0.792877
0.522373 0.797550
0.520690 0.798891
0.525100 0.809594
0.515580 0.808452
0.497872 0.803381
0.494631 0.797623
0.483073 0.809633
0.482077 0.818122
0.484029 0.822996
0.463234 0.819169
0.460816 0.813805
0.468800 0.807467
0.460528 0.802720
0.452763 0.781772
0.471634 0.778341
0.468966 0.761979
0.474604 0.762634
0.479732 0.757175
0.484888 0.752159
0.474636 0.753656
0.472025 0.754059
0.471018 0.753304
0.463090 0.746057
0.463578 0.753890
0.462238 0.757186
0.454442 0.758356
0.447198 0.760527
0.434904 0.752813
0.430121 0.759172
0.427642 0.749134
0.427204 0.747642
0.427412 0.742577
0.437150 0.745600
0.452446 0.730626
0.458545 0.724279
0.452429 0.720942
0.444576 0.725413
0.441945 0.720751
0.450551 0.711007
0.461886 0.701838
0.463937 0.699597
0.467320 0.693205
0.468720 0.705925
0.480196 0.708397
0.477634 0.696410
0.481354 0.692084
0.498063 0.677172
0.501681 0.675262
0.502219 0.682084
0.502031 0.685909
0.494869 0.689918
0.496950 0.692950
0.496045 0.693247
0.494686 0.700122
0.511636 0.708350
0.520252 0.723192
0.539480 0.713880
0.539197 0.702551
0.548865 0.693693
0.528547 0.688977
0.520274 0.690272
0.516649 0.684939
0.523201 0.676471
0.527286 0.669216
0.536017 0.684018
0.539911 0.668403
0.546972 0.666654
0.548689 0.654787
0.532966 0.656528
0.538954 0.640022
0.529257 0.645405
0.512259 0.649114
0.491446 0.653408
0.491379 0.667316
0.486066 0.663798
0.480327 0.671474
0.472158 0.673643
0.470998 0.667272
0.462874 0.673705
0.461475 0.670295
0.463862 0.658738
0.462883 0.649387
0.461295 0.645598
0.471648 0.641012
0.474077 0.638812
0.453774 0.639010
0.452463 0.640752
0.440931 0.634315
0.444000 0.631987
0.441487 0.627789
0.430308 0.630937
0.429791 0.630927
0.429035 0.616132
0.430536 0.605470
0.423859 0.593294
0.423950 0.593289
0.432911 0.594561
0.446597 0.604680
0.440868 0.612784
0.452009 0.629108
0.455055 0.623959
0.466560 0.621933
0.468561 0.614665
0.473723 0.613467
0.480461 0.634112
0.484414 0.640661
0.513124 0.628202
0.518979 0.631910
0.520373 0.627644
0.514950 0.611301
0.516372 0.610046
0.523249 0.608160
0.526260 0.606152
0.532977 0.626001
0.535905 0.630001
0.535820 0.634265
0.550277 0.628447
0.543830 0.622964
0.541001 0.607161
0.547199 0.594446
0.555480 0.610833
0.563755 0.601615
0.570981 0.601926
0.561483 0.591853
0.574959 0.578823
0.563664 0.573985
0.561294 0.572865
0.558188 0.563009
0.560069 0.554243
0.549891 0.563735
0.538130 0.563955
0.537058 0.548509
0.540531 0.535629
0.536601 0.532848
0.532496 0.520655
0.527810 0.526847
0.525753 0.530743
0.523626 0.539576
0.518353 0.552941
0.521185 0.556099
0.519646 0.558619
0.527226 0.568639
0.521437 0.571985
0.515000 0.570457
0.512840 0.574132
0.495565 0.554425
0.496758 0.545612
0.499341 0.543932
0.491282 0.543662
0.483518 0.546939
0.479434 0.569181
0.496078 0.576473
0.505217 0.575595
0.509502 0.585540
0.488842 0.593198
0.470240 0.611513
0.465634 0.605268
0.471665 0.595736
0.459408 0.582464
0.456360 0.578336
0.456285 0.576725
0.444261 0.581597
0.429696 0.573289
0.410456 0.564415
0.408354 0.565715
0.407761 0.562611
0.408020 0.555412
0.406953 0.551486
0.396594 0.550347
0.412415 0.545353
0.415403 0.556645
0.432071 0.559674
0.445037 0.563431
0.447796 0.564015
0.458936 0.567825
0.464412 0.572097
0.463028 0.566917
0.467131 0.556045
0.468466 0.551852
0.456573 0.547852
0.445232 0.531726
0.459490 0.542835
0.471397 0.544697
0.485467 0.537385
0.482294 0.516241
0.474468 0.517965
0.454464 0.519726
0.453703 0.502319
0.455872 0.497963
0.452616 0.499215
0.446993 0.494515
0.446332 0.479773
0.435114 0.472108
0.429595 0.477673
0.424420 0.477221
0.425713 0.481418
0.424729 0.482663
0.435136 0.504965
0.435216 0.507853
0.440614 0.514021
0.438492 0.524860
0.430279 0.514312
0.429827 0.507084
0.422472 0.502239
0.415825 0.493434
0.412898 0.490044
0.395583 0.481147
0.400535 0.488006
0.399150 0.494747
0.383804 0.500909
0.388335 0.507854
0.415127 0.509609
0.420443 0.520205
0.412712 0.523659
0.404519 0.519207
0.395606 0.517798
0.389859 0.520077
0.378022 0.524505
0.372457 0.516667
0.364599 0.516243
0.370914 0.509542
0.364859 0.503235
0.366170 0.494717
0.374276 0.478399
0.377775 0.462588
0.371781 0.452317
0.357863 0.463458
0.355128 0.458061
0.342612 0.451666
0.353091 0.438238
0.369992 0.432625
0.379109 0.438188
0.387972 0.453338
0.410747 0.465651
0.415489 0.465268
0.414174 0.455740
0.416859 0.450827
0.429648 0.459418
0.430507 0.459588
0.429958 0.462678
0.444009 0.466227
0.434388 0.459477
0.427596 0.450585
0.412735 0.435571
0.394567 0.427838
0.384873 0.410126
0.377210 0.411154
0.376999 0.416950
0.374823 0.422114
0.372011 0.425197
0.367083 0.427859
0.363983 0.426235
0.363191 0.420499
0.364489 0.416115
0.366763 0.409920
0.366730 0.393355
0.380191 0.399635
0.385725 0.397757
0.397645 0.394226
0.412233 0.395025
0.434947 0.396905
0.425661 0.418614
0.423477 0.429732
0.441247 0.426140
0.444903 0.434791
0.446009 0.438448
0.457688 0.449091
0.465005 0.441274
0.474438 0.437344
0.479175 0.438158
0.480783 0.439289
0.486181 0.430939
0.474220 0.432731
0.462084 0.426178
0.456493 0.420044
0.452271 0.390815
0.446949 0.384489
0.428818 0.384367
0.426524 0.386482
0.414113 0.375318
0.415200 0.366204
0.410829 0.370883
0.401683 0.367973
0.390800 0.374282
0.386951 0.391203
0.381035 0.378623
0.370952 0.369188
0.365213 0.357066
0.370942 0.349906
0.358659 0.347382
0.354416 0.353538
0.357223 0.371474
0.358244 0.383038
0.350785 0.383538
0.350058 0.385725
0.346443 0.396643
0.334663 0.393142
0.345988 0.379364
0.338724 0.378976
0.329605 0.380900
0.330214 0.383986
0.326092 0.385046
0.322697 0.389237
0.311923 0.390073
0.302051 0.386848
0.290179 0.381630
0.285716 0.387609
0.287754 0.403892
0.284673 0.407226
0.274189 0.386732
0.271488 0.385940
0.268400 0.398048
0.264503 0.399301
0.272908 0.409046
0.268701 0.418074
0.265822 0.424042
0.277489 0.437798
0.254816 0.432011
0.240695 0.440077
0.236057 0.442094
0.223497 0.428591
0.208940 0.439199
0.223703 0.460555
0.229752 0.463989
0.240690 0.454390
0.242216 0.460104
0.242902 0.467677
0.239955 0.469746
0.250165 0.482657
0.251337 0.484907
0.254076 0.462025
0.252834 0.454810
0.256009 0.453290
0.258564 0.451099
0.258318 0.457317
0.261176 0.463591
0.264656 0.457208
0.271948 0.459946
0.274635 0.450636
0.280431 0.453311
0.299718 0.460318
0.306981 0.451242
0.294556 0.449237
0.287507 0.441808
0.285885 0.427399
0.287662 0.428047
0.293530 0.422730
0.298482 0.408360
0.307877 0.400857
0.308824 0.410945
0.309962 0.430843
0.321889 0.430708
0.324311 0.420328
0.325072 0.414825
0.328497 0.406437
0.343280 0.408723
0.344911 0.418961
0.351468 0.421512
0.343643 0.426905
0.344175 0.429788
0.338718 0.438912
0.335009 0.442928
0.324192 0.445107
0.324208 0.457035
0.331312 0.465329
0.306548 0.479312
0.301087 0.481299
0.294540 0.486219
0.292400 0.468528
0.291890 0.468321
0.284529 0.476809
0.281610 0.482280
0.275391 0.478899
0.276863 0.492194
0.287560 0.504901
0.289214 0.517907
0.274290 0.520276
0.276088 0.511310
0.268972 0.503929
0.258687 0.506426
0.258623 0.506829
0.232453 0.511201
0.233941 0.506346
0.240183 0.493288
0.238198 0.493464
0.230953 0.491019
0.226030 0.487715
0.220432 0.494508
0.230338 0.502960
0.214435 0.502014
0.213945 0.510355
0.217567 0.517852
0.215306 0.524463
0.239501 0.516382
0.238930 0.522934
0.238980 0.525856
0.236971 0.536543
0.246254 0.538057
0.251349 0.530168
0.271491 0.544204
0.271725 0.550054
0.271069 0.551555
0.292600 0.540921
0.295720 0.538135
0.281407 0.571285
0.281549 0.572144
0.308327 0.564976
0.309983 0.573846
0.338812 0.572966
0.340391 0.570893
0.339309 0.565015
0.329299 0.562263
0.331070 0.545299
0.315712 0.534888
0.305782 0.543319
0.307403 0.538694
0.310759 0.532697
0.307329 0.519117
0.313211 0.515405
0.318085 0.514609
0.307440 0.506288
0.314409 0.501407
0.319892 0.485258
0.346791 0.478279
0.353514 0.490932
0.357190 0.494383
0.357732 0.503334
0.342621 0.508186
0.336946 0.512859
0.340710 0.525439
0.341404 0.526575
0.350085 0.527864
0.349931 0.537825
0.360352 0.530937
0.366042 0.529230
0.367074 0.541458
0.371880 0.558883
0.376911 0.563385
0.379993 0.565630
0.385614 0.565529
0.401073 0.573599
0.405977 0.587024
0.399256 0.584299
0.385331 0.574727
0.362456 0.589309
0.359700 0.587406
0.331587 0.599023
0.325031 0.605046
0.333122 0.618417
0.331255 0.625268
0.320239 0.630891
0.320989 0.604354
0.315927 0.598980
0.314522 0.594283
0.309354 0.605557
0.302274 0.614668
0.312408 0.621304
0.309835 0.625565
0.282359 0.636165
0.275098 0.637929
0.270701 0.659815
0.268469 0.663491
0.273650 0.662890
0.275854 0.652574
0.287403 0.645577
0.296310 0.647900
0.309344 0.649901
0.292991 0.677946
0.312057 0.668797
0.319083 0.677382
0.309970 0.693735
0.317540 0.699449
0.316875 0.699989
0.317807 0.704530
0.303214 0.717562
0.288834 0.706361
0.285419 0.701126
0.282898 0.720161
0.277190 0.719745
0.269564 0.713961
0.274527 0.704407
0.255045 0.703316
0.255812 0.695071
0.254185 0.695868
0.250171 0.699129
0.249956 0.698426
0.239948 0.695476
0.237245 0.717337
0.242551 0.716490
0.251203 0.721053
0.242736 0.733694
0.235836 0.731039
0.231008 0.739012
0.219866 0.746920
0.218494 0.747382
0.213906 0.751000
0.216278 0.745695
0.213716 0.730433
0.215748 0.727907
0.223169 0.731677
0.226580 0.731760
0.224728 0.708378
0.229193 0.703948
0.224711 0.693734
0.218277 0.699386
0.208345 0.694793
0.218143 0.685799
0.222986 0.684964
0.231235 0.676561
0.244908 0.671459
0.253228 0.660126
0.244608 0.659701
0.243817 0.647538
0.229142 0.660062
0.225231 0.660877
0.226646 0.666680
0.203935 0.678562
0.199488 0.676508
0.189485 0.673126
0.188749 0.666686
0.196943 0.650147
0.201429 0.656983
0.203745 0.653135
0.211350 0.644917
0.218677 0.644896
0.211055 0.631398
0.210516 0.622521
0.221712 0.611309
0.238618 0.628286
0.243288 0.631617
0.243731 0.624907
0.250132 0.612754
0.250201 0.620737
0.252605 0.628175
0.259291 0.624171
0.262504 0.633083
0.266308 0.627225
0.266812 0.616411
0.276705 0.615819
0.278306 0.612417
0.262819 0.600092
0.270764 0.586763
0.257903 0.563000
0.255820 0.573857
0.254867 0.577661
0.248850 0.580601
0.244948 0.579022
0.240979 0.586832
0.243710 0.589587
0.240757 0.601498
0.236610 0.609469
0.218762 0.592715
0.220308 0.574879
0.231662 0.571726
0.236118 0.556196
0.223623 0.545253
0.220198 0.555757
0.220541 0.560189
0.218617 0.557815
0.211212 0.556949
0.193157 0.557615
0.189530 0.546530
0.190509 0.538505
0.180928 0.540464
0.181817 0.549953
0.178460 0.554911
0.156459 0.548311
0.142692 0.560045
0.144198 0.563141
0.142498 0.567017
0.136155 0.575424
0.138423 0.591609
0.138515 0.592746
0.150534 0.581407
0.161417 0.573348
0.163078 0.583407
0.164262 0.597363
0.166470 0.595251
0.176216 0.594006
0.182679 0.577709
0.179417 0.566881
0.177736 0.562893
0.182370 0.566308
0.184683 0.560882
0.195601 0.567397
0.199148 0.570652
0.185732 0.592393
0.198879 0.591423
0.210249 0.592550
0.201324 0.606222
0.199839 0.617891
0.196597 0.628056
0.192864 0.643101
0.187889 0.645386
0.178420 0.643695
0.173137 0.643594
0.164308 0.638555
0.168180 0.636130
0.164731 0.631300
0.164431 0.621227
0.155574 0.605142
0.150540 0.617041
0.138668 0.621961
0.127575 0.623325
0.125373 0.630057
0.118092 0.644225
0.124253 0.650165
0.118875 0.659980
0.126594 0.661043
0.130838 0.661066
0.135655 0.665665
0.137638 0.674892
0.143410 0.675408
0.135431 0.651339
0.143516 0.651609
0.148328 0.659184
0.159745 0.667832
0.157517 0.669570
0.160471 0.674382
0.179258 0.663061
0.179825 0.663659
0.186016 0.678810
0.186607 0.679126
0.194109 0.707477
0.208273 0.710924
0.208564 0.712521
0.209897 0.717807
0.203168 0.714862
0.188680 0.720874
0.189361 0.732877
0.175371 0.739669
0.169295 0.758503
0.164249 0.760848
0.147810 0.740095
0.146896 0.740458
0.134772 0.746115
0.131896 0.740401
0.141155 0.727869
0.135437 0.718080
0.151413 0.710510
0.171721 0.722672
0.178203 0.720108
0.179749 0.709521
0.172231 0.698452
0.162194 0.696961
0.149416 0.700306
0.150087 0.706822
0.147554 0.702994
0.136640 0.701437
0.115004 0.698997
0.108655 0.706626
0.114397 0.710020
0.117260 0.713648
0.116495 0.735955
0.114340 0.737266
0.092755 0.725948
0.074336 0.727273
0.066205 0.730967
0.076353 0.742026
0.079831 0.741841
0.094982 0.750426
0.110042 0.781308
0.127068 0.767507
0.134509 0.777753
0.153684 0.773211
0.159698 0.784312
0.171762 0.770445
0.178626 0.770742
0.180070 0.772792
0.191774 0.762788
0.194824 0.751815
0.214015 0.773333
0.216524 0.796312
0.182305 0.797622
0.178881 0.790341
0.173954 0.797686
0.172850 0.799713
0.173638 0.805911
0.173564 0.811160
0.177651 0.822837
0.180668 0.836267
0.176830 0.831060
0.168171 0.825265
0.169413 0.818677
0.162291 0.823472
0.148117 0.806844
0.135964 0.801929
0.128275 0.819404
0.127035 0.838924
0.123598 0.843747
0.114999 0.838751
0.121743 0.837581
0.123535 0.830406
0.119818 0.797177
0.114717 0.795710
0.111932 0.789209
0.096653 0.786540
0.078009 0.780790
0.074913 0.786375
0.067355 0.802261
0.049383 0.776176
0.044390 0.800557
0.048276 0.803038
0.062706 0.827612
0.064976 0.832680
0.093927 0.833240
0.095356 0.855970
0.102830 0.843959
0.102368 0.841851
0.108354 0.840723
0.107740 0.847552
0.118223 0.853276
0.130087 0.847105
0.130746 0.851541
0.136563 0.850710
0.142815 0.835456
0.152567 0.836312
0.147528 0.845893
0.147283 0.852260
0.143934 0.867332
0.145647 0.868159
0.143981 0.878668
0.145865 0.879112
0.157316 0.878498
0.158184 0.864954
0.169976 0.860524
0.181878 0.859679
0.167441 0.889351
0.171353 0.905750
0.161865 0.921818
0.156279 0.921825
0.151163 0.919642
0.154856 0.937120
0.158896 0.930642
0.162072 0.928812
0.175784 0.924970
0.183488 0.923153
0.192767 0.923655
0.189187 0.928042
0.190075 0.936479
0.190947 0.939656
0.193835 0.940260
0.191563 0.946415
0.186416 0.946316
0.199629 0.965793
0.224953 0.966429
0.231959 0.959605
0.228623 0.957695
0.225974 0.950553
0.226382 0.946767
0.219047 0.952085
0.206513 0.938397
0.196896 0.939856
0.202893 0.928459
0.219433 0.921227
0.200153 0.908285
0.191090 0.908773
0.184160 0.901315
0.176919 0.904681
0.179988 0.894628
0.206670 0.891943
0.219215 0.879382
0.223356 0.883526
0.237145 0.898102
0.244082 0.891191
0.244813 0.893151
0.264581 0.892521
0.274304 0.896123
0.281481 0.895958
0.267712 0.885407
0.271612 0.879177
0.253958 0.868177
0.252012 0.879245
0.244918 0.880239
0.233757 0.875813
0.227048 0.857508
0.201698 0.842843
0.192185 0.839856
0.192127 0.823885
0.205177 0.816673
0.212245 0.819226
0.227860 0.839227
0.245838 0.856200
0.250795 0.834172
0.253876 0.833126
0.252531 0.830665
0.242264 0.819194
0.237274 0.804357
0.247928 0.808084
0.258204 0.801031
0.242835 0.793900
0.243396 0.788909
0.257730 0.787232
0.254528 0.781776
0.263596 0.772315
0.271736 0.764366
0.251715 0.757049
0.265446 0.746744
0.266136 0.742963
0.272789 0.748231
0.274884 0.752172
0.277425 0.757806
0.285547 0.756809
0.292200 0.755365
0.280823 0.747710
0.287215 0.744682
0.297697 0.748667
0.302586 0.748358
0.303482 0.741328
0.310210 0.738104
0.313928 0.737104
0.314405 0.728834
0.328609 0.749113
0.311646 0.751192
0.304436 0.772189
0.290447 0.779502
0.288772 0.781706
0.284929 0.786848
0.305048 0.800031
0.319967 0.801753
0.329114 0.797048
0.333179 0.785675
0.313570 0.788060
0.320616 0.784086
0.322352 0.780043
0.337837 0.762710
0.332345 0.751525
0.345627 0.754021
0.358641 0.731312
0.355015 0.729997
0.347092 0.734194
0.340433 0.734931
0.336848 0.733984
0.338013 0.725084
0.340342 0.720730
0.334154 0.718342
0.351183 0.700495
0.353326 0.699224
0.356417 0.682732
0.352750 0.673494
0.347699 0.674439
0.340291 0.666721
0.344491 0.647738
0.339949 0.639642
0.345247 0.646475
0.358348 0.651872
0.363347 0.651427
0.367521 0.661918
0.382788 0.667472
0.396378 0.679623
0.401060 0.657354
0.390644 0.646026
0.397832 0.626386
0.377888 0.631052
0.373903 0.635458
0.366310 0.636279
0.353513 0.631445
0.348671 0.622292
0.349104 0.620848
0.370911 0.614832
0.381511 0.613809
0.394146 0.597248
0.408099 0.602912
0.424648 0.609290
0.422374 0.619180
0.411295 0.612167
0.408019 0.629298
0.405049 0.638151
0.402441 0.642263
0.412574 0.652777
0.418393 0.645739
0.420138 0.647018
0.432814 0.654542
0.432225 0.668804
0.427238 0.671227
0.417262 0.665621
0.416277 0.677100
0.407407 0.677788
0.403438 0.689744
0.395618 0.693367
0.407972 0.693155
0.414109 0.694175
0.429032 0.685705
0.444214 0.688773
0.434322 0.694072
0.436551 0.707669
0.438526 0.713761
0.437270 0.713922
0.431021 0.709055
0.429196 0.711670
0.420107 0.705381
0.415840 0.718623
0.414031 0.725013
0.412936 0.736548
0.398960 0.706670
0.385633 0.699895
0.378332 0.713433
0.375624 0.714309
0.378925 0.715890
0.391092 0.729381
0.375105 0.727545
0.374127 0.739847
0.361275 0.748677
0.363844 0.756978
0.361440 0.765307
0.372044 0.767285
0.371999 0.754503
0.375268 0.745594
0.382171 0.744205
0.380197 0.753270
0.395613 0.763872
0.406944 0.756321
0.414331 0.753513
0.403510 0.771799
0.400951 0.772114
0.392871 0.774186
0.387101 0.772839
0.379877 0.776760
0.373425 0.777828
0.356792 0.776028
0.345728 0.792475
0.342685 0.803762
0.348848 0.814465
0.372306 0.823934
0.373338 0.826452
0.375911 0.823915
0.375788 0.815668
0.382225 0.810867
0.385804 0.804252
0.401859 0.807813
0.402808 0.802739
0.429721 0.790710
0.424693 0.799535
0.404985 0.811465
0.390055 0.826756
0.391747 0.829678
0.380240 0.856680
0.387932 0.858593
0.390098 0.863821
0.399692 0.853305
0.406217 0.858311
0.411510 0.849762
0.415176 0.848490
0.417129 0.851381
0.419288 0.856636
0.410403 0.870583
0.410629 0.877887
0.408050 0.887326
0.408856 0.889769
0.429180 0.874472
0.433588 0.879206
0.438590 0.880093
0.425328 0.893228
0.432277 0.903302
0.435548 0.905848
0.434467 0.918433
0.441598 0.913852
0.448378 0.917308
0.448418 0.916389
0.449480 0.912035
0.449296 0.904572
0.452902 0.906314
0.472997 0.918808
0.463579 0.899591
0.455510 0.893247
0.450138 0.887352
0.448860 0.885817
0.447457 0.873816
0.448691 0.861244
0.453844 0.847568
0.442669 0.848098
0.445876 0.838915
0.452100 0.839407
0.456530 0.837843
0.459699 0.838020
0.460592 0.828641
0.466251 0.836187
0.466177 0.843447
0.474313 0.848557
0.490987 0.859250
0.487844 0.868221
0.476316 0.873076
0.476485 0.866335
0.474080 0.861673
0.472696 0.863800
0.471943 0.862613
0.456616 0.867792
0.457183 0.875799
0.462115 0.879335
0.463321 0.888976
0.482713 0.887763
0.488212 0.884421
0.501169 0.885050
0.496482 0.868082
0.500827 0.864863
0.517571 0.865231
0.527103 0.874412
0.533135 0.878942
0.520514 0.886739
0.510144 0.897403
0.496879 0.900003
0.494028 0.902596
0.489750 0.914620
0.483434 0.922522
0.486010 0.923740
0.490252 0.930886
0.496674 0.930288
0.517276 0.931472
0.523431 0.920390
0.512273 0.909474
0.518132 0.902305
0.529507 0.899978
0.534430 0.913143
0.527493 0.927792
0.533596 0.927430
0.549726 0.929182
0.561177 0.939522
0.577619 0.942373
0.581210 0.913435
0.563609 0.903885
0.560200 0.906671
0.555433 0.894796
0.545210 0.886962
0.535906 0.886565
0.556439 0.876929
0.555168 0.874127
0.546293 0.862044
0.546869 0.843005
0.542780 0.832691
0.541738 0.833614
0.523873 0.833537
0.518959 0.846601
0.511357 0.844273
0.504038 0.853976
0.504728 0.837958
0.504823 0.824457
0.515008 0.829616
0.524380 0.824472
0.537734 0.825125
0.541352 0.823261
0.566359 0.831411
0.571762 0.834828
0.572505 0.836902
0.564529 0.857989
0.559817 0.859485
0.565943 0.870832
0.573473 0.861510
0.578716 0.860361
0.578207 0.861156
0.576947 0.863514
0.578193 0.866671
0.575901 0.868483
0.581863 0.870212
0.584879 0.859572
0.584209 0.855998
0.584282 0.852209
0.584099 0.850652
0.588307 0.856109
0.588781 0.855872
0.592190 0.864266
0.600937 0.858698
0.604011 0.862788
0.609028 0.858466
0.597583 0.844327
0.613407 0.847167
0.617630 0.837660
0.615681 0.831930
0.624578 0.838070
0.626397 0.838911
0.632184 0.827918
0.645235 0.832353
0.667256 0.832970
0.669378 0.836096
0.677979 0.856916
0.668863 0.857588
0.669611 0.860015
0.661718 0.862414
0.650102 0.860229
0.655656 0.853691
0.644202 0.837928
0.636073 0.842024
0.626026 0.846959
0.629553 0.861053
0.643203 0.867091
0.633412 0.875662
0.631594 0.879519
0.630031 0.877635
0.599344 0.882601
0.590995 0.882699
0.599508 0.895444
0.599629 0.901360
0.603470 0.906528
0.602389 0.927922
0.616351 0.917103
0.621316 0.920747
0.628122 0.912415
0.641252 0.907473
0.654046 0.884273
0.645175 0.907371
0.632286 0.916435
0.620055 0.933967
0.610421 0.942292
0.613705 0.942923
0.621262 0.956050
0.613283 0.954280
0.604290 0.958493
0.594141 0.963188
0.591770 0.968397
0.603718 0.993049
0.593589 0.995116
0.589511 0.998601
0.579124 0.982022
0.544953 0.994871
0.542753 0.984703
0.531619 0.985722
0.525550 0.976111
0.526108 0.964136
0.538352 0.966605
0.539737 0.970547
0.551112 0.962810
0.548160 0.959735
0.535360 0.950220
0.524186 0.956474
0.518459 0.956082
0.495953 0.959706
0.488734 0.957606
0.489692 0.943780
0.482323 0.933599
0.472363 0.944515
0.481665 0.962614
0.483158 0.962674
0.492221 0.969360
0.499236 0.971813
0.502091 0.974630
0.506728 0.976633
