0.284413 0.084956
0.270392 0.078037
0.256554 0.071413
0.254832 0.089939
0.229057 0.072808
0.205270 0.077054
0.195251 0.077618
0.172996 0.053773
0.172995 0.052122
0.158255 0.050772
0.155126 0.048422
0.143716 0.060379
0.142387 0.064546
0.116669 0.075362
0.128371 0.084153
0.118678 0.092919
0.103759 0.087771
0.097430 0.093846
0.095642 0.095197
0.097208 0.083654
0.094329 0.083468
0.088781 0.079293
0.086677 0.070861
0.085962 0.079533
0.076428 0.083579
0.073646 0.069312
0.078203 0.064310
0.099931 0.052357
0.125476 0.049122
0.129108 0.042585
0.138243 0.029319
0.144354 0.037056
0.153347 0.033420
0.159668 0.033410
0.166356 0.037742
0.165595 0.042925
0.173519 0.038237
0.179967 0.030211
0.189530 0.043523
0.199467 0.039044
0.206199 0.047501
0.202742 0.059828
0.204620 0.061034
0.209341 0.052541
0.215981 0.046339
0.234926 0.039908
0.233107 0.035082
0.237306 0.034464
0.243918 0.039572
0.247266 0.030603
0.259179 0.028778
0.259624 0.030390
0.257720 0.039908
0.267077 0.038991
0.270800 0.027068
0.272215 0.026667
0.278936 0.046613
0.284974 0.051325
0.295788 0.041020
0.289284 0.024827
0.288662 0.023047
0.295895 0.017898
0.311378 0.020280
0.314681 0.022991
0.319392 0.042938
0.320492 0.054807
0.335368 0.051966
0.330190 0.050161
0.326376 0.046692
0.329803 0.037181
0.341442 0.043319
0.346155 0.032045
0.339925 0.028823
0.332350 0.036576
0.323221 0.020270
0.308888 0.005002
0.278966 0.001745
0.273936 0.003812
0.263871 0.005790
0.263657 0.001437
0.257236 0.002022
0.220839 0.012842
0.217635 0.018847
0.216542 0.018043
0.206400 0.020208
0.196898 0.023241
0.199299 0.017427
0.202879 0.012382
0.200616 0.006496
0.202403 0.002041
0.191247 0.009117
0.168675 0.024443
0.151804 0.017963
0.146830 0.018497
0.148502 0.026559
0.121844 0.021851
0.121304 0.016962
0.122747 0.002472
0.111293 0.014223
0.109125 0.009637
0.104015 0.010201
0.105470 0.016415
0.101757 0.018921
0.098803 0.022485
0.106619 0.029806
0.094483 0.025845
0.090980 0.010158
0.084699 0.010479
0.060165 0.019826
0.077973 0.029288
0.089377 0.039223
0.071553 0.050390
0.060648 0.050159
0.047905 0.057243
0.042734 0.044322
0.051700 0.042464
0.055083 0.032863
0.035600 0.023435
0.039051 0.011997
0.034019 0.013986
0.011492 0.004819
0.001805 0.024751
0.019607 0.026140
0.015460 0.041661
0.005760 0.061242
0.017531 0.071903
0.016360 0.078639
0.003005 0.086268
0.013294 0.090533
0.019167 0.093679
0.020707 0.082657
0.033674 0.073741
0.052025 0.079715
0.053843 0.074048
0.059083 0.071511
0.064938 0.071785
0.071468 0.078007
0.065227 0.080624
0.071256 0.090168
0.068204 0.090710
0.063167 0.088723
0.055027 0.085424
0.054792 0.098569
0.056653 0.105049
0.048510 0.104762
0.041352 0.099832
0.034660 0.099211
0.035679 0.103947
0.051024 0.116613
0.035914 0.125879
0.030770 0.118918
0.015266 0.123131
0.014290 0.136279
0.008529 0.140075
0.004533 0.140425
0.026940 0.152210
0.026075 0.155787
0.036747 0.161787
0.041658 0.156668
0.044793 0.156173
0.066643 0.157167
0.060616 0.149605
0.053167 0.144459
0.059918 0.131000
0.062468 0.133502
0.062715 0.135011
0.073980 0.141540
0.086919 0.140645
0.083948 0.157715
0.077160 0.160392
0.088562 0.165785
0.091040 0.163867
0.120637 0.170553
0.127865 0.170437
0.118585 0.166153
0.113099 0.162652
0.109592 0.157747
0.106572 0.153125
0.103671 0.133722
0.104695 0.132099
0.080920 0.118783
0.092880 0.112672
0.096623 0.120172
0.113457 0.112741
0.122317 0.111767
0.113659 0.127728
0.133276 0.121954
0.132272 0.124051
0.134897 0.145871
0.137395 0.144788
0.160477 0.141116
0.173576 0.150018
0.176970 0.145288
0.178321 0.148833
0.176861 0.154193
0.177601 0.157817
0.180383 0.160886
0.189758 0.161550
0.196707 0.163127
0.202352 0.172276
0.206190 0.167790
0.208818 0.171316
0.213618 0.184780
0.208189 0.195781
0.199237 0.204347
0.199510 0.201630
0.198932 0.197801
0.200017 0.197765
0.203006 0.191773
0.194457 0.183473
0.182104 0.195961
0.171908 0.182518
0.174536 0.171154
0.174553 0.170292
0.147846 0.161984
0.144694 0.157058
0.144124 0.169697
0.137981 0.174716
0.150419 0.176991
0.151326 0.181913
0.140632 0.189475
0.129524 0.202442
0.131858 0.210443
0.135842 0.207532
0.138334 0.202087
0.142957 0.201845
0.157826 0.202326
0.150708 0.212165
0.157186 0.219273
0.166068 0.211239
0.181915 0.223863
0.182621 0.209597
0.185504 0.205143
0.197734 0.216485
0.208549 0.213868
0.214222 0.208077
0.217032 0.225971
0.199939 0.229134
0.195347 0.234301
0.175588 0.250098
0.165653 0.240462
0.166091 0.232697
0.155646 0.242323
0.153492 0.253217
0.149452 0.243846
0.142089 0.231315
0.136906 0.223898
0.129638 0.225558
0.117372 0.234929
0.124606 0.241517
0.118022 0.246107
0.098271 0.244463
0.097297 0.257954
0.091717 0.255979
0.084325 0.252461
0.081408 0.251927
0.074785 0.239782
0.071620 0.239090
0.066854 0.240764
0.066835 0.247162
0.067995 0.247923
0.071861 0.249930
0.063138 0.255456
0.056999 0.258182
0.061577 0.237494
0.073290 0.230381
0.098367 0.235882
0.110677 0.235291
0.111531 0.225804
0.116591 0.219988
0.111775 0.196611
0.103503 0.195857
0.087113 0.188134
0.075328 0.187470
0.052279 0.194095
0.043839 0.206569
0.038728 0.215150
0.029340 0.204210
0.028654 0.199076
0.025217 0.193896
0.026007 0.191431
0.029452 0.186330
0.031953 0.181775
0.027565 0.174837
0.024169 0.173922
0.014259 0.156294
0.012360 0.172340
0.005230 0.180191
0.017814 0.185014
0.010306 0.199659
0.008270 0.203979
0.000841 0.228036
0.024804 0.222855
0.023213 0.215075
0.032636 0.217483
0.034204 0.228079
0.037678 0.225992
0.055216 0.226932
0.042231 0.238052
0.040999 0.239343
0.032968 0.241043
0.026056 0.239006
0.029144 0.250434
0.014317 0.248516
0.017679 0.257182
0.023868 0.292897
0.012685 0.297671
0.002395 0.297520
0.020261 0.307604
0.013697 0.312171
0.019973 0.323147
0.011053 0.333376
0.014647 0.339380
0.007360 0.339972
0.004211 0.342130
0.005276 0.368224
0.008909 0.383075
0.009140 0.402414
0.000199 0.403487
0.015151 0.425087
0.025647 0.410441
0.027436 0.412099
0.041931 0.423481
0.037148 0.429815
0.040696 0.448903
0.011101 0.460827
0.017247 0.468123
0.011176 0.475357
0.009807 0.480625
0.005548 0.481015
0.003691 0.503749
0.012671 0.488427
0.033115 0.481841
0.042836 0.487589
0.051061 0.486807
0.051705 0.483301
0.064792 0.492991
0.058092 0.499873
0.044562 0.505387
0.049729 0.514125
0.039533 0.520669
0.019607 0.527930
0.010375 0.518966
0.006714 0.537515
0.013039 0.537747
0.017972 0.550765
0.004818 0.561790
0.005493 0.564522
0.015407 0.581298
0.007810 0.600258
0.014672 0.598241
0.027865 0.584678
0.044909 0.588224
0.050186 0.582309
0.063368 0.586557
0.056908 0.575850
0.049806 0.569561
0.036374 0.568659
0.036196 0.556808
0.036838 0.550437
0.042244 0.546164
0.043172 0.555832
0.039699 0.558461
0.045589 0.563405
0.047280 0.563129
0.056631 0.562212
0.058095 0.551648
0.061500 0.547923
0.048770 0.535649
0.052466 0.529076
0.061615 0.528150
0.078314 0.542931
0.084106 0.551861
0.080125 0.528964
0.082058 0.521101
0.082829 0.500875
0.078686 0.488805
0.063798 0.478481
0.061166 0.473407
0.049509 0.464629
0.054324 0.464747
0.070623 0.460508
0.072336 0.463914
0.088921 0.471778
0.095909 0.475699
0.096009 0.490523
0.111168 0.484594
0.101605 0.473542
0.086192 0.456469
0.078475 0.459918
0.063992 0.434316
0.062437 0.422506
0.071778 0.426051
0.074844 0.421909
0.076712 0.422344
0.076767 0.428650
0.089002 0.429757
0.089238 0.420908
0.085949 0.419773
0.082255 0.412146
0.087850 0.403903
0.086425 0.403203
0.085102 0.402627
0.084968 0.394984
0.076274 0.394723
0.073009 0.391959
0.071482 0.396301
0.069064 0.405226
0.063569 0.412733
0.056914 0.402109
0.043102 0.378112
0.031642 0.392751
0.029267 0.400822
0.028053 0.396683
0.027054 0.391429
0.028379 0.389790
0.026521 0.387062
0.023070 0.381658
0.021265 0.360765
0.024861 0.351679
0.032925 0.346039
0.046536 0.347378
0.029520 0.337999
0.043560 0.307362
0.048773 0.295393
0.049680 0.282718
0.049167 0.274558
0.052916 0.278325
0.060524 0.304302
0.066168 0.306008
0.064460 0.312331
0.063513 0.328809
0.064334 0.329396
0.073890 0.336857
0.081046 0.326634
0.082990 0.324235
0.087575 0.332271
0.093006 0.326920
0.098070 0.329856
0.109986 0.329368
0.097130 0.343461
0.094442 0.346723
0.075185 0.350571
0.068911 0.352797
0.056037 0.349069
0.048757 0.362038
0.053232 0.368476
0.063487 0.371534
0.069141 0.382824
0.082264 0.375039
0.094758 0.373474
0.096545 0.377414
0.107660 0.372948
0.099303 0.359578
0.106972 0.353752
0.110413 0.352979
0.107603 0.357478
0.106997 0.364542
0.112943 0.364573
0.116686 0.359942
0.144877 0.361035
0.149799 0.366478
0.148288 0.373759
0.157304 0.375715
0.156316 0.406916
0.153004 0.402428
0.140587 0.397750
0.131633 0.398454
0.120204 0.395441
0.119289 0.399273
0.114132 0.400333
0.113284 0.393157
0.112415 0.390345
0.102354 0.394065
0.105062 0.406881
0.113857 0.416415
0.110310 0.420535
0.105907 0.431902
0.109614 0.452401
0.119433 0.463633
0.124302 0.461086
0.128253 0.449042
0.130658 0.429152
0.132273 0.420704
0.130724 0.414296
0.136260 0.424663
0.151309 0.420057
0.157156 0.422182
0.149119 0.438579
0.158769 0.432418
0.176408 0.431664
0.177012 0.431238
0.180956 0.423071
0.188080 0.418320
0.196422 0.410291
0.187408 0.410716
0.167568 0.410423
0.170476 0.403491
0.168366 0.399593
0.172976 0.392000
0.173810 0.388053
0.176839 0.373875
0.188583 0.364497
0.187383 0.382798
0.190984 0.388585
0.194539 0.391066
0.193639 0.383424
0.201785 0.376919
0.204009 0.367462
0.218069 0.364446
0.230484 0.358666
0.232543 0.372160
0.227260 0.372531
0.224108 0.376404
0.220878 0.386278
0.218916 0.394421
0.237764 0.397756
0.256736 0.402905
0.259036 0.392671
0.272842 0.390108
0.282927 0.390896
0.268356 0.383440
0.263966 0.373552
0.261254 0.364591
0.268283 0.361246
0.273512 0.367253
0.279424 0.369164
0.282995 0.371104
0.290651 0.377228
0.287994 0.365866
0.287723 0.360050
0.292112 0.351669
0.286969 0.321447
0.290395 0.316250
0.306109 0.321460
0.309027 0.318408
0.292316 0.311088
0.290447 0.311542
0.288915 0.311357
0.261651 0.287351
0.272111 0.306848
0.273030 0.318435
0.262264 0.318119
0.267007 0.326327
0.279530 0.331349
0.274737 0.334964
0.256339 0.346885
0.251734 0.355378
0.251785 0.361167
0.246989 0.357252
0.244443 0.354545
0.253431 0.339318
0.255541 0.322278
0.245988 0.330018
0.233911 0.338022
0.226513 0.318736
0.234289 0.317704
0.236882 0.316210
0.247443 0.312168
0.249952 0.296695
0.224522 0.298885
0.222472 0.304088
0.222451 0.311121
0.214106 0.306252
0.206911 0.306402
0.196357 0.314288
0.193626 0.314517
0.195801 0.321170
0.207760 0.328745
0.218682 0.337045
0.214767 0.355937
0.206372 0.351749
0.201151 0.342837
0.203543 0.339171
0.194880 0.331735
0.171525 0.318703
0.160944 0.327802
0.155545 0.333932
0.160786 0.337280
0.173539 0.343445
0.183816 0.350666
0.169140 0.350221
0.142945 0.345183
0.137981 0.341210
0.150874 0.334563
0.143006 0.332140
0.133054 0.331117
0.113037 0.309745
0.113111 0.293152
0.112691 0.292689
0.109403 0.292129
0.101658 0.293621
0.101432 0.302239
0.087422 0.299333
0.084147 0.299585
0.089546 0.292742
0.090368 0.290214
0.083949 0.279785
0.107165 0.284442
0.115820 0.275901
0.119914 0.270805
0.124440 0.270007
0.125545 0.275080
0.137810 0.277719
0.148618 0.257844
0.144208 0.277712
0.132918 0.288259
0.140998 0.297113
0.142198 0.311905
0.141555 0.318841
0.157624 0.315421
0.164067 0.308787
0.165314 0.312528
0.182312 0.312604
0.183375 0.305356
0.178620 0.300501
0.168720 0.302873
0.161888 0.270322
0.165924 0.267073
0.173379 0.272566
0.178483 0.264777
0.188104 0.270203
0.184482 0.279737
0.194862 0.285481
0.211735 0.295947
0.211724 0.291501
0.215628 0.291256
0.215680 0.288932
0.215667 0.281664
0.223398 0.271572
0.232823 0.279641
0.233734 0.283417
0.235936 0.286952
0.239106 0.290599
0.256324 0.284520
0.250236 0.273702
0.243184 0.261523
0.220757 0.246329
0.224214 0.243376
0.234410 0.246940
0.242114 0.238725
0.247329 0.244838
0.253068 0.241427
0.262913 0.258786
0.257123 0.259680
0.255414 0.269724
0.266563 0.271171
0.266124 0.265007
0.266469 0.264431
0.282578 0.256300
0.286147 0.252419
0.275411 0.232972
0.282278 0.242174
0.293733 0.251631
0.297235 0.253793
0.302153 0.243023
0.315585 0.258817
0.335178 0.273290
0.347129 0.272217
0.363484 0.268167
0.366373 0.283586
0.340890 0.287473
0.323590 0.289020
0.317439 0.291787
0.319804 0.285952
0.319257 0.281757
0.306664 0.282975
0.299459 0.286361
0.298455 0.287013
0.296257 0.295878
0.313954 0.302526
0.322622 0.308434
0.330540 0.313366
0.334056 0.316826
0.338380 0.321446
0.338676 0.323072
0.336766 0.326136
0.327760 0.341615
0.326104 0.340025
0.317662 0.337718
0.314369 0.342789
0.313695 0.343986
0.309605 0.344264
0.306020 0.345051
0.319487 0.367211
0.328112 0.348822
0.334828 0.347888
0.340892 0.354554
0.331921 0.362036
0.330780 0.374258
0.325930 0.382376
0.340222 0.387662
0.354487 0.362189
0.367490 0.369293
0.371185 0.374179
0.383570 0.363682
0.384528 0.366532
0.384959 0.375435
0.378212 0.379318
0.369935 0.382735
0.377842 0.392075
0.373650 0.400004
0.379798 0.397190
0.384837 0.390765
0.386118 0.389085
0.387361 0.388049
0.399601 0.382645
0.404927 0.377335
0.402186 0.365245
0.398630 0.354586
0.416277 0.366934
0.428438 0.381558
0.423317 0.383348
0.410760 0.393347
0.394508 0.401935
0.395374 0.405050
0.402601 0.411769
0.393200 0.419464
0.386107 0.422574
0.384708 0.424010
0.384446 0.427276
0.372350 0.434161
0.364974 0.431699
0.361711 0.434707
0.358094 0.444585
0.358655 0.439084
0.357793 0.425346
0.358623 0.418845
0.358487 0.417046
0.363418 0.411692
0.365138 0.409008
0.352911 0.412807
0.352146 0.405057
0.338150 0.409691
0.345713 0.415432
0.339174 0.425854
0.345860 0.432856
0.340986 0.434321
0.339565 0.439451
0.335002 0.453070
0.347940 0.453977
0.352255 0.462872
0.345791 0.479999
0.336496 0.471722
0.333384 0.458900
0.319798 0.474818
0.314158 0.453106
0.322676 0.446971
0.319308 0.432699
0.311659 0.422655
0.313530 0.409169
0.306368 0.388280
0.290771 0.392377
0.290651 0.395419
0.302802 0.423715
0.305555 0.431071
0.306853 0.437681
0.279718 0.471710
0.264969 0.453369
0.267886 0.442593
0.269481 0.442313
0.274682 0.441496
0.271638 0.439175
0.271066 0.438076
0.269386 0.437901
0.264497 0.429749
0.270998 0.425829
0.284902 0.419868
0.287855 0.415776
0.288826 0.414059
0.288475 0.413764
0.275358 0.420177
0.251607 0.415144
0.255095 0.421886
0.256567 0.423493
0.251931 0.431785
0.234100 0.430751
0.221134 0.410487
0.208544 0.403742
0.208401 0.429662
0.193387 0.441054
0.195676 0.446760
0.191253 0.458442
0.183414 0.475520
0.189694 0.477471
0.183537 0.485176
0.173816 0.482456
0.163877 0.471558
0.156684 0.471061
0.146887 0.468671
0.146321 0.478703
0.154167 0.491221
0.164637 0.505868
0.171764 0.505510
0.169720 0.508723
0.176285 0.520006
0.189346 0.523891
0.197141 0.518126
0.202899 0.520637
0.199446 0.501485
0.207722 0.502572
0.209160 0.505147
0.216361 0.494572
0.203069 0.493611
0.195524 0.494816
0.200913 0.486697
0.209565 0.482982
0.214330 0.470071
0.220937 0.471983
0.221937 0.472787
0.226307 0.459834
0.223740 0.453030
0.234632 0.463896
0.240981 0.459888
0.240414 0.474989
0.249922 0.473022
0.253727 0.482255
0.253689 0.490198
0.265307 0.482441
0.285840 0.497729
0.289108 0.505102
0.272028 0.506504
0.269873 0.509146
0.266490 0.510989
0.263628 0.511806
0.257015 0.503437
0.253176 0.508604
0.246203 0.503731
0.246637 0.500266
0.242487 0.493076
0.237934 0.498908
0.225059 0.496924
0.230434 0.502570
0.231935 0.508955
0.233242 0.513627
0.234998 0.530867
0.240849 0.538869
0.238099 0.541691
0.242157 0.546032
0.232593 0.555585
0.257690 0.557423
0.257239 0.556196
0.261087 0.550915
0.264134 0.557636
0.280772 0.559125
0.277862 0.551056
0.273160 0.546915
0.273302 0.527466
0.269113 0.519938
0.290034 0.523835
0.298722 0.533803
0.306546 0.529895
0.314622 0.527017
0.308243 0.512289
0.290147 0.506557
0.301362 0.497955
0.309930 0.488980
0.321421 0.495521
0.340308 0.497395
0.333957 0.505006
0.333911 0.516452
0.341881 0.522769
0.335106 0.540884
0.345975 0.535840
0.352642 0.538117
0.354181 0.540764
0.359961 0.550769
0.363955 0.550172
0.374306 0.550248
0.373325 0.547277
0.378741 0.533431
0.377787 0.533368
0.377211 0.530774
0.365747 0.525717
0.360545 0.523240
0.351357 0.518127
0.356077 0.513300
0.360490 0.511470
0.369636 0.505611
0.381110 0.508854
0.390924 0.504381
0.367322 0.497269
0.359172 0.487082
0.370509 0.479062
0.375359 0.467784
0.379258 0.479787
0.378750 0.483894
0.395439 0.489720
0.410650 0.483362
0.407486 0.487629
0.404999 0.505613
0.411280 0.507108
0.415372 0.510110
0.410884 0.513190
0.396947 0.527255
0.394578 0.527457
0.388164 0.523580
0.386324 0.522846
0.382219 0.539123
0.390916 0.556736
0.406478 0.546607
0.422189 0.530550
0.442259 0.515729
0.446404 0.515604
0.450173 0.517982
0.454019 0.516908
0.451299 0.510249
0.463873 0.505741
0.460477 0.503362
0.442938 0.494650
0.438537 0.482183
0.440219 0.478015
0.428288 0.479694
0.419774 0.482664
0.427243 0.460777
0.444019 0.464044
0.449590 0.462793
0.441761 0.450294
0.436381 0.446456
0.433842 0.441920
0.434301 0.434433
0.426550 0.444225
0.420166 0.449256
0.401822 0.449460
0.392641 0.450307
0.397160 0.461902
0.396764 0.462834
0.386588 0.459657
0.383392 0.459762
0.384113 0.442898
0.397048 0.436951
0.398108 0.431372
0.399349 0.427855
0.420189 0.428451
0.419323 0.414629
0.419289 0.408080
0.430849 0.388496
0.432709 0.396241
0.429741 0.403061
0.434745 0.409081
0.439534 0.406028
0.466675 0.401756
0.472522 0.404301
0.483406 0.423539
0.485730 0.429806
0.474094 0.437718
0.458348 0.423463
0.450545 0.429623
0.449440 0.430687
0.438590 0.432471
0.450204 0.442491
0.451965 0.440251
0.467808 0.444767
0.463605 0.450762
0.456007 0.464306
0.449511 0.472117
0.452618 0.478328
0.468720 0.480150
0.474450 0.487037
0.482793 0.497466
0.477565 0.471735
0.480635 0.470254
0.483116 0.462773
0.492781 0.477599
0.489000 0.481469
0.493166 0.485289
0.499616 0.482083
0.508741 0.490666
0.506963 0.482450
0.508987 0.471537
0.500719 0.452111
0.491800 0.433497
0.503053 0.426576
0.503866 0.423030
0.510970 0.418936
0.522433 0.421378
0.524981 0.432781
0.508434 0.439848
0.515229 0.448508
0.517739 0.449210
0.521413 0.446583
0.532701 0.428605
0.538400 0.442460
0.543843 0.457283
0.533787 0.462607
0.543162 0.464954
0.541730 0.472190
0.550808 0.470568
0.558240 0.457583
0.558334 0.455103
0.554338 0.446796
0.551372 0.435751
0.565716 0.437909
0.572857 0.437921
0.569704 0.451286
0.584412 0.453046
0.581139 0.473580
0.588378 0.476540
0.588165 0.478418
0.585258 0.479944
0.575462 0.489119
0.568093 0.485511
0.559411 0.486662
0.570914 0.508072
0.558989 0.515325
0.562284 0.532760
0.565780 0.527651
0.587963 0.524295
0.595894 0.520406
0.593047 0.502419
0.606255 0.507218
0.612395 0.498630
0.610267 0.493138
0.599690 0.481192
0.598700 0.469429
0.620794 0.459702
0.618637 0.476522
0.621554 0.482116
0.622560 0.493329
0.641494 0.499591
0.639270 0.505837
0.619068 0.508987
0.615187 0.510297
0.604852 0.518008
0.603884 0.518161
0.601467 0.523907
0.595850 0.531776
0.587954 0.532349
0.589767 0.546542
0.588181 0.546533
0.580948 0.544203
0.579074 0.543713
0.576013 0.546899
0.574689 0.546260
0.556089 0.536769
0.556223 0.534482
0.543879 0.533323
0.538302 0.529179
0.538799 0.515647
0.545023 0.516600
0.542166 0.510321
0.537208 0.509722
0.536943 0.501805
0.537369 0.483990
0.537714 0.482954
0.528544 0.487868
0.529289 0.489392
0.521554 0.503709
0.515774 0.495955
0.512968 0.502266
0.512691 0.502892
0.498617 0.509418
0.497499 0.506733
0.477891 0.506044
0.472209 0.513887
0.477198 0.522535
0.496562 0.509666
0.500773 0.512790
0.525048 0.518306
0.529594 0.515831
0.530821 0.551974
0.535712 0.555081
0.522284 0.565225
0.520193 0.568827
0.513721 0.582667
0.526950 0.589839
0.533045 0.599345
0.511584 0.599428
0.511851 0.602885
0.504249 0.617137
0.503327 0.616585
0.492021 0.612082
0.468997 0.608153
0.484369 0.602375
0.483351 0.595191
0.487995 0.587523
0.501196 0.575364
0.497303 0.568822
0.482377 0.569604
0.466613 0.562975
0.467012 0.560763
0.482393 0.556095
0.488117 0.554563
0.498036 0.557153
0.510052 0.558172
0.512876 0.558911
0.515199 0.556346
0.502972 0.544506
0.498813 0.536619
0.501363 0.534894
0.498965 0.528984
0.493254 0.538591
0.485827 0.536999
0.481246 0.544483
0.480342 0.537717
0.478401 0.535640
0.468889 0.527661
0.467913 0.533314
0.466151 0.539674
0.463631 0.545785
0.460871 0.544031
0.428804 0.558868
0.423237 0.559176
0.418873 0.559438
0.417921 0.575519
0.421617 0.582442
0.417644 0.586909
0.412430 0.580351
0.404794 0.562241
0.393110 0.560125
0.385784 0.569261
0.376627 0.577484
0.388410 0.584855
0.394670 0.588300
0.391891 0.598527
0.392624 0.607492
0.380312 0.601149
0.381758 0.599110
0.381177 0.591423
0.367196 0.595946
0.357715 0.595167
0.358050 0.592308
0.349254 0.593664
0.345011 0.580781
0.349438 0.572785
0.352772 0.562041
0.334799 0.563679
0.316864 0.569043
0.316513 0.569271
0.311934 0.564287
0.319179 0.562388
0.315728 0.555698
0.299690 0.552652
0.300611 0.557828
0.301576 0.561314
0.291176 0.578980
0.283320 0.577225
0.277820 0.570984
0.276550 0.574293
0.277433 0.588231
0.278174 0.594777
0.270696 0.598699
0.270224 0.603487
0.262278 0.603028
0.258739 0.595900
0.251210 0.587007
0.247908 0.594141
0.250494 0.610802
0.249340 0.624213
0.247419 0.643685
0.249223 0.642158
0.262488 0.632611
0.273504 0.633663
0.274515 0.613286
0.287939 0.614206
0.287247 0.620040
0.294217 0.639882
0.299158 0.633462
0.307952 0.630797
0.310449 0.627389
0.310782 0.618929
0.316476 0.605242
0.319296 0.616241
0.330912 0.621955
0.337594 0.623171
0.337677 0.639213
0.334282 0.638390
0.333510 0.639646
0.319208 0.638015
0.311969 0.635707
0.314007 0.647895
0.331468 0.646586
0.333765 0.645555
0.350314 0.650651
0.350886 0.642564
0.357651 0.637882
0.357784 0.642126
0.365996 0.644951
0.371600 0.639109
0.362384 0.623319
0.362653 0.620322
0.352394 0.626687
0.354443 0.615794
0.358784 0.610837
0.360631 0.607468
0.370014 0.609093
0.370342 0.616365
0.368799 0.619097
0.385301 0.615726
0.379789 0.630608
0.382831 0.634158
0.386303 0.636906
0.395040 0.641121
0.400793 0.631901
0.405403 0.635201
0.413642 0.628342
0.405196 0.607181
0.411103 0.605928
0.434315 0.594147
0.438012 0.571209
0.438460 0.569511
0.439582 0.567885
0.443005 0.576708
0.449363 0.584039
0.446682 0.589681
0.459461 0.604938
0.435831 0.604872
0.433609 0.605702
0.426262 0.613433
0.421458 0.631374
0.416157 0.635058
0.409656 0.637319
0.400802 0.642335
0.400019 0.642208
0.398474 0.660040
0.401969 0.660494
0.400058 0.664748
0.397932 0.673116
0.385986 0.667583
0.391121 0.661775
0.381344 0.654802
0.369438 0.659936
0.369776 0.665883
0.358033 0.665996
0.366750 0.669441
0.367974 0.675368
0.386362 0.686219
0.394361 0.677749
0.394945 0.679560
0.397292 0.684490
0.398360 0.690595
0.395571 0.703743
0.395774 0.704988
0.399322 0.710919
0.402000 0.714591
0.385752 0.710500
0.387071 0.705583
0.393518 0.701121
0.375700 0.692010
0.364167 0.703264
0.355498 0.691848
0.347943 0.694293
0.351969 0.683949
0.353768 0.670664
0.350998 0.662871
0.334611 0.662952
0.335716 0.664271
0.335168 0.672256
0.307305 0.676649
0.311897 0.664110
0.311766 0.659492
0.315578 0.659886
0.318494 0.652861
0.310061 0.658695
0.302475 0.661339
0.287939 0.652593
0.285200 0.667281
0.296782 0.680572
0.295139 0.683618
0.294939 0.685581
0.268639 0.685379
0.264096 0.685375
0.262430 0.684965
0.257572 0.682959
0.253739 0.688558
0.246477 0.699452
0.245841 0.701537
0.243828 0.662553
0.230975 0.671169
0.219790 0.676493
0.222917 0.682745
0.209231 0.682584
0.206683 0.684885
0.203807 0.680727
0.197165 0.682913
0.193842 0.682438
0.192848 0.686646
0.181148 0.707317
0.181321 0.668407
0.194575 0.663675
0.183469 0.655131
0.183851 0.648854
0.194766 0.636939
0.218713 0.649612
0.204008 0.654124
0.201472 0.668643
0.222773 0.667094
0.230766 0.644319
0.228332 0.642417
0.233734 0.634403
0.224940 0.633195
0.220101 0.621927
0.215724 0.627181
0.204130 0.619590
0.175941 0.612336
0.193978 0.610352
0.198867 0.609207
0.223921 0.603613
0.226134 0.600361
0.219826 0.587880
0.210326 0.590934
0.207073 0.587925
0.208270 0.574671
0.220014 0.567136
0.227528 0.548708
0.217143 0.553776
0.200979 0.553222
0.189876 0.561183
0.185876 0.561508
0.190181 0.543449
0.195559 0.543950
0.192257 0.534111
0.188131 0.534542
0.177538 0.538838
0.177345 0.525517
0.167470 0.529387
0.160029 0.541585
0.151388 0.530928
0.157530 0.524799
0.153643 0.506844
0.142743 0.500555
0.136314 0.496047
0.126442 0.498077
0.132568 0.504656
0.122495 0.516880
0.097581 0.547262
0.088063 0.560687
0.102789 0.552153
0.109181 0.550740
0.124251 0.556918
0.119842 0.541687
0.125538 0.531458
0.143176 0.528413
0.140236 0.548406
0.166519 0.563123
0.180562 0.571607
0.179282 0.576108
0.180607 0.584559
0.178943 0.588297
0.168117 0.589747
0.165012 0.581003
0.158138 0.590746
0.149179 0.596074
0.141830 0.580758
0.129434 0.571030
0.123928 0.572448
0.110734 0.572532
0.097683 0.583894
0.101836 0.598606
0.106471 0.598245
0.110765 0.596699
0.112290 0.604911
0.119171 0.614669
0.134201 0.609314
0.136543 0.609657
0.145243 0.602563
0.151365 0.607451
0.157700 0.616735
0.158010 0.631043
0.158048 0.633410
0.171451 0.648534
0.164524 0.659372
0.152157 0.640449
0.140032 0.649643
0.137606 0.642191
0.143083 0.627099
0.125929 0.617906
0.113440 0.619304
0.104190 0.617199
0.108859 0.625656
0.106211 0.635933
0.103533 0.640364
0.109684 0.648505
0.111488 0.650522
0.090750 0.649687
0.095229 0.645540
0.091844 0.625053
0.084191 0.630995
0.080912 0.627241
0.082144 0.614417
0.079277 0.613756
0.075459 0.609239
0.077750 0.605842
0.076961 0.601154
0.076553 0.598421
0.080769 0.592436
0.067634 0.598179
0.073796 0.607785
0.070854 0.621779
0.058287 0.618249
0.060968 0.603393
0.046831 0.613890
0.052506 0.631279
0.037042 0.631942
0.025150 0.621870
0.025259 0.620690
0.027693 0.612882
0.023416 0.604882
0.013464 0.603482
0.008730 0.621186
0.005463 0.633429
0.002092 0.653763
0.005036 0.654269
0.014290 0.651855
0.027702 0.641076
0.045412 0.671671
0.046277 0.672303
0.052541 0.669471
0.069908 0.659895
0.072301 0.660989
0.073286 0.672613
0.080632 0.683936
0.090502 0.667219
0.094785 0.668056
0.100756 0.674386
0.103520 0.673174
0.105918 0.690673
0.098148 0.691977
0.093639 0.692220
0.095780 0.698914
0.081412 0.703497
0.081524 0.721620
0.072599 0.720022
0.069552 0.732477
0.069672 0.734114
0.070853 0.740552
0.068923 0.738327
0.064017 0.734127
0.059989 0.723823
0.062636 0.721299
0.055035 0.719484
0.058001 0.716910
0.067343 0.710625
0.057287 0.702347
0.063735 0.697245
0.067800 0.691515
0.061993 0.686390
0.060929 0.688407
0.052126 0.684246
0.033923 0.701326
0.015448 0.687729
0.021913 0.683023
0.024639 0.683907
0.030069 0.673535
0.028259 0.668172
0.020955 0.662533
0.015591 0.661257
0.016187 0.666641
0.010338 0.677061
0.007220 0.675965
0.007400 0.697856
0.002369 0.721702
0.010675 0.731105
0.012478 0.739943
0.032329 0.729093
0.033705 0.724563
0.041165 0.724805
0.044224 0.733236
0.041104 0.733124
0.038881 0.745208
0.036405 0.755473
0.025373 0.759234
0.023577 0.770199
0.034427 0.764801
0.048386 0.770352
0.053351 0.761254
0.071120 0.753949
0.088692 0.746663
0.082993 0.763354
0.067650 0.784453
0.062030 0.790307
0.054656 0.777419
0.044883 0.788055
0.038950 0.784879
0.038531 0.793418
0.040623 0.798835
0.056024 0.799101
0.079814 0.799451
0.101694 0.798919
0.104215 0.783503
0.112928 0.772083
0.118155 0.770625
0.119328 0.785559
0.115015 0.807572
0.119329 0.823865
0.121989 0.845907
0.136917 0.852754
0.133987 0.855661
0.131701 0.862057
0.125666 0.867372
0.134709 0.875607
0.128487 0.875642
0.117216 0.873153
0.117987 0.869857
0.111125 0.855790
0.099660 0.862797
0.098354 0.850396
0.105607 0.835917
0.096646 0.823986
0.087594 0.829207
0.076430 0.832879
0.073605 0.835201
0.081141 0.843773
0.068305 0.865179
0.064487 0.858902
0.059705 0.862514
0.057499 0.857518
0.054462 0.849251
0.066225 0.830919
0.061829 0.822121
0.054453 0.809487
0.037927 0.810851
0.031766 0.806891
0.033975 0.792110
0.028695 0.786639
0.009266 0.794754
0.009441 0.798018
0.012826 0.803989
0.024381 0.804507
0.015760 0.816113
0.003698 0.819202
0.019032 0.837211
0.013837 0.844791
0.014342 0.850803
0.003202 0.840873
0.000232 0.850324
0.002795 0.863071
0.015104 0.855013
0.026486 0.855762
0.037699 0.844453
0.038306 0.867461
0.032661 0.867724
0.022778 0.884259
0.006289 0.882580
0.003320 0.909362
0.020403 0.912865
0.033401 0.906199
0.035717 0.905541
0.028152 0.896601
0.029905 0.890779
0.049401 0.891346
0.046792 0.900813
0.065106 0.903371
0.070656 0.897133
0.076172 0.893279
0.064743 0.889093
0.075235 0.882514
0.086463 0.881168
0.083083 0.878990
0.078874 0.874851
0.081872 0.871633
0.091009 0.871937
0.095946 0.895985
0.114460 0.899661
0.120466 0.900408
0.120136 0.901878
0.108734 0.910243
0.105227 0.925077
0.104034 0.937560
0.097923 0.939941
0.097809 0.947619
0.093635 0.952192
0.097908 0.955934
0.105553 0.949920
0.116563 0.961632
0.107944 0.968759
0.104119 0.981339
0.099330 0.981157
0.084895 0.965363
0.081771 0.959757
0.072346 0.950481
0.073736 0.947227
0.076071 0.946395
0.075378 0.945661
0.073746 0.935631
0.078974 0.935322
0.093540 0.935907
0.089354 0.916463
0.077221 0.917629
0.052106 0.920907
0.052569 0.929248
0.056060 0.945739
0.047235 0.949643
0.039020 0.943907
0.035373 0.945490
0.023949 0.926533
0.012652 0.925194
0.002363 0.942744
0.006577 0.945993
0.021663 0.956198
0.024460 0.949425
0.050138 0.957699
0.066705 0.965637
0.076389 0.972188
0.065607 0.974678
0.053379 0.975675
0.050432 0.978779
0.045274 0.987809
0.036617 0.978275
0.028086 0.987500
0.019692 0.990846
0.016565 0.983948
0.016845 0.972759
0.004152 0.982048
0.000449 0.991410
0.013558 0.994340
0.024161 0.999698
0.048233 0.998040
0.054585 0.997055
0.055058 0.988926
0.061043 0.989136
0.086292 0.994092
0.090255 0.994007
0.088373 0.988458
0.095095 0.987309
0.092039 0.995357
0.106348 0.997113
0.118303 0.993432
0.119267 0.998010
0.132804 0.994541
0.143903 0.990546
0.153787 0.998776
0.150196 0.985950
0.140950 0.975967
0.142240 0.971280
0.141421 0.962380
0.150827 0.970225
0.175703 0.972417
0.173196 0.976304
0.170657 0.979802
0.175159 0.988343
0.179050 0.986936
0.179805 0.984654
0.196024 0.991028
0.196105 0.998567
0.212635 0.995493
0.219835 0.996538
0.233156 0.997605
0.247757 0.996554
0.257639 0.998331
0.268900 0.993442
0.279817 0.981343
0.288103 0.987061
0.288155 0.973331
0.284828 0.971130
0.286120 0.970835
0.288875 0.967529
0.285911 0.963445
0.290615 0.950336
0.282881 0.957419
0.279772 0.957491
0.259543 0.944539
0.244586 0.942647
0.252195 0.959036
0.263091 0.966695
0.265175 0.968830
0.259123 0.970594
0.251806 0.978875
0.250709 0.981730
0.207852 0.967089
0.186115 0.967298
0.169158 0.961474
0.170519 0.950181
0.181709 0.956466
0.184473 0.951827
0.193924 0.952351
0.197287 0.955811
0.203261 0.957575
0.199425 0.952134
0.197951 0.946778
0.197890 0.937841
0.197153 0.932503
0.202680 0.935203
0.214279 0.945572
0.220212 0.944998
0.210702 0.925816
0.216369 0.904140
0.216067 0.896315
0.206652 0.901313
0.197892 0.903223
0.195489 0.905144
0.186195 0.923071
0.179110 0.919691
0.178748 0.901560
0.154914 0.893875
0.141597 0.897467
0.149562 0.907961
0.145496 0.911979
0.154758 0.918987
0.159117 0.915670
0.162394 0.921596
0.162687 0.942018
0.155090 0.941791
0.142795 0.933715
0.132743 0.942071
0.131510 0.926791
0.128071 0.917203
0.127206 0.904994
0.131095 0.901930
0.132107 0.880551
0.136666 0.877863
0.147665 0.868388
0.152944 0.874247
0.153145 0.880969
0.156526 0.874080
0.163945 0.869507
0.171154 0.871954
0.175164 0.875227
0.179298 0.885704
0.182325 0.892875
0.194899 0.889701
0.197799 0.884373
0.201197 0.872666
0.220414 0.864656
0.213982 0.843812
0.209429 0.847659
0.202673 0.855992
0.193542 0.869300
0.187895 0.871998
0.184222 0.857785
0.182114 0.858923
0.164000 0.848373
0.160928 0.843747
0.158816 0.844569
0.139157 0.832253
0.138345 0.809387
0.146629 0.805122
0.154862 0.814135
0.159598 0.808411
0.163061 0.802159
0.158128 0.801763
0.145930 0.788283
0.153665 0.781661
0.169552 0.769390
0.185576 0.781715
0.187001 0.786457
0.188365 0.791923
0.180512 0.790936
0.183935 0.799075
0.182114 0.810874
0.171535 0.819527
0.180717 0.823184
0.192583 0.820531
0.192552 0.808063
0.195064 0.807828
0.203210 0.800874
0.209539 0.803711
0.220921 0.796514
0.204473 0.783762
0.200553 0.793546
0.194822 0.790662
0.194068 0.782423
0.195792 0.781835
0.188951 0.773369
0.191036 0.753943
0.183527 0.759436
0.178776 0.756755
0.165897 0.755428
0.158648 0.740738
0.155416 0.736926
0.154247 0.745358
0.131363 0.757352
0.115122 0.752646
0.108794 0.752296
0.105746 0.747776
0.101445 0.750917
0.101336 0.749508
0.095098 0.730786
0.098218 0.726849
0.107182 0.728913
0.129086 0.724783
0.139491 0.741508
0.146138 0.738010
0.143813 0.733586
0.144882 0.726601
0.144571 0.717330
0.133946 0.710207
0.128295 0.701827
0.116596 0.703092
0.122686 0.686812
0.124652 0.681567
0.117406 0.669657
0.139549 0.683951
0.148976 0.676744
0.141588 0.664006
0.161010 0.664093
0.158787 0.670993
0.159660 0.676467
0.156060 0.679499
0.147843 0.702681
0.152876 0.714950
0.159030 0.721325
0.190263 0.734288
0.198391 0.730210
0.197760 0.736288
0.213248 0.755349
0.225400 0.760764
0.229004 0.754099
0.220538 0.745062
0.219636 0.742473
0.217424 0.738396
0.212661 0.730512
0.211867 0.720344
0.243224 0.730555
0.249193 0.749939
0.249962 0.742596
0.252374 0.737192
0.255635 0.729433
0.255209 0.720724
0.264708 0.723529
0.264647 0.716410
0.263150 0.712614
0.272708 0.704921
0.284702 0.714498
0.277459 0.739315
0.299808 0.728059
0.308252 0.688907
0.312657 0.695594
0.314031 0.703169
0.331698 0.710316
0.334748 0.706510
0.351244 0.709471
0.356758 0.715321
0.378312 0.712503
0.378470 0.719691
0.389120 0.728538
0.393398 0.737918
0.377684 0.736572
0.380907 0.728689
0.375594 0.722372
0.365387 0.721236
0.340556 0.730353
0.341561 0.739146
0.334851 0.739227
0.335609 0.756518
0.321899 0.756851
0.322382 0.766642
0.304475 0.766176
0.299670 0.765265
0.287865 0.760778
0.282522 0.754835
0.275714 0.751305
0.273841 0.773966
0.278134 0.772504
0.282104 0.771073
0.288686 0.769822
0.293521 0.771642
0.298064 0.776397
0.298757 0.792672
0.285238 0.797022
0.278678 0.788576
0.262690 0.784065
0.265534 0.774707
0.251279 0.758274
0.249645 0.761848
0.244896 0.771796
0.231515 0.775153
0.222413 0.775788
0.223501 0.778167
0.224817 0.782880
0.242023 0.784614
0.239887 0.794107
0.249780 0.796041
0.242247 0.799161
0.235228 0.830146
0.241753 0.823753
0.250198 0.821835
0.259006 0.828433
0.254748 0.820461
0.254979 0.818827
0.259582 0.804144
0.270547 0.797568
0.271744 0.805911
0.271115 0.815881
0.283489 0.822843
0.287403 0.827163
0.281656 0.849049
0.294986 0.846642
0.295921 0.837105
0.311596 0.829246
0.339330 0.848519
0.330418 0.852742
0.328463 0.859151
0.333942 0.863518
0.319360 0.868505
0.315814 0.864311
0.314927 0.871271
0.311580 0.883216
0.303147 0.869747
0.302775 0.866608
0.295543 0.872706
0.289854 0.870937
0.288469 0.865024
0.280312 0.863561
0.283559 0.880040
0.279937 0.882899
0.263154 0.883296
0.267615 0.873552
0.266287 0.861671
0.242636 0.861956
0.251198 0.869830
0.257608 0.884009
0.258515 0.890829
0.256568 0.896094
0.250998 0.897409
0.263872 0.901949
0.265291 0.907753
0.264036 0.919071
0.255618 0.913456
0.246984 0.914855
0.249725 0.921688
0.241270 0.922067
0.230686 0.920491
0.228508 0.930018
0.240942 0.933365
0.246515 0.928676
0.258726 0.927840
0.263471 0.926807
0.267369 0.929567
0.281997 0.931898
0.277427 0.924206
0.284856 0.901379
0.289935 0.905588
0.295412 0.904283
0.298419 0.923980
0.298055 0.926607
0.322507 0.944585
0.318031 0.950018
0.317548 0.967883
0.318731 0.969258
0.317658 0.970765
0.324732 0.994689
0.334368 0.995802
0.336432 0.990839
0.344334 0.977929
0.346686 0.970454
0.337228 0.963101
0.334254 0.959097
0.345109 0.955129
0.356791 0.951797
0.366146 0.947981
0.366753 0.945020
0.347721 0.951689
0.337714 0.948049
0.331151 0.941481
0.326348 0.935293
0.324491 0.937521
0.307626 0.926160
0.308454 0.922933
0.313380 0.909392
0.315720 0.901253
0.327956 0.908021
0.330792 0.910127
0.337060 0.914972
0.337862 0.924432
0.342079 0.929444
0.352427 0.917337
0.347281 0.912002
0.334918 0.908095
0.331142 0.901658
0.331279 0.898033
0.328989 0.894998
0.330578 0.889853
0.351911 0.881390
0.358911 0.868009
0.349299 0.849034
0.362940 0.828191
0.348974 0.818993
0.346773 0.820493
0.338382 0.808510
0.340764 0.819602
0.340428 0.828016
0.341481 0.830548
0.330412 0.824487
0.324004 0.824322
0.321779 0.819466
0.314003 0.820235
0.316732 0.805154
0.321174 0.804004
0.327546 0.801753
0.329334 0.788754
0.333718 0.785113
0.340113 0.779567
0.339344 0.788537
0.349966 0.788843
0.369958 0.793249
0.399340 0.807529
0.405128 0.797319
0.423229 0.797822
0.403411 0.778263
0.386884 0.778218
0.382393 0.783975
0.356881 0.779511
0.348385 0.762368
0.354082 0.751343
0.352234 0.735142
0.376268 0.752119
0.384740 0.751470
0.386357 0.765096
0.391072 0.764495
0.395190 0.769163
0.400099 0.756791
0.414074 0.770195
0.430706 0.778012
0.436346 0.775282
0.433805 0.770863
0.449885 0.762725
0.444460 0.774300
0.431825 0.786521
0.437715 0.800546
0.455188 0.802416
0.461545 0.800516
0.468692 0.804367
0.448548 0.812069
0.451203 0.820550
0.458151 0.831756
0.435874 0.842268
0.435313 0.843461
0.433198 0.833064
0.432386 0.827744
0.421223 0.829220
0.417875 0.844151
0.408783 0.830496
0.403084 0.824469
0.406388 0.838842
0.391108 0.838343
0.389894 0.854594
0.399545 0.853626
0.412155 0.859162
0.429532 0.849599
0.429571 0.853546
0.450268 0.868923
0.456799 0.861945
0.458855 0.853539
0.463354 0.858674
0.475765 0.848884
0.481246 0.861925
0.468715 0.884974
0.478034 0.884158
0.476998 0.887169
0.476027 0.890171
0.461833 0.897821
0.464470 0.901147
0.461616 0.921940
0.439832 0.917007
0.439674 0.911026
0.426385 0.888433
0.422142 0.882584
0.417954 0.879719
0.425064 0.874270
0.417033 0.871921
0.414459 0.871714
0.404090 0.870569
0.416235 0.886838
0.406611 0.892898
0.419591 0.907476
0.421904 0.906948
0.422436 0.906775
0.430823 0.909277
0.436658 0.913187
0.435717 0.915871
0.429394 0.918018
0.435466 0.923400
0.440921 0.930070
0.438810 0.937450
0.431949 0.936193
0.417245 0.929148
0.418364 0.948096
0.409909 0.949841
0.396233 0.963469
0.388766 0.957767
0.401969 0.946488
0.409784 0.930444
0.407613 0.926505
0.389167 0.918193
0.386452 0.886866
0.380927 0.874055
0.382014 0.852973
0.368245 0.853973
0.370746 0.871772
0.370132 0.873732
0.367559 0.880012
0.357687 0.893398
0.366911 0.910582
0.377419 0.913861
0.362464 0.927323
0.386719 0.931382
0.385518 0.944038
0.379264 0.958050
0.384663 0.958319
0.384448 0.967810
0.393362 0.974354
0.388124 0.975820
0.375851 0.976607
0.369390 0.976180
0.378883 0.990671
0.383155 0.995381
0.396320 0.997631
0.401190 0.998014
0.415634 0.978429
0.432581 0.969623
0.443036 0.981607
0.444712 0.984237
0.439786 0.993632
0.437414 0.997444
0.447442 0.996178
0.445787 0.977874
0.447894 0.977905
0.455140 0.976012
0.457215 0.967131
0.451141 0.961006
0.444269 0.966976
0.439042 0.963931
0.436086 0.961078
0.439061 0.949783
0.453778 0.949011
0.473300 0.945209
0.480263 0.957147
0.471516 0.959110
0.464335 0.966250
0.466100 0.969367
0.467272 0.977075
0.466284 0.984843
0.477176 0.979710
0.487913 0.987194
0.487601 0.991100
0.495527 0.986732
0.481758 0.971186
0.490200 0.965538
0.492574 0.970267
0.509556 0.961494
0.512429 0.954367
0.515191 0.957879
0.521311 0.959379
0.522701 0.960720
0.533987 0.958481
0.528904 0.982900
0.527135 0.985188
0.521745 0.986610
0.524270 0.992298
0.549093 0.998702
0.563608 0.980305
0.565926 0.977413
0.563902 0.971317
0.562248 0.969275
0.547250 0.973269
0.542506 0.963139
0.546389 0.938695
0.554130 0.929830
0.557121 0.926146
0.557698 0.923812
0.565618 0.938584
0.576723 0.924886
0.562632 0.920961
0.556274 0.908203
0.522056 0.919305
0.521077 0.928301
0.520228 0.930990
0.515348 0.938675
0.508250 0.938823
0.504871 0.931584
0.501455 0.927337
0.502302 0.934004
0.501666 0.938539
0.492952 0.951172
0.490544 0.955117
0.491657 0.940673
0.475840 0.911472
0.477271 0.910317
0.477427 0.904928
0.491615 0.908113
0.503991 0.907157
0.496524 0.894272
0.496116 0.890854
0.501362 0.888982
0.509743 0.884852
0.514513 0.888703
0.511976 0.892139
0.525703 0.902335
0.526023 0.899223
0.540225 0.892340
0.551913 0.893169
0.560464 0.894097
0.563016 0.889551
0.565319 0.887963
0.572309 0.896192
0.577517 0.906832
0.581699 0.919405
0.608384 0.915939
0.607808 0.901632
0.609004 0.901691
0.616577 0.896178
0.617537 0.892754
0.615444 0.892365
0.608099 0.879518
0.601287 0.868005
0.596325 0.878558
0.599913 0.881430
0.588030 0.887540
0.583605 0.876318
0.578786 0.869688
0.577994 0.875353
0.561696 0.885254
0.552495 0.875926
0.551645 0.874783
0.548939 0.876236
0.541579 0.862798
0.541430 0.860466
0.539317 0.859764
0.538477 0.854997
0.528738 0.874672
0.522327 0.863932
0.526329 0.857090
0.526045 0.838922
0.542966 0.845250
0.559626 0.850240
0.565366 0.855933
0.563190 0.844652
0.577049 0.845454
0.573980 0.839906
0.575074 0.836084
0.585890 0.839179
0.588528 0.832265
0.581488 0.829333
0.584124 0.823569
0.582485 0.822783
0.580341 0.822336
0.572450 0.825272
0.574785 0.820798
0.580027 0.810192
0.575089 0.807853
0.576519 0.799979
0.581480 0.798950
0.583900 0.798194
0.579452 0.795105
0.565321 0.790799
0.564934 0.792417
0.557396 0.791949
0.568468 0.782738
0.581043 0.775431
0.570068 0.774472
0.550627 0.769359
0.528881 0.780303
0.527229 0.789168
0.530982 0.789482
0.555877 0.793283
0.546735 0.805318
0.535173 0.807678
0.532016 0.811762
0.547991 0.820053
0.538838 0.823713
0.531375 0.823372
0.516130 0.808197
0.513963 0.804821
0.511096 0.796428
0.506227 0.792596
0.507100 0.811921
0.496687 0.811295
0.495273 0.812121
0.493047 0.827240
0.502984 0.830748
0.513118 0.834441
0.508256 0.841413
0.504975 0.853919
0.507145 0.864216
0.499892 0.860867
0.489868 0.862292
0.496391 0.843775
0.471686 0.832576
0.474855 0.819647
0.483522 0.811654
0.490551 0.804960
0.480288 0.770970
0.474228 0.768211
0.484500 0.765601
0.485841 0.763982
0.492412 0.759990
0.506077 0.770858
0.503500 0.775636
0.507571 0.786218
0.520382 0.771852
0.520539 0.768022
0.535646 0.749684
0.527058 0.727691
0.517088 0.736619
0.514524 0.738890
0.516455 0.746206
0.500903 0.753091
0.489137 0.746289
0.481559 0.751699
0.471369 0.746626
0.470229 0.741007
0.466204 0.750321
0.462633 0.755538
0.456859 0.759668
0.443595 0.751235
0.453158 0.736160
0.442188 0.738167
0.429236 0.739120
0.436034 0.729455
0.431497 0.705745
0.422792 0.705866
0.418083 0.687693
0.419107 0.678473
0.419485 0.675379
0.414761 0.666362
0.422534 0.662488
0.431300 0.671871
0.443009 0.668967
0.433714 0.663415
0.432752 0.660211
0.437175 0.654307
0.429351 0.645803
0.445694 0.642438
0.449245 0.643496
0.456089 0.642042
0.451631 0.632894
0.454102 0.626983
0.455320 0.623449
0.460130 0.624286
0.464757 0.640742
0.462833 0.648587
0.458154 0.658568
0.452076 0.680113
0.454033 0.686516
0.454692 0.692338
0.453297 0.694708
0.449240 0.697042
0.437585 0.696869
0.442798 0.698679
0.447884 0.702925
0.452509 0.708489
0.450112 0.721031
0.466927 0.728867
0.475770 0.712340
0.485744 0.697520
0.485992 0.710564
0.494311 0.723823
0.504710 0.722178
0.508464 0.720063
0.514111 0.722723
0.513567 0.703967
0.507228 0.699683
0.504725 0.699442
0.503701 0.699916
0.502583 0.701764
0.502252 0.695298
0.499649 0.689073
0.490820 0.683127
0.492493 0.675413
0.491986 0.670554
0.479048 0.683149
0.475701 0.681713
0.475062 0.691926
0.466850 0.692363
0.467492 0.682768
0.472661 0.680801
0.473324 0.673703
0.474376 0.673123
0.479411 0.669644
0.492468 0.656183
0.486745 0.657730
0.474154 0.655326
0.475366 0.639791
0.483703 0.643065
0.488362 0.630328
0.495270 0.648613
0.506092 0.640165
0.513289 0.631283
0.520309 0.634937
0.522017 0.645630
0.515663 0.649703
0.524626 0.658845
0.516856 0.685659
0.526415 0.676496
0.532175 0.678567
0.536018 0.674453
0.544453 0.666273
0.535612 0.646370
0.544898 0.652340
0.555024 0.654890
0.555492 0.649640
0.574235 0.655692
0.570922 0.648426
0.549869 0.635704
0.553825 0.632467
0.556715 0.632711
0.563019 0.618332
0.574493 0.608755
0.574823 0.603522
0.540541 0.607757
0.545907 0.603050
0.559628 0.591799
0.562853 0.588911
0.560481 0.573877
0.567427 0.570571
0.570937 0.562692
0.573563 0.574436
0.580892 0.577903
0.572620 0.584181
0.586003 0.599888
0.591484 0.597101
0.593187 0.591476
0.586141 0.588405
0.595770 0.575963
0.602022 0.566555
0.608822 0.569049
0.620522 0.557846
0.608383 0.545535
0.603216 0.544379
0.602920 0.542853
0.609522 0.533281
0.617019 0.532483
0.621077 0.526677
0.620863 0.543913
0.630181 0.539627
0.633189 0.533465
0.636455 0.540091
0.631646 0.542581
0.640126 0.578310
0.624089 0.578845
0.606048 0.583291
0.608073 0.589885
0.611611 0.588193
0.614571 0.601634
0.608415 0.615915
0.608069 0.613770
0.599737 0.604080
0.596543 0.606337
0.583160 0.617341
0.576025 0.622876
0.578447 0.628478
0.580492 0.640446
0.584250 0.651202
0.590784 0.651147
0.589316 0.644611
0.598958 0.644013
0.604963 0.637596
0.608453 0.638295
0.617781 0.639945
0.632364 0.652940
0.631801 0.662205
0.642682 0.658230
0.643801 0.652728
0.648635 0.662455
0.641668 0.666879
0.630344 0.680360
0.627034 0.682509
0.634478 0.690731
0.647853 0.688390
0.648703 0.694211
0.642924 0.694472
0.621486 0.697308
0.613101 0.702628
0.619593 0.707297
0.630280 0.719555
0.644077 0.725026
0.647894 0.717741
0.655400 0.728702
0.660637 0.730356
0.666010 0.743275
0.645244 0.753029
0.644589 0.749795
0.617589 0.731828
0.599240 0.747781
0.602695 0.735151
0.602267 0.724473
0.601891 0.706378
0.596222 0.707293
0.589658 0.707809
0.595174 0.697425
0.599200 0.695079
0.609067 0.681176
0.615822 0.681948
0.619975 0.679142
0.614637 0.671133
0.608974 0.678316
0.597434 0.672000
0.593125 0.664459
0.593128 0.679321
0.593242 0.685295
0.585238 0.684523
0.576880 0.690989
0.573054 0.687591
0.563715 0.682486
0.551644 0.687753
0.551618 0.694433
0.553487 0.705670
0.555974 0.714954
0.552969 0.712472
0.530316 0.708005
0.543329 0.721873
0.542723 0.728188
0.545387 0.725754
0.561803 0.726644
0.565313 0.728101
0.574549 0.733605
0.570372 0.736678
0.567679 0.748543
0.561732 0.751974
0.559346 0.751898
0.558031 0.765113
0.575720 0.759242
0.585369 0.763328
0.591348 0.774981
0.595964 0.792016
0.595700 0.793396
0.603311 0.800323
0.606299 0.804130
0.617430 0.799868
0.624558 0.772681
0.626333 0.755490
0.640372 0.772808
0.651702 0.763160
0.659905 0.760696
0.662851 0.766345
0.673020 0.779233
0.675877 0.770467
0.678057 0.756347
0.686372 0.769010
0.686194 0.779338
0.695608 0.789407
0.694183 0.795480
0.700530 0.806699
0.677881 0.815983
0.672123 0.803878
0.667442 0.791510
0.646314 0.803277
0.643026 0.792687
0.637162 0.800063
0.632896 0.803245
0.629239 0.806205
0.631390 0.816187
0.652648 0.819967
0.662849 0.826023
0.657449 0.843804
0.657674 0.845929
0.651313 0.864781
0.660856 0.865660
0.662314 0.864992
0.667119 0.874698
0.653431 0.875154
0.646405 0.862878
0.643988 0.855296
0.644663 0.849019
0.643520 0.829990
0.618867 0.833403
0.615416 0.830958
0.604060 0.826879
0.598091 0.827165
0.594661 0.837942
0.590238 0.849868
0.601782 0.854199
0.620534 0.853437
0.619938 0.850113
0.622943 0.845083
0.623065 0.851917
0.630633 0.858007
0.633253 0.868235
0.630844 0.870580
0.621621 0.875815
0.619551 0.885368
0.623517 0.884978
0.633199 0.893050
0.642524 0.902631
0.652130 0.906462
0.635378 0.912985
0.615104 0.918181
0.615890 0.927911
0.608199 0.928756
0.605267 0.945154
0.585052 0.943855
0.595566 0.953463
0.594553 0.955741
0.605147 0.970960
0.618084 0.976573
0.616177 0.977499
0.597651 0.994230
0.597494 0.996566
0.624246 0.991812
0.638472 0.986653
0.635057 0.976153
0.634814 0.975436
0.634248 0.957933
0.632665 0.954892
0.630248 0.953961
0.627900 0.959347
0.624423 0.961019
0.621284 0.948886
0.637750 0.923509
0.644957 0.931270
0.647394 0.931367
0.661641 0.922646
0.667793 0.920360
0.675245 0.907209
0.686403 0.894628
0.689609 0.903441
0.708338 0.906087
0.704521 0.913235
0.709176 0.922670
0.719952 0.930809
0.713806 0.935647
0.699799 0.929275
0.680662 0.921218
0.680349 0.936926
0.688316 0.944247
0.687979 0.952572
0.689908 0.972298
0.687094 0.973207
0.667270 0.965505
0.666987 0.949663
0.662112 0.948882
0.658801 0.956445
0.658239 0.967356
0.664349 0.969191
0.664735 0.986419
0.678247 0.982097
0.689682 0.989325
0.696753 0.982729
0.700547 0.973756
0.702110 0.982696
0.708935 0.993184
0.711408 0.992600
0.712818 0.991635
0.720217 0.994437
0.724907 0.992559
0.725105 0.979540
0.718828 0.977298
0.717420 0.962380
0.726158 0.962817
0.731838 0.970755
0.742899 0.971250
0.748721 0.982834
0.741841 0.991646
0.750043 0.990836
0.753947 0.991599
0.755243 0.981634
0.771076 0.968393
0.778641 0.952803
0.749399 0.943540
0.747520 0.941055
0.747908 0.925765
0.753762 0.926648
0.753193 0.927946
0.756566 0.930073
0.761975 0.913160
0.744898 0.907714
0.729580 0.916382
0.725377 0.912434
0.720648 0.904666
0.715946 0.904343
0.724156 0.890817
0.734373 0.890355
0.734690 0.887971
0.738554 0.881739
0.734814 0.861227
0.726624 0.864642
0.720738 0.853703
0.718919 0.867899
0.706478 0.873587
0.689283 0.875653
0.677146 0.878809
0.691341 0.859349
0.677025 0.852837
0.667922 0.852679
0.679019 0.837876
0.691375 0.834668
0.703080 0.833356
0.707555 0.824518
0.713183 0.822485
0.722499 0.824388
0.719729 0.838238
0.722094 0.837542
0.725839 0.827508
0.728137 0.821804
0.739323 0.811620
0.730078 0.805272
0.724568 0.797412
0.718874 0.800526
0.712931 0.791639
0.712899 0.779576
0.710502 0.767214
0.707312 0.762605
0.721994 0.757286
0.731910 0.742943
0.718115 0.734510
0.705565 0.741529
0.700390 0.752538
0.694605 0.754299
0.675497 0.721609
0.686627 0.713865
0.693793 0.720726
0.702249 0.723968
0.699950 0.717224
0.706471 0.704738
0.697951 0.702760
0.699499 0.692912
0.697781 0.684294
0.702495 0.674742
0.695614 0.670847
0.679687 0.694801
0.662320 0.697232
0.666917 0.685712
0.669085 0.678429
0.655971 0.671340
0.662090 0.666915
0.664060 0.663500
0.672469 0.655631
0.666262 0.649045
0.660042 0.644860
0.658575 0.623981
0.644979 0.629338
0.644244 0.633518
0.631091 0.617710
0.629568 0.614647
0.633899 0.611413
0.646609 0.614154
0.652175 0.592703
0.659520 0.592915
0.667420 0.588995
0.676964 0.575369
0.674571 0.568086
0.664997 0.562502
0.665501 0.560962
0.657360 0.561304
0.652691 0.551669
0.666704 0.559157
0.685480 0.568760
0.680564 0.580224
0.691965 0.589389
0.680772 0.587971
0.677464 0.596747
0.680484 0.596928
0.682738 0.606953
0.688177 0.605574
0.700069 0.606999
0.704203 0.605764
0.702249 0.610593
0.694449 0.618755
0.678279 0.643775
0.706783 0.636255
0.722627 0.664712
0.727235 0.662979
0.728859 0.663427
0.728220 0.655098
0.737086 0.646993
0.752379 0.632676
0.762413 0.644192
0.769281 0.641318
0.777554 0.641770
0.782880 0.643405
0.781211 0.658770
0.760228 0.677919
0.746681 0.695628
0.746690 0.691714
0.744192 0.687026
0.734022 0.686721
0.718766 0.711051
0.728450 0.730535
0.742330 0.738115
0.752693 0.717944
0.763335 0.716979
0.769439 0.726843
0.770933 0.729497
0.784016 0.715616
0.795544 0.719551
0.794081 0.723557
0.797998 0.731532
0.802066 0.724364
0.816437 0.714646
0.820204 0.715097
0.821879 0.713578
0.828264 0.728057
0.840546 0.735927
0.845289 0.738691
0.840260 0.751757
0.835918 0.754227
0.834143 0.755555
0.829709 0.751679
0.816292 0.768702
0.813365 0.758252
0.816522 0.750492
0.802298 0.740609
0.795300 0.759210
0.790919 0.758325
0.785395 0.763207
0.783268 0.753788
0.776647 0.754079
0.772047 0.754952
0.760669 0.750093
0.757271 0.757024
0.752675 0.765068
0.768575 0.773145
0.758589 0.777134
0.750312 0.776238
0.741767 0.770096
0.732035 0.767538
0.727476 0.781275
0.737454 0.783410
0.740369 0.786619
0.760536 0.791690
0.754603 0.794265
0.750259 0.798614
0.755583 0.808554
0.746190 0.829635
0.739473 0.835260
0.748804 0.832816
0.750235 0.836914
0.761856 0.830260
0.775783 0.832071
0.758607 0.848868
0.768138 0.858404
0.768521 0.860679
0.758507 0.857204
0.750930 0.864478
0.755438 0.872089
0.769795 0.880645
0.763651 0.886770
0.760834 0.893566
0.763034 0.902859
0.768120 0.902565
0.769355 0.903263
0.769910 0.894030
0.776959 0.887440
0.785988 0.885683
0.796781 0.868757
0.780947 0.869385
0.779319 0.874116
0.775841 0.867213
0.780332 0.852575
0.786018 0.852981
0.791418 0.839423
0.790751 0.809422
0.794455 0.800453
0.800598 0.798009
0.775307 0.778310
0.779011 0.772645
0.786180 0.770469
0.789155 0.769536
0.812223 0.778388
0.811478 0.784588
0.817079 0.788589
0.818288 0.791744
0.818472 0.798664
0.817507 0.799129
0.816334 0.804224
0.828879 0.826860
0.830649 0.828823
0.822453 0.833525
0.802445 0.828331
0.803503 0.841541
0.803016 0.844576
0.809969 0.846525
0.809812 0.850721
0.831634 0.851865
0.834568 0.855002
0.833167 0.857242
0.814057 0.865809
0.809450 0.876296
0.812378 0.882075
0.824238 0.885262
0.829812 0.879896
0.826993 0.894129
0.840152 0.889612
0.844561 0.895902
0.837030 0.900352
0.847498 0.909615
0.839585 0.910794
0.831200 0.913430
0.841981 0.929270
0.845282 0.920480
0.856798 0.915598
0.863100 0.919596
0.868732 0.908528
0.875773 0.901759
0.869909 0.926804
0.874643 0.932370
0.869442 0.933682
0.860554 0.933012
0.858419 0.933299
0.850735 0.944516
0.836156 0.942803
0.822733 0.948238
0.814490 0.924181
0.822839 0.911886
0.821991 0.910737
0.819086 0.905859
0.800564 0.896301
0.779627 0.911388
0.771702 0.915888
0.778207 0.919762
0.788293 0.916820
0.790361 0.933955
0.801526 0.937790
0.808204 0.936824
0.796173 0.942412
0.793358 0.945379
0.789831 0.949691
0.790275 0.949860
0.789298 0.963452
0.782075 0.976665
0.779553 0.982561
0.779347 0.991520
0.789733 0.996645
0.794387 0.983634
0.814955 0.967091
0.819334 0.967135
0.810227 0.959043
0.810708 0.949496
0.823538 0.959017
0.833765 0.954522
0.837463 0.964591
0.838041 0.962048
0.840829 0.957292
0.845240 0.958758
0.851922 0.974611
0.841768 0.981382
0.837119 0.984767
0.830860 0.980656
0.818083 0.985003
0.827815 0.991106
0.841272 0.996217
0.862482 0.980946
0.866865 0.988560
0.877353 0.979424
0.868283 0.967312
0.867233 0.959141
0.865019 0.954631
0.861654 0.942728
0.891323 0.949686
0.895344 0.947828
0.898935 0.938729
0.912162 0.941415
0.918158 0.937282
0.911479 0.937334
0.909037 0.932952
0.903310 0.908644
0.923280 0.903866
0.924170 0.901162
0.926838 0.892294
0.924426 0.888990
0.932120 0.865294
0.932957 0.847580
0.943813 0.853113
0.944142 0.859453
0.961719 0.864739
0.967150 0.868249
0.961192 0.867626
0.954365 0.877997
0.945145 0.889763
0.939715 0.900995
0.944160 0.912676
0.956363 0.909162
0.956323 0.917695
0.947664 0.927636
0.925641 0.928983
0.936513 0.943763
0.942760 0.937958
0.961507 0.946705
0.950946 0.959147
0.943715 0.959990
0.938011 0.958166
0.930524 0.971089
0.926227 0.966576
0.917429 0.971567
0.905678 0.976030
0.915779 0.956151
0.909321 0.958920
0.895148 0.956518
0.891337 0.958879
0.889670 0.965937
0.890913 0.979759
0.886071 0.984239
0.889141 0.989022
0.886739 0.993006
0.910396 0.999898
0.914607 0.985568
0.932597 0.986967
0.933769 0.994947
0.937442 0.997902
0.939652 0.987545
0.941087 0.970323
0.944475 0.977758
0.949924 0.990714
0.953005 0.986296
0.961335 0.980304
0.970605 0.972763
0.986391 0.971320
0.977242 0.957325
0.973467 0.944340
0.981749 0.949744
0.987895 0.949409
0.995698 0.947791
0.991159 0.943635
0.982588 0.934211
0.988402 0.926653
0.980145 0.925086
0.971598 0.919291
0.969703 0.908114
0.973757 0.896591
0.985712 0.907263
0.994215 0.895816
0.995697 0.887679
0.984578 0.888080
0.984047 0.888519
0.982314 0.883789
0.972669 0.888133
0.976732 0.884154
0.991496 0.864861
0.997439 0.842102
0.991249 0.842102
0.989834 0.841399
0.993543 0.838881
0.996227 0.830101
0.982242 0.817093
0.982674 0.820592
0.973938 0.835839
0.956661 0.839378
0.947385 0.823990
0.938522 0.826245
0.931338 0.819160
0.929761 0.836517
0.926888 0.826051
0.922957 0.823757
0.919812 0.805436
0.923828 0.806353
0.944890 0.788239
0.938518 0.789356
0.924674 0.786477
0.921675 0.789894
0.920755 0.788090
0.913420 0.783449
0.913175 0.791704
0.912793 0.792237
0.894419 0.800659
0.878930 0.800896
0.876775 0.801815
0.890173 0.806820
0.892414 0.812368
0.895949 0.823659
0.906782 0.816703
0.909092 0.837661
0.910266 0.838788
0.908891 0.854838
0.912316 0.863896
0.914388 0.875822
0.902616 0.877336
0.899784 0.896952
0.870401 0.884517
0.881304 0.874200
0.888677 0.870816
0.891203 0.862989
0.888264 0.855960
0.892473 0.852385
0.886431 0.848633
0.891692 0.838664
0.893345 0.836990
0.889724 0.832744
0.878206 0.830074
0.868232 0.848436
0.855204 0.852850
0.859359 0.842483
0.864161 0.832127
0.855048 0.827335
0.852587 0.825247
0.844462 0.815705
0.853619 0.818084
0.861428 0.821713
0.871252 0.807872
0.862285 0.810395
0.860763 0.805720
0.863393 0.792579
0.857917 0.790339
0.837335 0.777170
0.857994 0.771891
0.860843 0.782436
0.867472 0.783735
0.884996 0.775301
0.884297 0.782429
0.885297 0.785933
0.889468 0.786810
0.895177 0.778581
0.899936 0.772712
0.904491 0.780589
0.910072 0.769384
0.918385 0.765502
0.917058 0.764353
0.919281 0.758733
0.911978 0.750819
0.899884 0.760374
0.897922 0.760991
0.886922 0.767384
0.876592 0.772290
0.863152 0.766377
0.872687 0.761336
0.887766 0.750996
0.895335 0.741560
0.885537 0.731082
0.883756 0.739090
0.879500 0.736233
0.867841 0.749452
0.861016 0.740191
0.860066 0.730024
0.870977 0.723957
0.872413 0.719332
0.874625 0.726162
0.883506 0.721160
0.886397 0.699986
0.899041 0.700173
0.899724 0.699951
0.901491 0.699878
0.909512 0.700558
0.912886 0.689770
0.903208 0.680103
0.899663 0.678106
0.896635 0.681763
0.898614 0.684366
0.880053 0.690007
0.868118 0.696325
0.853081 0.690449
0.853908 0.688911
0.872591 0.677378
0.861770 0.668412
0.853484 0.674845
0.851755 0.666939
0.850691 0.663406
0.844441 0.669798
0.846666 0.672736
0.831492 0.682001
0.826208 0.684034
0.821989 0.682883
0.828111 0.694897
0.812558 0.701567
0.803828 0.695491
0.800264 0.673932
0.818439 0.675507
0.826161 0.661588
0.831093 0.648282
0.850269 0.619868
0.859232 0.607793
0.850897 0.614498
0.834855 0.617102
0.810149 0.617652
0.821881 0.629180
0.813422 0.645275
0.788831 0.638176
0.801499 0.630627
0.801658 0.626696
0.793643 0.619670
0.791971 0.600137
0.802723 0.585115
0.807412 0.575691
0.808881 0.572352
0.808663 0.594929
0.810750 0.601305
0.814420 0.600468
0.823427 0.596367
0.825844 0.596300
0.833237 0.587359
0.831263 0.582380
0.842641 0.569786
0.827251 0.572455
0.799131 0.554819
0.822624 0.552955
0.820697 0.541342
0.827721 0.543856
0.832484 0.540692
0.836342 0.541126
0.846088 0.539365
0.841142 0.531824
0.846096 0.528767
0.827650 0.512199
0.832065 0.491979
0.839527 0.500030
0.841426 0.496327
0.858121 0.503174
0.871765 0.492998
0.878042 0.486141
0.866246 0.481139
0.866000 0.477697
0.852065 0.478547
0.858717 0.469949
0.856173 0.466691
0.847096 0.445045
0.853924 0.444982
0.863679 0.443902
0.864689 0.427292
0.866067 0.424946
0.858865 0.427768
0.855117 0.436270
0.843015 0.436557
0.833049 0.452684
0.827772 0.460322
0.814252 0.458724
0.795629 0.450179
0.804790 0.439567
0.805202 0.426149
0.819071 0.419050
0.800961 0.407483
0.790384 0.410261
0.791726 0.415039
0.788989 0.412847
0.784252 0.414391
0.790541 0.406846
0.789554 0.404856
0.788891 0.398667
0.803429 0.385933
0.810453 0.393452
0.836432 0.386544
0.830974 0.368167
0.828889 0.368215
0.810020 0.354201
0.810895 0.361162
0.802346 0.368017
0.794865 0.360346
0.785325 0.368436
0.781458 0.353742
0.768467 0.356066
0.767642 0.365976
0.764267 0.369447
0.751934 0.365550
0.745929 0.338573
0.741337 0.348024
0.737924 0.349629
0.740655 0.352410
0.737969 0.359921
0.726668 0.366437
0.719932 0.345436
0.711722 0.350670
0.701966 0.362121
0.704963 0.364270
0.710152 0.372379
0.717487 0.378972
0.742686 0.374860
0.740084 0.379743
0.740935 0.385927
0.760123 0.385682
0.765143 0.382319
0.759890 0.400830
0.755954 0.402636
0.744818 0.411202
0.760294 0.413333
0.774556 0.422947
0.773386 0.426885
0.765908 0.433711
0.769719 0.441079
0.786935 0.447074
0.787206 0.452729
0.788534 0.473728
0.790282 0.475465
0.811285 0.479890
0.815933 0.485856
0.813896 0.490817
0.811600 0.499836
0.815968 0.507604
0.815260 0.528972
0.804630 0.532795
0.804273 0.522201
0.803461 0.508577
0.800764 0.496260
0.784254 0.492341
0.783293 0.482946
0.758369 0.484486
0.760663 0.472643
0.747645 0.454409
0.743651 0.452843
0.754001 0.445976
0.741960 0.443448
0.733994 0.441426
0.727666 0.441093
0.717780 0.453549
0.729026 0.464716
0.704250 0.480280
0.699492 0.487545
0.711491 0.493196
0.717696 0.514678
0.713160 0.514790
0.707848 0.533627
0.718816 0.538744
0.733671 0.536364
0.735187 0.533537
0.730240 0.522111
0.731979 0.512598
0.736213 0.513454
0.742981 0.512761
0.737805 0.501336
0.723122 0.490647
0.728477 0.487889
0.745112 0.479361
0.747492 0.482768
0.751365 0.485109
0.750042 0.513673
0.745549 0.516217
0.746504 0.531091
0.772941 0.515781
0.779095 0.504007
0.789604 0.514796
0.768331 0.527795
0.763321 0.561458
0.760818 0.564420
0.758879 0.564622
0.749915 0.564200
0.742620 0.570631
0.736866 0.582792
0.757380 0.582270
0.759120 0.579226
0.767809 0.586909
0.772565 0.595709
0.760261 0.597206
0.763943 0.607764
0.741792 0.621780
0.736843 0.622509
0.736229 0.613421
0.726794 0.610050
0.716671 0.615603
0.711615 0.605749
0.694910 0.585699
0.702079 0.586725
0.710974 0.587859
0.721365 0.578317
0.710418 0.570515
0.704037 0.573306
0.690149 0.551494
0.683077 0.555900
0.684371 0.548671
0.690191 0.538249
0.689505 0.528552
0.684697 0.517331
0.678808 0.529762
0.663326 0.544170
0.661275 0.517122
0.644418 0.517610
0.657574 0.504708
0.658649 0.502664
0.673450 0.500775
0.679670 0.499079
0.677826 0.490154
0.684717 0.477110
0.685365 0.472540
0.695469 0.465118
0.660904 0.475199
0.658342 0.471540
0.657840 0.469069
0.648962 0.464891
0.662071 0.454591
0.653053 0.426136
0.649114 0.425743
0.646848 0.419104
0.640253 0.417017
0.640228 0.433783
0.638486 0.435637
0.637153 0.444446
0.629934 0.442340
0.622739 0.453410
0.620909 0.448212
0.609429 0.445506
0.610454 0.443446
0.602304 0.433544
0.617194 0.434602
0.620632 0.435257
0.633282 0.421219
0.619812 0.419717
0.617905 0.419446
0.615613 0.414457
0.601614 0.413511
0.603810 0.410956
0.612756 0.393719
0.616109 0.389987
0.625041 0.384170
0.632274 0.378384
0.649333 0.378762
0.641404 0.384487
0.634652 0.391292
0.638232 0.395462
0.648473 0.399231
0.661809 0.416507
0.667019 0.416207
0.668640 0.429955
0.681388 0.441796
0.689035 0.460069
0.703267 0.447377
0.709776 0.441649
0.704739 0.439125
0.702194 0.432887
0.695015 0.427455
0.704980 0.421153
0.717394 0.423129
0.725230 0.425901
0.728069 0.428728
0.737482 0.428046
0.732241 0.414711
0.717811 0.418138
0.716634 0.407735
0.705985 0.402447
0.704659 0.395967
0.702467 0.381609
0.699704 0.381750
0.691546 0.378920
0.693904 0.373116
0.681540 0.373315
0.674650 0.384926
0.679436 0.398457
0.666595 0.393309
0.665087 0.385131
0.658774 0.376964
0.649405 0.354688
0.642326 0.348066
0.624078 0.335956
0.621214 0.335743
0.613132 0.344687
0.614733 0.340582
0.613677 0.321178
0.606663 0.321156
0.611990 0.296951
0.620464 0.299003
0.626499 0.293830
0.633861 0.319277
0.655732 0.315351
0.665824 0.345457
0.681669 0.350015
0.697418 0.346503
0.680515 0.340636
0.676464 0.338823
0.676067 0.328852
0.669184 0.320165
0.663090 0.314861
0.658081 0.300597
0.681804 0.304866
0.683891 0.293172
0.685446 0.291679
0.691047 0.277637
0.710402 0.282644
0.697363 0.261886
0.688914 0.265989
0.685883 0.264686
0.673552 0.254009
0.647473 0.251270
0.643558 0.257855
0.647036 0.258768
0.656882 0.276492
0.639858 0.286585
0.638854 0.284932
0.616551 0.280281
0.619253 0.272351
0.610583 0.270088
0.604542 0.269448
0.603618 0.290672
0.598194 0.301028
0.594565 0.296730
0.586318 0.291559
0.586192 0.291850
0.578562 0.291456
0.577992 0.291104
0.576111 0.283627
0.576077 0.281500
0.574688 0.276046
0.570112 0.275709
0.572014 0.272904
0.566009 0.268374
0.566337 0.259855
0.564643 0.253921
0.570950 0.257130
0.591066 0.254692
0.591807 0.258058
0.600965 0.264386
0.606583 0.243974
0.602256 0.243780
0.590338 0.233142
0.592545 0.230352
0.593748 0.229809
0.594429 0.228288
0.597433 0.221601
0.587907 0.213321
0.576710 0.211799
0.569071 0.226230
0.559037 0.238193
0.551368 0.238547
0.550975 0.240588
0.537564 0.237363
0.543269 0.222766
0.553597 0.214804
0.567187 0.200161
0.552202 0.191029
0.539595 0.201720
0.537225 0.204291
0.528414 0.220251
0.531234 0.222914
0.524754 0.229566
0.520070 0.230266
0.520559 0.238055
0.506734 0.235395
0.515129 0.250153
0.535300 0.255005
0.537188 0.268503
0.530469 0.266166
0.529640 0.270630
0.522217 0.278765
0.521278 0.298797
0.515843 0.307318
0.518623 0.308142
0.533962 0.310448
0.539232 0.308043
0.534407 0.311698
0.531129 0.312946
0.519814 0.314106
0.509907 0.318745
0.510769 0.326100
0.510474 0.327479
0.525158 0.336259
0.533178 0.344623
0.542293 0.325426
0.558830 0.309053
0.560211 0.317139
0.572202 0.326314
0.571532 0.335315
0.560351 0.327826
0.556603 0.348162
0.551529 0.359934
0.545522 0.364750
0.556150 0.372136
0.576754 0.343319
0.585885 0.344257
0.585611 0.352521
0.590795 0.350218
0.596086 0.352669
0.602568 0.349895
0.602179 0.358251
0.611617 0.375156
0.610375 0.385653
0.609879 0.385189
0.603788 0.386727
0.600907 0.380022
0.600938 0.378103
0.593605 0.374162
0.584012 0.365642
0.582957 0.366572
0.583525 0.367824
0.582120 0.372337
0.576487 0.383733
0.577220 0.396874
0.584130 0.403108
0.585319 0.404279
0.593179 0.410558
0.580122 0.428277
0.574028 0.407025
0.558701 0.388850
0.550858 0.380766
0.542319 0.402210
0.550108 0.417281
0.543882 0.416695
0.536775 0.399808
0.526040 0.400037
0.524375 0.399973
0.523194 0.402281
0.504714 0.403716
0.491298 0.409054
0.495293 0.401443
0.508893 0.381766
0.520412 0.382476
0.540680 0.384228
0.541151 0.365403
0.530031 0.363727
0.526873 0.369913
0.525009 0.365573
0.505813 0.363797
0.492894 0.370946
0.482858 0.372704
0.485085 0.358629
0.475942 0.365816
0.469637 0.368252
0.471393 0.371728
0.469938 0.380476
0.455364 0.392218
0.454215 0.393078
0.448402 0.383683
0.453568 0.380453
0.454638 0.373880
0.456717 0.364219
0.453201 0.361024
0.430189 0.348530
0.427823 0.351728
0.413401 0.348720
0.419199 0.333901
0.429454 0.321568
0.438517 0.331702
0.437816 0.336835
0.440998 0.336868
0.445688 0.341902
0.455619 0.340044
0.460552 0.326339
0.456133 0.317989
0.462583 0.314495
0.462340 0.310117
0.466947 0.310679
0.475989 0.320579
0.482713 0.323258
0.489145 0.329011
0.488125 0.333945
0.496127 0.331214
0.504687 0.339717
0.499987 0.321910
0.489428 0.299961
0.477182 0.309291
0.471946 0.305143
0.478949 0.294848
0.502065 0.292132
0.508135 0.285947
0.506253 0.282964
0.507117 0.280468
0.493426 0.283962
0.487661 0.268141
0.473008 0.273679
0.475938 0.278867
0.474080 0.280620
0.468934 0.281629
0.457760 0.294215
0.460777 0.272637
0.454839 0.271284
0.456781 0.267611
0.450714 0.260187
0.434573 0.262288
0.426049 0.254626
0.430138 0.263439
0.438888 0.274269
0.435808 0.283149
0.434479 0.287679
0.446955 0.291264
0.431703 0.294272
0.435469 0.305959
0.426629 0.304732
0.419301 0.317996
0.417103 0.320072
0.403001 0.320758
0.399733 0.333182
0.393432 0.322391
0.389365 0.327763
0.383123 0.335583
0.383394 0.333931
0.378329 0.315217
0.361770 0.334219
0.355507 0.353823
0.359074 0.329982
0.360302 0.326332
0.352174 0.321116
0.365796 0.304650
0.375054 0.301098
0.381598 0.302088
0.390366 0.299910
0.398482 0.302920
0.392363 0.283725
0.403830 0.291334
0.408171 0.289416
0.408153 0.285148
0.405409 0.282977
0.406884 0.279143
0.413716 0.261634
0.419950 0.260710
0.411379 0.253199
0.419999 0.243365
0.433229 0.245861
0.438613 0.246237
0.446600 0.248497
0.448071 0.243895
0.464956 0.239162
0.474801 0.247511
0.479285 0.255107
0.492389 0.232835
0.476930 0.229514
0.477086 0.223859
0.477315 0.219763
0.466336 0.224600
0.455161 0.227103
0.450073 0.225108
0.450962 0.202477
0.445322 0.206392
0.438393 0.209389
0.429696 0.208713
0.419139 0.209664
0.438796 0.196729
0.427642 0.178528
0.430902 0.171708
0.434842 0.169393
0.442435 0.164746
0.454230 0.153010
0.448898 0.145116
0.454149 0.140599
0.454419 0.135334
0.466502 0.153526
0.472965 0.156719
0.462760 0.172623
0.459481 0.178383
0.461868 0.188137
0.471324 0.178758
0.474265 0.187445
0.484272 0.181314
0.486240 0.204566
0.484954 0.206827
0.493468 0.209400
0.491111 0.219643
0.507895 0.221992
0.507533 0.218530
0.504367 0.211611
0.502005 0.208125
0.506177 0.203585
0.522172 0.194491
0.526077 0.188969
0.531321 0.199078
0.536112 0.193278
0.538369 0.192404
0.529916 0.185925
0.529504 0.179866
0.537633 0.174680
0.544204 0.174394
0.551744 0.182086
0.556782 0.161731
0.542184 0.155006
0.532043 0.151263
0.554372 0.145102
0.562277 0.134511
0.566599 0.136185
0.575457 0.158875
0.593179 0.164324
0.578810 0.179014
0.588835 0.196159
0.607501 0.190766
0.626220 0.208804
0.625507 0.204756
0.628421 0.199132
0.636327 0.197013
0.647358 0.200070
0.643868 0.205197
0.643573 0.211054
0.634169 0.209926
0.627898 0.222055
0.631205 0.227127
0.625351 0.235894
0.621452 0.241411
0.622573 0.242780
0.642119 0.236582
0.646516 0.242225
0.652387 0.242824
0.657132 0.225980
0.659577 0.218694
0.659526 0.213695
0.663117 0.213115
0.676760 0.220089
0.678662 0.233722
0.682475 0.235344
0.683504 0.245928
0.698616 0.243047
0.705846 0.242091
0.727401 0.239227
0.724071 0.247748
0.722965 0.249870
0.718810 0.253834
0.724067 0.267865
0.718402 0.269445
0.723107 0.274396
0.716516 0.278103
0.715985 0.301244
0.704281 0.317307
0.699568 0.318895
0.687522 0.317177
0.695087 0.326504
0.707970 0.327641
0.716375 0.338769
0.733928 0.338277
0.740660 0.322242
0.749997 0.306370
0.750984 0.289317
0.757133 0.275028
0.757045 0.273884
0.745663 0.267697
0.743488 0.259964
0.765190 0.265836
0.767700 0.246870
0.769897 0.235487
0.779789 0.234704
0.789792 0.245312
0.790422 0.254424
0.790528 0.254913
0.792699 0.256240
0.777328 0.276413
0.767127 0.285804
0.772918 0.297762
0.760443 0.319316
0.767121 0.324139
0.765015 0.326653
0.759788 0.335450
0.771502 0.336284
0.804328 0.326266
0.811867 0.335459
0.810293 0.345924
0.827224 0.337388
0.825354 0.332538
0.835904 0.320012
0.839645 0.323821
0.830044 0.337133
0.839789 0.341520
0.849481 0.341615
0.851913 0.353973
0.849875 0.358394
0.856533 0.352218
0.870346 0.357408
0.871256 0.344671
0.868793 0.332604
0.871006 0.326608
0.875167 0.307122
0.875239 0.300632
0.867265 0.299860
0.868372 0.295452
0.855336 0.286031
0.856096 0.281952
0.853844 0.280890
0.840246 0.283538
0.841365 0.294820
0.847969 0.294660
0.847468 0.301853
0.840335 0.310766
0.836322 0.299223
0.830531 0.298043
0.828121 0.297216
0.825731 0.309545
0.815556 0.302491
0.811493 0.296272
0.808520 0.298333
0.801864 0.299973
0.796908 0.306959
0.795572 0.302204
0.792751 0.300821
0.805115 0.285443
0.804870 0.279670
0.818563 0.273674
0.826846 0.266462
0.835787 0.267317
0.846005 0.258848
0.854348 0.270452
0.865821 0.269529
0.866214 0.270913
0.876372 0.269173
0.884300 0.271794
0.895062 0.273268
0.901970 0.263512
0.902447 0.267254
0.904797 0.270068
0.904693 0.270743
0.896708 0.282208
0.884320 0.286377
0.884210 0.289123
0.884528 0.289309
0.885267 0.310025
0.882974 0.320514
0.886290 0.331735
0.897552 0.320534
0.899877 0.332711
0.899507 0.342229
0.909920 0.339866
0.918743 0.372843
0.915310 0.379522
0.921517 0.388387
0.909631 0.390211
0.904061 0.395193
0.902334 0.391329
0.901440 0.381851
0.893102 0.376990
0.898406 0.368942
0.904113 0.366793
0.896606 0.358160
0.890797 0.360869
0.880975 0.372336
0.870767 0.369897
0.875819 0.388331
0.865238 0.385115
0.861653 0.380051
0.862619 0.373455
0.846787 0.379711
0.840328 0.399236
0.835574 0.408957
0.830279 0.423429
0.853820 0.416458
0.856475 0.407405
0.872686 0.416148
0.878586 0.406610
0.893196 0.405083
0.908027 0.423082
0.888327 0.419590
0.886799 0.420133
0.885198 0.427926
0.884078 0.440982
0.893896 0.455797
0.891294 0.465636
0.912026 0.447112
0.915626 0.454116
0.911584 0.456628
0.916151 0.470494
0.898575 0.487618
0.889308 0.485591
0.887729 0.491766
0.902657 0.503498
0.904383 0.509434
0.894520 0.514386
0.874866 0.500872
0.871572 0.511096
0.869876 0.514894
0.862276 0.519118
0.861928 0.525689
0.856039 0.528906
0.855681 0.532527
0.867142 0.531874
0.874746 0.549631
0.903303 0.538674
0.912671 0.547658
0.914163 0.554492
0.905846 0.550481
0.897422 0.549729
0.892848 0.553621
0.874094 0.562651
0.863725 0.573441
0.861741 0.564767
0.855946 0.563474
0.853500 0.549623
0.850378 0.552943
0.851277 0.557994
0.852730 0.576842
0.855199 0.579746
0.852596 0.587817
0.854247 0.589580
0.871803 0.577951
0.891129 0.587129
0.891360 0.592215
0.904899 0.604839
0.908145 0.612541
0.910803 0.613712
0.919155 0.605761
0.927556 0.577643
0.925229 0.575421
0.931453 0.562462
0.931496 0.556303
0.936547 0.553268
0.935146 0.570800
0.935134 0.577320
0.935106 0.583477
0.939221 0.582692
0.945800 0.604511
0.939625 0.610054
0.936581 0.630989
0.922021 0.630197
0.908926 0.633070
0.907955 0.632977
0.904791 0.625796
0.895731 0.618127
0.894944 0.623820
0.884259 0.641283
0.876861 0.639161
0.872393 0.624736
0.868995 0.615849
0.868279 0.617108
0.868883 0.630303
0.862992 0.641750
0.870632 0.644322
0.878539 0.655539
0.896982 0.649607
0.901021 0.642422
0.903869 0.639055
0.906988 0.643438
0.910315 0.645791
0.911460 0.637573
0.922446 0.639624
0.936385 0.649738
0.930728 0.660026
0.926165 0.662183
0.924189 0.677730
0.928543 0.678930
0.934346 0.675669
0.938448 0.683559
0.942270 0.694179
0.936634 0.706255
0.947948 0.711025
0.947379 0.723993
0.941503 0.732658
0.934044 0.737712
0.919418 0.737544
0.932368 0.749237
0.939855 0.748029
0.953278 0.750380
0.953819 0.760936
0.967785 0.761530
0.971726 0.761237
0.974503 0.778483
0.961557 0.787903
0.955433 0.798157
0.982759 0.803242
0.983439 0.789788
0.991612 0.775557
0.998132 0.770329
0.991743 0.741737
0.991096 0.735000
0.990403 0.731748
0.980801 0.749995
0.970914 0.744445
0.966026 0.743197
0.961574 0.742591
0.957392 0.743175
0.962283 0.716630
0.951904 0.690828
0.952373 0.685112
0.956121 0.682443
0.954739 0.680070
0.957330 0.676868
0.974764 0.679468
0.994779 0.685483
0.992147 0.667491
0.971953 0.669164
0.948063 0.667110
0.952729 0.659016
0.947278 0.657385
0.947516 0.648397
0.967843 0.635895
0.952804 0.624335
0.963351 0.617290
0.961180 0.607981
0.972951 0.597472
0.972332 0.611739
0.983651 0.611224
0.992470 0.636411
0.994934 0.610320
0.999473 0.598865
0.995913 0.586208
0.989892 0.583832
0.999366 0.555345
0.997944 0.541765
0.976574 0.555160
0.980352 0.564236
0.971007 0.566184
0.972665 0.587886
0.965602 0.591382
0.963087 0.574933
0.959329 0.565718
0.961432 0.556759
0.958172 0.556827
0.958145 0.553373
0.966248 0.548162
0.952599 0.542288
0.941248 0.546698
0.941671 0.533851
0.930356 0.531488
0.917766 0.522475
0.927957 0.522121
0.936378 0.513583
0.948227 0.518399
0.940647 0.510848
0.937994 0.487928
0.928649 0.492628
0.926231 0.484480
0.928034 0.479453
0.940264 0.468591
0.942577 0.463516
0.949356 0.470529
0.947408 0.475793
0.958018 0.480715
0.957379 0.489890
0.973242 0.496426
0.963904 0.502489
0.964922 0.503197
0.965201 0.522854
0.976546 0.529137
0.992347 0.534789
0.998694 0.526799
0.999915 0.515419
0.993330 0.499965
0.997573 0.492963
0.993835 0.487350
0.989034 0.480898
0.984632 0.480653
0.972926 0.470258
0.981987 0.466792
0.994894 0.468704
0.987420 0.459255
0.986132 0.435329
0.993768 0.427550
0.998960 0.409919
0.997069 0.402883
0.988565 0.398476
0.971904 0.421669
0.959579 0.439940
0.956859 0.459689
0.955892 0.451786
0.949750 0.433290
0.941895 0.431983
0.937182 0.429238
0.924276 0.422896
0.913168 0.425744
0.929167 0.414478
0.936012 0.414419
0.949319 0.416267
0.951950 0.419622
0.954264 0.401713
0.965840 0.407522
0.969188 0.402965
0.970337 0.401389
0.966909 0.396688
0.980036 0.391177
0.985697 0.386423
0.978012 0.375105
0.982246 0.370860
0.985956 0.364843
0.978927 0.352167
0.991679 0.345026
0.990190 0.327758
0.993958 0.324206
0.990717 0.323373
0.991716 0.319376
0.984258 0.314399
0.982010 0.311562
0.976768 0.313205
0.977230 0.314483
0.972865 0.319993
0.960896 0.327293
0.974659 0.336679
0.964584 0.350306
0.954484 0.357952
0.952288 0.362370
0.960276 0.370225
0.957952 0.379441
0.949972 0.381516
0.945281 0.383668
0.934782 0.372209
0.937525 0.369409
0.951030 0.351771
0.960692 0.338658
0.926607 0.332209
0.922197 0.322877
0.904312 0.315886
0.898399 0.297604
0.912381 0.294884
0.918960 0.298073
0.931574 0.324139
0.942126 0.312977
0.942029 0.294532
0.938615 0.293433
0.929064 0.286115
0.939747 0.279776
0.945815 0.285925
0.945769 0.298768
0.953259 0.299545
0.962360 0.291870
0.968250 0.293227
0.970686 0.287416
0.964883 0.286012
0.963284 0.269392
0.972163 0.269163
0.971059 0.273884
0.976546 0.280546
0.985999 0.286394
0.998617 0.289374
0.986326 0.260386
0.995487 0.245145
0.975342 0.243516
0.971440 0.248550
0.971358 0.259282
0.966790 0.251417
0.950646 0.252715
0.938202 0.260061
0.931009 0.268944
0.932497 0.249525
0.928006 0.247306
0.942998 0.237313
0.938661 0.218728
0.924945 0.204446
0.933619 0.202429
0.945984 0.183565
0.927514 0.190140
0.924113 0.190319
0.914143 0.198550
0.903359 0.201390
0.903073 0.204892
0.897522 0.205829
0.895715 0.204250
0.874701 0.199939
0.880795 0.188030
0.875306 0.169000
0.859576 0.186187
0.862279 0.194836
0.859752 0.199584
0.853301 0.191405
0.846873 0.196829
0.852219 0.202273
0.873442 0.207544
0.886955 0.211664
0.883599 0.218310
0.898474 0.220331
0.904801 0.215397
0.917910 0.218265
0.920919 0.220049
0.920689 0.224339
0.910957 0.235094
0.899921 0.236385
0.906447 0.248821
0.913235 0.252320
0.905104 0.250157
0.895348 0.245824
0.882226 0.251070
0.877798 0.252948
0.861330 0.258292
0.856403 0.236866
0.869374 0.223603
0.855529 0.224800
0.841815 0.225241
0.838332 0.217220
0.819539 0.224346
0.827190 0.239602
0.812967 0.238441
0.798106 0.216823
0.789940 0.203253
0.781009 0.215928
0.752363 0.226250
0.746450 0.200864
0.727379 0.210816
0.702340 0.212458
0.700783 0.220864
0.694887 0.217046
0.689256 0.200053
0.691784 0.198158
0.701860 0.190080
0.705612 0.183453
0.709043 0.189291
0.710562 0.185318
0.721866 0.186357
0.729663 0.186970
0.729987 0.187840
0.741674 0.177619
0.745609 0.165646
0.752236 0.180738
0.771282 0.189572
0.791129 0.183894
0.787419 0.176434
0.787688 0.174070
0.781668 0.166094
0.791054 0.161939
0.784477 0.148876
0.791139 0.149501
0.794685 0.155731
0.803754 0.149188
0.800325 0.158308
0.812256 0.167357
0.815221 0.179761
0.819015 0.178164
0.824487 0.180192
0.826763 0.164259
0.842583 0.163765
0.834665 0.158853
0.834592 0.158540
0.836234 0.149914
0.836382 0.140911
0.848979 0.146245
0.846342 0.149535
0.851924 0.155598
0.852577 0.160253
0.863188 0.161307
0.855915 0.144279
0.862545 0.133547
0.839748 0.132875
0.839028 0.128302
0.842280 0.103112
0.847941 0.106746
0.853493 0.100446
0.852152 0.110887
0.852928 0.119650
0.857614 0.119304
0.865179 0.107389
0.870445 0.090689
0.886957 0.111317
0.890028 0.102284
0.883612 0.081557
0.862484 0.078070
0.857199 0.066758
0.867767 0.056261
0.874719 0.069508
0.888589 0.072092
0.904759 0.069958
0.897581 0.090451
0.909606 0.083016
0.923668 0.084599
0.924555 0.068514
0.906038 0.056865
0.918702 0.057954
0.929099 0.048265
0.931568 0.039053
0.943801 0.041742
0.953464 0.046535
0.944209 0.055113
0.945673 0.066368
0.946461 0.068917
0.936023 0.069380
0.947192 0.087123
0.959953 0.089415
0.956784 0.103252
0.946326 0.120237
0.938921 0.115412
0.924645 0.126391
0.924701 0.131010
0.929807 0.134787
0.920185 0.133805
0.914138 0.132310
0.914277 0.130135
0.909623 0.118647
0.908578 0.105405
0.905432 0.123220
0.900495 0.137697
0.898562 0.139753
0.897259 0.138981
0.893435 0.140045
0.901999 0.150337
0.878967 0.150072
0.882099 0.153582
0.890139 0.162117
0.892986 0.164025
0.896227 0.166232
0.896571 0.167204
0.900553 0.174792
0.917647 0.176746
0.923911 0.166869
0.927583 0.157249
0.937590 0.164999
0.949636 0.161026
0.953915 0.161014
0.958711 0.158897
0.963984 0.172626
0.969618 0.171522
0.970813 0.174997
0.969953 0.186189
0.957572 0.186616
0.965493 0.196802
0.967940 0.199663
0.963128 0.205267
0.955674 0.214080
0.995506 0.227417
0.990368 0.219014
0.985885 0.217271
0.985868 0.208555
0.983117 0.203790
0.994282 0.195060
0.983613 0.181502
0.981863 0.172529
0.997938 0.171443
0.987688 0.164160
0.985169 0.159760
0.996310 0.156024
0.990032 0.156085
0.988206 0.155736
0.977142 0.157960
0.970995 0.157988
0.965934 0.147920
0.972311 0.136125
0.956270 0.132262
0.958237 0.118345
0.969333 0.118709
0.972582 0.126204
0.983941 0.118541
0.992268 0.099755
0.986617 0.100229
0.981572 0.101782
0.978267 0.103383
0.971165 0.102142
0.976112 0.097797
0.977097 0.096684
0.974808 0.090455
0.980729 0.085776
0.973565 0.083242
0.967444 0.070952
0.974865 0.068364
0.998899 0.066251
0.999124 0.063739
0.985846 0.060837
0.973684 0.062027
0.965673 0.060487
0.972581 0.053065
0.976010 0.040200
0.997352 0.012787
0.984640 0.014857
0.985040 0.012530
0.979254 0.007551
0.969480 0.014071
0.964922 0.011474
0.956435 0.013291
0.927270 0.002407
0.919964 0.005709
0.913903 0.005337
0.905509 0.010707
0.896665 0.006848
0.906757 0.021817
0.919266 0.037430
0.903813 0.039204
0.898315 0.044405
0.884876 0.047652
0.881993 0.047471
0.890253 0.041849
0.892016 0.041111
0.892557 0.039953
0.888620 0.031507
0.875766 0.025726
0.886727 0.016924
0.876812 0.009906
0.872468 0.011259
0.864280 0.015552
0.854937 0.034035
0.845883 0.031491
0.846439 0.022457
0.846587 0.022000
0.843609 0.017069
0.849293 0.017542
0.849938 0.014182
0.860364 0.006139
0.834758 0.003392
0.827701 0.013115
0.823892 0.016267
0.823352 0.036135
0.825241 0.048603
0.817359 0.043548
0.818864 0.041264
0.806301 0.033090
0.798186 0.026038
0.792877 0.030128
0.795949 0.033155
0.802722 0.043270
0.799375 0.044302
0.796928 0.046646
0.787613 0.044375
0.783068 0.044541
0.775831 0.046110
0.761774 0.050885
0.753342 0.029129
0.758309 0.015349
0.771232 0.025689
0.766035 0.016046
0.765004 0.004809
0.748352 0.010625
0.743861 0.008750
0.724825 0.009536
0.722188 0.006622
0.721115 0.028301
0.718132 0.025962
0.700545 0.014061
0.707366 0.002183
0.692134 0.000115
0.679013 0.002275
0.672493 0.016845
0.696143 0.022592
0.698890 0.032557
0.711897 0.035747
0.705216 0.042409
0.697438 0.044442
0.685971 0.047197
0.677736 0.050119
0.675897 0.041597
0.655563 0.034873
0.650482 0.026788
0.644537 0.004965
0.636310 0.014652
0.641989 0.015592
0.642790 0.015616
0.648811 0.033446
0.645388 0.038135
0.646441 0.040681
0.633203 0.044963
0.642995 0.048633
0.645272 0.051199
0.642191 0.058710
0.656696 0.050400
0.663079 0.053578
0.664537 0.053546
0.656120 0.058457
0.655585 0.059031
0.651630 0.063111
0.643890 0.068448
0.653138 0.075006
0.664719 0.071595
0.669606 0.066833
0.673782 0.067445
0.683212 0.071914
0.702531 0.081567
0.701858 0.074085
0.712804 0.062002
0.709248 0.055154
0.721652 0.051192
0.723245 0.038461
0.727510 0.039327
0.730344 0.027633
0.741859 0.024495
0.740336 0.029345
0.741567 0.034774
0.734503 0.043068
0.744619 0.057452
0.740080 0.063970
0.762768 0.068195
0.752746 0.078476
0.744401 0.077717
0.747690 0.088770
0.742085 0.089301
0.739298 0.084682
0.726604 0.083224
0.723705 0.085562
0.721919 0.103148
0.718992 0.101600
0.706024 0.116651
0.709011 0.127207
0.729751 0.134133
0.737990 0.125069
0.743719 0.123678
0.746730 0.127184
0.748627 0.111536
0.758586 0.114266
0.759340 0.112201
0.759186 0.089359
0.770409 0.079180
0.776497 0.077594
0.773016 0.087436
0.770720 0.089166
0.774845 0.092453
0.778880 0.091405
0.783763 0.091006
0.791000 0.093426
0.782681 0.081467
0.789161 0.077407
0.785708 0.073941
0.796555 0.063174
0.803328 0.066108
0.829579 0.067192
0.831859 0.068435
0.852280 0.078206
0.839205 0.089167
0.821889 0.082477
0.820313 0.079496
0.811943 0.083520
0.809442 0.083847
0.806532 0.108401
0.807272 0.112742
0.819656 0.108286
0.822498 0.105698
0.825797 0.118872
0.802006 0.128726
0.797530 0.135907
0.795024 0.127836
0.792835 0.118255
0.791461 0.114312
0.781069 0.114632
0.779888 0.112409
0.766670 0.117543
0.775663 0.125065
0.775502 0.135933
0.776205 0.158027
0.769881 0.156339
0.764652 0.164467
0.761102 0.160025
0.756276 0.152396
0.759591 0.143145
0.759256 0.136616
0.756670 0.139349
0.755931 0.140663
0.747868 0.139787
0.740337 0.149699
0.736798 0.153938
0.729193 0.150908
0.717027 0.147678
0.712854 0.144250
0.705199 0.145991
0.702900 0.158816
0.706491 0.174767
0.684762 0.172710
0.681619 0.159421
0.675056 0.153488
0.673614 0.140674
0.669660 0.139606
0.670974 0.135429
0.678512 0.128143
0.679546 0.116276
0.694296 0.118519
0.693186 0.116458
0.698067 0.098394
0.692017 0.095867
0.676841 0.098272
0.675319 0.099245
0.673663 0.095282
0.668442 0.096386
0.656860 0.103092
0.646937 0.110208
0.647249 0.121105
0.652433 0.122952
0.648086 0.156674
0.663852 0.162757
0.671965 0.172766
0.660480 0.181052
0.647630 0.190979
0.628077 0.183288
0.635822 0.165346
0.631245 0.163577
0.634527 0.151213
0.630287 0.147752
0.631675 0.143894
0.612545 0.145323
0.602872 0.141769
0.608631 0.138688
0.622290 0.123041
0.624031 0.113742
0.610656 0.122041
0.606348 0.119990
0.607914 0.111999
0.610677 0.110488
0.611729 0.096947
0.625992 0.085960
0.625226 0.081201
0.620231 0.080510
0.627209 0.066182
0.620157 0.062157
0.618881 0.061697
0.620187 0.060176
0.615981 0.051955
0.613109 0.042009
0.603379 0.024856
0.608480 0.017785
0.602565 0.008570
0.602369 0.002714
0.601982 0.003422
0.579928 0.023422
0.597240 0.031597
0.602068 0.032691
0.595730 0.035042
0.592525 0.035423
0.592453 0.040654
0.594319 0.047659
0.596445 0.045980
0.600191 0.044567
0.605620 0.049488
0.605443 0.052792
0.614856 0.071603
0.611713 0.078514
0.602476 0.069840
0.591287 0.080663
0.588878 0.086128
0.605118 0.101120
0.599910 0.109823
0.599370 0.109091
0.591178 0.106171
0.593040 0.109794
0.590821 0.121892
0.589391 0.126524
0.587076 0.128597
0.582750 0.140450
0.578298 0.136661
0.578180 0.118515
0.565986 0.106042
0.552645 0.105731
0.552094 0.108665
0.543993 0.110407
0.545553 0.102188
0.561583 0.100739
0.573071 0.092999
0.567625 0.087083
0.546051 0.085378
0.560520 0.075038
0.563846 0.074866
0.566365 0.073846
0.573885 0.061031
0.576255 0.060973
0.578679 0.045418
0.571785 0.038369
0.568802 0.039049
0.566711 0.051014
0.556821 0.055531
0.551481 0.058539
0.534450 0.063870
0.533489 0.052059
0.536310 0.034602
0.537200 0.031908
0.551349 0.024868
0.553471 0.026398
0.555865 0.025686
0.559057 0.021807
0.563724 0.010020
0.568553 0.004727
0.546877 0.006152
0.549805 0.015171
0.533132 0.021691
0.530924 0.025418
0.522156 0.038787
0.528575 0.042676
0.528976 0.056750
0.523787 0.075359
0.510443 0.069387
0.504842 0.075643
0.511205 0.078662
0.514631 0.084178
0.517817 0.099421
0.519355 0.117047
0.507804 0.114888
0.511238 0.118606
0.510047 0.122729
0.502826 0.121777
0.500005 0.124773
0.510039 0.136555
0.517494 0.136865
0.509916 0.145752
0.505308 0.160408
0.509166 0.168148
0.512455 0.175398
0.503171 0.178942
0.497818 0.178024
0.491632 0.161033
0.492544 0.148328
0.494919 0.135938
0.495285 0.133458
0.472507 0.129347
0.484080 0.117337
0.483553 0.111597
0.470048 0.115773
0.461563 0.116066
0.459860 0.119681
0.444394 0.116363
0.441008 0.111662
0.441785 0.119326
0.433979 0.130815
0.437550 0.144381
0.419447 0.163236
0.410313 0.171610
0.401657 0.183704
0.396695 0.178435
0.391173 0.185821
0.381133 0.192669
0.379508 0.200027
0.397106 0.202278
0.409435 0.195295
0.404953 0.211460
0.398730 0.210880
0.401527 0.213969
0.398695 0.218866
0.399197 0.226034
0.391268 0.231900
0.403240 0.245639
0.392462 0.259028
0.392957 0.269697
0.388970 0.270819
0.380882 0.266107
0.378617 0.253316
0.380140 0.251627
0.365216 0.249259
0.363200 0.253358
0.352537 0.259915
0.346128 0.238318
0.359871 0.231081
0.364105 0.233260
0.368780 0.226775
0.375185 0.208924
0.364442 0.205192
0.363108 0.198922
0.351163 0.201077
0.347740 0.206053
0.349069 0.207171
0.354166 0.220680
0.339676 0.224135
0.331884 0.227608
0.326976 0.235927
0.327014 0.237313
0.312524 0.226991
0.322010 0.213373
0.333657 0.209293
0.334322 0.200703
0.339154 0.199218
0.338486 0.193153
0.320328 0.192588
0.317805 0.205088
0.314657 0.199327
0.314244 0.195765
0.303182 0.193731
0.301283 0.208359
0.292981 0.222234
0.277048 0.221306
0.272456 0.209288
0.258159 0.223764
0.251076 0.215317
0.240776 0.226211
0.230021 0.221449
0.221781 0.213984
0.238797 0.207651
0.243576 0.193620
0.263399 0.194077
0.265413 0.195414
0.272768 0.187732
0.276490 0.183998
0.277167 0.185305
0.274976 0.199114
0.286942 0.195784
0.293735 0.185135
0.289649 0.179113
0.304235 0.161764
0.284973 0.153599
0.268334 0.170314
0.254342 0.180214
0.245395 0.179532
0.229540 0.190387
0.230580 0.174867
0.245693 0.169941
0.248739 0.150107
0.251390 0.148055
0.252212 0.146624
0.263987 0.141942
0.282580 0.146308
0.274863 0.135652
0.275232 0.122052
0.261202 0.127264
0.249434 0.126772
0.245284 0.131665
0.242819 0.123955
0.235148 0.122029
0.239535 0.117079
0.229876 0.111638
0.229566 0.119276
0.229473 0.122250
0.233851 0.139862
0.230623 0.143069
0.224296 0.156328
0.209945 0.159308
0.208742 0.151683
0.200692 0.140631
0.212177 0.134232
0.199935 0.129477
0.191288 0.124909
0.182342 0.137090
0.178369 0.130004
0.176280 0.133291
0.146537 0.122942
0.166604 0.109433
0.164406 0.101673
0.140182 0.093565
0.143554 0.090038
0.162307 0.066547
0.168488 0.080183
0.164491 0.094243
0.169584 0.102228
0.173880 0.091500
0.179682 0.088978
0.200638 0.097749
0.204226 0.100530
0.206942 0.098013
0.216251 0.099912
0.237257 0.088924
0.241042 0.095142
0.246024 0.095165
0.252729 0.095742
0.258742 0.098693
0.263367 0.109390
0.272283 0.109503
0.273625 0.092758
0.283789 0.099153
0.288476 0.097219
0.298428 0.098625
0.305564 0.106237
0.314114 0.115390
0.319780 0.112660
0.320915 0.114532
0.314422 0.121415
0.292228 0.117620
0.296553 0.122918
0.306712 0.133859
0.309102 0.149080
0.312695 0.147234
0.316236 0.141822
0.330236 0.144487
0.342210 0.178143
0.346684 0.184313
0.355273 0.163648
0.372640 0.163849
0.369763 0.148427
0.379423 0.139043
0.401216 0.164390
0.401703 0.145965
0.411408 0.115463
0.427357 0.115142
0.435660 0.109608
0.429316 0.107598
0.422260 0.102933
0.397059 0.102463
0.393313 0.113239
0.387266 0.122071
0.381695 0.110786
0.369543 0.122983
0.359523 0.120168
0.357296 0.120891
0.351837 0.145165
0.346760 0.124424
0.345278 0.123965
0.357016 0.091968
0.363747 0.101196
0.368867 0.102126
0.383086 0.093635
0.391211 0.079071
0.405701 0.084936
0.410127 0.086607
0.415215 0.094458
0.427892 0.096196
0.434961 0.086293
0.444087 0.090695
0.451454 0.081352
0.453224 0.080398
0.460609 0.078471
0.463805 0.075460
0.457993 0.073563
0.452691 0.074930
0.453377 0.071504
0.456323 0.067347
0.459046 0.061996
0.457940 0.054468
0.469102 0.060343
0.476103 0.070042
0.472016 0.075291
0.473095 0.076872
0.472744 0.089206
0.467066 0.097663
0.481145 0.099399
0.481973 0.094673
0.487790 0.098172
0.493670 0.091494
0.499314 0.085318
0.483187 0.080451
0.498378 0.070949
0.501726 0.047589
0.499867 0.047817
0.493564 0.048709
0.479475 0.037058
0.477338 0.034444
0.495022 0.033104
0.504757 0.021071
0.503084 0.010073
0.517649 0.001370
0.502244 0.001718
0.494338 0.002089
0.488236 0.006325
0.484435 0.022451
0.484229 0.022833
0.461826 0.021416
0.464887 0.017205
0.460879 0.009269
0.459165 0.006560
0.442653 0.010682
0.449016 0.016001
0.447736 0.029671
0.440669 0.031625
0.440118 0.032731
0.438862 0.035155
0.440644 0.047961
0.444790 0.060357
0.437364 0.057377
0.429380 0.056290
0.417687 0.056854
0.403721 0.055594
0.401885 0.054132
0.398559 0.060738
0.393269 0.059037
0.392799 0.050318
0.388667 0.045828
0.385274 0.040118
0.390207 0.026610
0.398770 0.029959
0.405501 0.034475
0.405617 0.016510
0.416875 0.011835
0.429565 0.012698
0.424483 0.006204
0.427751 0.000692
0.407925 0.004579
0.404002 0.004374
0.395884 0.007348
0.388768 0.015029
0.373532 0.014384
0.375157 0.023775
0.374182 0.023962
0.367458 0.030463
0.378296 0.039538
0.383216 0.053705
0.386047 0.065387
0.369895 0.058132
0.357212 0.054028
0.347139 0.062607
0.352548 0.066636
0.359610 0.072535
0.365576 0.073985
0.355509 0.082104
0.347708 0.084793
0.347623 0.084378
0.332806 0.080765
0.332215 0.072928
0.329960 0.064433
0.324531 0.072176
0.317077 0.065664
0.308874 0.061093
0.310771 0.069595
0.305036 0.069887
0.290599 0.067356
0.287333 0.066350
0.280635 0.069822
0.286720 0.079569
