0.578836 0.530628
0.538231 0.555552
0.542487 0.538948
0.532276 0.532834
0.499345 0.521523
0.524786 0.508173
0.521459 0.506363
0.508513 0.487255
0.488478 0.470087
0.468194 0.469562
0.455520 0.484900
0.434220 0.500138
0.460102 0.519987
0.466002 0.549931
0.452467 0.563068
0.453939 0.578437
0.429950 0.563591
0.410676 0.519173
0.391623 0.505912
0.378363 0.496598
0.371337 0.481375
0.380299 0.468727
0.386627 0.473010
0.407327 0.472774
0.426390 0.484337
0.407391 0.455445
0.419281 0.440531
0.430997 0.435121
0.429214 0.417905
0.408566 0.421370
0.403138 0.425989
0.407378 0.435706
0.374759 0.436813
0.361870 0.434889
0.358467 0.384872
0.346200 0.370481
0.341693 0.364035
0.342501 0.371831
0.336537 0.373450
0.333826 0.384201
0.316553 0.371500
0.294428 0.369036
0.264299 0.362744
0.252403 0.361642
0.218477 0.366563
0.256324 0.399241
0.238657 0.427639
0.224223 0.425010
0.222107 0.437703
0.257514 0.430605
0.272897 0.421438
0.278358 0.399504
0.299978 0.381166
0.320865 0.422847
0.307345 0.420333
0.265062 0.440404
0.271548 0.465724
0.226630 0.464241
0.184437 0.497556
0.177604 0.494220
0.188558 0.478146
0.196152 0.457441
0.179609 0.448143
0.164852 0.436033
0.138808 0.428049
0.140464 0.442047
0.126927 0.468935
0.108378 0.442468
0.118578 0.424410
0.111099 0.417368
0.117777 0.396509
0.143227 0.386349
0.160960 0.414170
0.179580 0.389806
0.181421 0.382099
0.166906 0.376533
0.184415 0.351987
0.152335 0.315831
0.182384 0.301031
0.213115 0.268542
0.131322 0.271556
0.125716 0.269385
0.116469 0.241734
0.109429 0.267976
0.094228 0.261850
0.070422 0.263734
0.087917 0.252369
0.085551 0.229704
0.079422 0.226140
0.073854 0.209135
0.100344 0.190660
0.100250 0.184199
0.136145 0.180198
0.134058 0.176225
0.123558 0.145094
0.140061 0.141963
0.159531 0.158551
0.183303 0.209294
0.199835 0.219492
0.216685 0.217046
0.225421 0.180197
0.250325 0.152771
0.301444 0.117751
0.298318 0.103199
0.350322 0.090271
0.361758 0.127721
0.382773 0.107046
0.380888 0.086515
0.362976 0.082675
0.375021 0.070493
0.406250 0.100008
0.414999 0.099396
0.416577 0.097325
0.426377 0.093335
0.416341 0.119807
0.418389 0.122692
0.378890 0.166500
0.384431 0.192556
0.399993 0.192424
0.401444 0.192728
0.412566 0.183482
0.414265 0.194204
0.430490 0.193439
0.438114 0.203952
0.423786 0.224830
0.410014 0.229447
0.410328 0.260593
0.404862 0.321776
0.396054 0.313351
0.389538 0.288805
0.381237 0.277407
0.360326 0.282216
0.358470 0.274570
0.370097 0.260553
0.380478 0.266117
0.377410 0.229956
0.379788 0.226307
0.360359 0.207798
0.324200 0.232338
0.289082 0.231127
0.315311 0.219865
0.333655 0.185526
0.321022 0.188671
0.270919 0.189017
0.260177 0.194055
0.264774 0.224699
0.217484 0.240605
0.244963 0.287801
0.248842 0.287844
0.249406 0.309423
0.262451 0.308696
0.277727 0.338797
0.270276 0.302353
0.278983 0.293901
0.277021 0.284510
0.284013 0.273694
0.287912 0.271481
0.305614 0.276501
0.308880 0.294213
0.304750 0.302435
0.292590 0.311548
0.296090 0.313763
0.308314 0.323650
0.307752 0.332735
0.294336 0.340759
0.310850 0.336147
0.331840 0.320056
0.330987 0.311354
0.365016 0.322609
0.369163 0.329784
0.375156 0.347771
0.395408 0.354445
0.368808 0.359019
0.377236 0.375631
0.408034 0.377443
0.413375 0.366940
0.446189 0.407393
0.451708 0.410116
0.472553 0.433477
0.474800 0.427145
0.479315 0.388723
0.502005 0.384452
0.518905 0.405951
0.527291 0.411880
0.554596 0.390838
0.547166 0.428233
0.571414 0.465811
0.600101 0.458147
0.617567 0.445695
0.661586 0.431642
0.671329 0.410425
0.663695 0.382636
0.641372 0.394536
0.626045 0.391808
0.605702 0.398343
0.615086 0.356597
0.593789 0.377584
0.562706 0.382062
0.554182 0.355745
0.555490 0.351670
0.549077 0.339390
0.589038 0.332347
0.577836 0.319116
0.584716 0.292132
0.591480 0.277742
0.612597 0.271748
0.644863 0.267864
0.644516 0.274424
0.650465 0.285635
0.638117 0.301326
0.621988 0.308260
0.670363 0.334501
0.691339 0.325394
0.698800 0.325786
0.688754 0.342394
0.684090 0.366203
0.717471 0.382878
0.722580 0.412296
0.746179 0.417518
0.761313 0.369332
0.776260 0.349474
0.792956 0.345168
0.765805 0.312230
0.745977 0.329313
0.724290 0.357552
0.717006 0.300087
0.738442 0.266734
0.727857 0.258994
0.725068 0.248295
0.698044 0.259920
0.693419 0.226957
0.709767 0.216445
0.704641 0.199369
0.717310 0.192332
0.702971 0.179817
0.699349 0.187643
0.691192 0.183766
0.659372 0.208429
0.630613 0.182336
0.604893 0.199733
0.613071 0.218146
0.637354 0.239025
0.578931 0.250794
0.559671 0.228340
0.542319 0.277346
0.545058 0.277559
0.569622 0.303483
0.510614 0.325467
0.494192 0.328192
0.508549 0.309112
0.504542 0.291953
0.438133 0.274575
0.450639 0.255048
0.428644 0.235854
0.452700 0.231478
0.471508 0.224890
0.468219 0.237892
0.486103 0.265521
0.484920 0.256584
0.491863 0.235347
0.522557 0.203376
0.529472 0.197025
0.533866 0.203253
0.570936 0.205375
0.565956 0.196396
0.564723 0.181960
0.555142 0.173404
0.545638 0.175118
0.521653 0.179843
0.516247 0.173047
0.506195 0.171332
0.465504 0.162815
0.488125 0.126092
0.524918 0.149483
0.537071 0.133889
0.536474 0.125096
0.526046 0.112459
0.539636 0.096741
0.553032 0.085656
0.586757 0.088559
0.587740 0.101886
0.587339 0.105254
0.625675 0.086940
0.627959 0.086329
0.652742 0.101767
0.596420 0.118945
0.600869 0.158547
0.647071 0.129828
0.687253 0.110129
0.716479 0.105038
0.694376 0.080188
0.691098 0.066803
0.723818 0.067435
0.763313 0.066795
0.768145 0.088638
0.832858 0.073639
0.828886 0.059004
0.826357 0.053398
0.786755 0.061998
0.775808 0.025020
0.729257 0.011851
0.719473 0.027992
0.697999 0.007895
0.665845 0.002005
0.651563 0.008792
0.658235 0.014510
0.650994 0.038209
0.639267 0.020553
0.627760 0.009111
0.612635 0.010462
0.576534 0.021001
0.567448 0.020125
0.558368 0.035327
0.531629 0.047506
0.522801 0.076426
0.518256 0.076528
0.509267 0.107310
0.503781 0.081165
0.508891 0.074636
0.481464 0.058369
0.479541 0.047168
0.486740 0.046615
0.479752 0.028290
0.471629 0.037048
0.446598 0.057950
0.425170 0.042763
0.411964 0.028506
0.410077 0.046545
0.406386 0.049262
0.392205 0.051830
0.392227 0.055648
0.380786 0.050448
0.348207 0.050407
0.368533 0.034748
0.367801 0.021637
0.345576 0.020739
0.294616 0.002180
0.282276 0.039768
0.228081 0.016316
0.222382 0.013873
0.212124 0.017383
0.207377 0.025570
0.241736 0.081834
0.242558 0.109260
0.234909 0.136181
0.219136 0.102174
0.191217 0.122790
0.157974 0.077369
0.150061 0.079604
0.146753 0.077021
0.106280 0.011373
0.081187 0.014066
0.055247 0.002442
0.005223 0.028929
0.017275 0.036951
0.013361 0.069628
0.033423 0.097184
0.034853 0.099532
0.038422 0.100234
0.098047 0.080173
0.087158 0.115880
0.093150 0.128050
0.056801 0.156550
0.053334 0.158500
0.042414 0.132332
0.028585 0.126420
0.016491 0.136855
0.001865 0.155463
0.004516 0.159877
0.014904 0.166242
0.005251 0.197960
0.007599 0.206484
0.015220 0.233069
0.023106 0.219697
0.030130 0.214367
0.030992 0.203394
0.075148 0.234005
0.071365 0.242537
0.067096 0.243739
0.055067 0.251109
0.037721 0.279523
0.013767 0.276118
0.022177 0.289788
0.020949 0.313503
0.043085 0.318980
0.081645 0.325297
0.075346 0.343145
0.074155 0.358743
0.047977 0.358948
0.043628 0.360322
0.064209 0.386610
0.077062 0.416692
0.073982 0.421860
0.057496 0.430320
0.017810 0.396718
0.008887 0.421516
0.008885 0.466372
0.029440 0.486459
0.047648 0.470956
0.050073 0.497503
0.045198 0.516059
0.085936 0.502061
0.100940 0.487779
0.082684 0.531406
0.060601 0.580073
0.019613 0.558434
0.016849 0.605662
0.015733 0.615603
0.048659 0.604342
0.058483 0.607118
0.078100 0.605424
0.089136 0.613690
0.091355 0.598538
0.109068 0.602024
0.118201 0.596884
0.127111 0.554941
0.126174 0.534002
0.139135 0.550104
0.153334 0.594307
0.156272 0.600951
0.181718 0.631501
0.150681 0.647794
0.168424 0.656786
0.188846 0.674670
0.189340 0.684849
0.213947 0.700787
0.210401 0.716195
0.212234 0.721193
0.221606 0.724557
0.189594 0.739367
0.166747 0.750665
0.112096 0.712507
0.117772 0.710917
0.134077 0.687267
0.134691 0.666810
0.116114 0.674518
0.116261 0.659478
0.091674 0.664129
0.081609 0.633324
0.043802 0.628649
0.032950 0.631137
0.040734 0.654198
0.037582 0.668355
0.039660 0.673533
0.001510 0.688431
0.018052 0.756005
0.018367 0.789411
0.025337 0.798276
0.031615 0.805250
0.048406 0.831855
0.057390 0.848344
0.046701 0.878902
0.046919 0.882964
0.050058 0.890694
0.035185 0.901062
0.011710 0.889099
0.019086 0.932544
0.022212 0.937225
0.007356 0.965406
0.039537 0.978514
0.035898 0.994250
0.052497 0.986966
0.056654 0.996135
0.077571 0.978040
0.046327 0.960267
0.051675 0.940077
0.062759 0.944934
0.079114 0.941517
0.083038 0.941360
0.063877 0.924756
0.071313 0.906031
0.079900 0.862649
0.075298 0.861923
0.076007 0.843459
0.080204 0.831394
0.075509 0.814654
0.083618 0.809762
0.062403 0.787111
0.052114 0.788330
0.064033 0.739181
0.103154 0.744661
0.111352 0.750076
0.100924 0.779005
0.109848 0.772938
0.126331 0.775548
0.131572 0.779526
0.156766 0.780641
0.126383 0.796751
0.117616 0.813398
0.096209 0.818734
0.139296 0.839497
0.162934 0.820006
0.182547 0.826153
0.172469 0.852533
0.153433 0.855779
0.123533 0.855583
0.124800 0.862102
0.121924 0.882476
0.129669 0.897871
0.140635 0.904731
0.168599 0.895203
0.148434 0.923857
0.128940 0.917542
0.124597 0.922472
0.110757 0.946548
0.135492 0.991533
0.146502 0.943755
0.154314 0.947580
0.165598 0.951481
0.166953 0.956572
0.171074 0.960194
0.186162 0.985897
0.192968 0.982018
0.201724 0.994791
0.245826 0.989480
0.238491 0.986006
0.225096 0.978735
0.225980 0.972270
0.224829 0.938471
0.259243 0.947811
0.285855 0.931882
0.316041 0.916443
0.330609 0.920827
0.337820 0.928680
0.324795 0.938846
0.308455 0.949428
0.306484 0.963951
0.324265 0.968980
0.319300 0.986755
0.371618 0.983782
0.379046 0.962890
0.391736 0.948430
0.361366 0.949793
0.353884 0.931553
0.346780 0.908815
0.379884 0.896034
0.395447 0.886202
0.370981 0.860101
0.403390 0.869189
0.418236 0.874462
0.435119 0.876313
0.435000 0.904626
0.436635 0.905705
0.430374 0.934351
0.457110 0.948990
0.463650 0.961499
0.488974 0.990915
0.517096 0.937157
0.564274 0.992490
0.572385 0.999396
0.595691 0.942512
0.589119 0.928080
0.576470 0.912185
0.564041 0.879794
0.530157 0.913252
0.522348 0.894859
0.508082 0.877298
0.508170 0.848250
0.459307 0.864940
0.456611 0.828863
0.439171 0.807616
0.443264 0.752381
0.438643 0.730566
0.413433 0.706836
0.410541 0.718284
0.403894 0.744923
0.399353 0.787211
0.377397 0.816818
0.333623 0.778315
0.330966 0.783629
0.337234 0.815906
0.354305 0.835249
0.340820 0.861673
0.326597 0.895667
0.290848 0.882580
0.286070 0.887119
0.268740 0.912507
0.245553 0.927821
0.230378 0.902221
0.225108 0.885893
0.245875 0.857686
0.260721 0.858685
0.256661 0.853897
0.264253 0.833549
0.279425 0.820599
0.260441 0.794668
0.208591 0.792725
0.208106 0.779967
0.244107 0.768331
0.269037 0.767164
0.285890 0.740937
0.239545 0.734000
0.257358 0.722803
0.255802 0.704470
0.264884 0.671786
0.250486 0.648300
0.246167 0.641580
0.214025 0.628462
0.207375 0.611144
0.198735 0.578507
0.224814 0.546058
0.299683 0.496095
0.302521 0.551273
0.278001 0.552346
0.283374 0.556491
0.283932 0.572822
0.269914 0.575775
0.251296 0.583526
0.260478 0.602642
0.263521 0.600945
0.287643 0.626452
0.326543 0.609841
0.334234 0.582596
0.350196 0.587626
0.368696 0.585840
0.356054 0.643409
0.338370 0.668780
0.342319 0.701539
0.328635 0.667012
0.315415 0.667557
0.301214 0.678276
0.295301 0.677596
0.293690 0.675941
0.285993 0.685105
0.291175 0.705593
0.303976 0.709806
0.311426 0.719469
0.311046 0.720400
0.337604 0.755940
0.369844 0.738630
0.369209 0.699191
0.377229 0.698691
0.370926 0.685546
0.368244 0.682096
0.389879 0.641287
0.411535 0.645401
0.433847 0.639016
0.440625 0.634553
0.429961 0.672040
0.458614 0.673222
0.474777 0.714840
0.474092 0.715617
0.512768 0.737765
0.520983 0.728187
0.531731 0.753146
0.523793 0.812631
0.525301 0.824219
0.540091 0.838153
0.553792 0.818143
0.554237 0.809517
0.571701 0.790473
0.575156 0.792368
0.586343 0.808334
0.574645 0.849857
0.589355 0.873479
0.606753 0.896725
0.602109 0.911794
0.625771 0.939122
0.638529 0.972566
0.635620 0.984181
0.667493 0.991196
0.700233 0.995316
0.740604 0.998386
0.738448 0.972676
0.753602 0.978154
0.774251 0.961266
0.785726 0.952337
0.781462 0.942467
0.774088 0.941105
0.776717 0.931059
0.762766 0.921131
0.759183 0.923061
0.760655 0.935246
0.729022 0.930585
0.691216 0.941392
0.658769 0.914461
0.658327 0.903351
0.639517 0.873995
0.640486 0.870903
0.675885 0.871491
0.695751 0.871186
0.666681 0.839597
0.686708 0.830548
0.703231 0.848932
0.715182 0.847667
0.720381 0.844573
0.724983 0.839295
0.724917 0.840912
0.724471 0.858114
0.756319 0.881421
0.783024 0.876804
0.787785 0.890327
0.807161 0.898820
0.791773 0.918190
0.786800 0.936923
0.797998 0.932990
0.803085 0.940134
0.802591 0.959044
0.823421 0.957486
0.836844 0.981780
0.867300 0.999895
0.922359 0.983561
0.866962 0.980371
0.855414 0.964421
0.857961 0.960388
0.847656 0.955247
0.857566 0.950954
0.862253 0.953579
0.870650 0.947421
0.894814 0.921466
0.872367 0.897302
0.923390 0.876218
0.931045 0.893369
0.942437 0.901894
0.932579 0.927544
0.960459 0.940206
0.967581 0.940659
0.998847 0.991884
0.985149 0.925189
0.969722 0.899366
0.978522 0.888553
0.997380 0.885655
0.989560 0.865630
0.988500 0.833262
0.967532 0.841471
0.959665 0.820761
0.969418 0.805647
0.985296 0.781782
0.956527 0.786618
0.938915 0.810723
0.932503 0.791462
0.928264 0.783745
0.922849 0.757596
0.948924 0.744523
0.967750 0.731917
0.945435 0.709979
0.923550 0.727809
0.905380 0.778842
0.892257 0.779810
0.880733 0.776176
0.864170 0.783551
0.856563 0.763596
0.848134 0.749657
0.851780 0.738978
0.829450 0.733503
0.824558 0.745098
0.830287 0.755498
0.825092 0.777222
0.821205 0.792719
0.853084 0.795617
0.866066 0.795438
0.884987 0.840557
0.849665 0.844684
0.829077 0.874441
0.788500 0.828266
0.792751 0.820585
0.800362 0.803666
0.794179 0.793355
0.800450 0.787765
0.778867 0.759149
0.739900 0.778381
0.713187 0.754049
0.708660 0.767429
0.699583 0.777734
0.677522 0.786674
0.677345 0.800287
0.676257 0.824353
0.652050 0.820871
0.647918 0.814258
0.633511 0.797229
0.633687 0.774552
0.626171 0.760170
0.624388 0.764638
0.596226 0.774188
0.578091 0.753534
0.585761 0.712726
0.605085 0.719838
0.630678 0.735788
0.691996 0.734603
0.703230 0.705760
0.698476 0.703116
0.715262 0.680572
0.722043 0.696078
0.731597 0.741653
0.773724 0.733028
0.750309 0.701859
0.750786 0.701185
0.746009 0.673943
0.731663 0.667473
0.728368 0.651432
0.773505 0.664963
0.770858 0.698992
0.793922 0.681574
0.807997 0.689824
0.801217 0.702658
0.812388 0.696534
0.819837 0.693706
0.830635 0.689245
0.816263 0.682717
0.827726 0.663643
0.841507 0.618219
0.865636 0.625180
0.870883 0.628306
0.860164 0.635422
0.877446 0.667759
0.891115 0.680422
0.890283 0.691191
0.899980 0.687034
0.916289 0.686705
0.953055 0.666906
0.952781 0.689888
0.962638 0.686683
0.971176 0.689962
0.968116 0.698639
0.990667 0.701886
0.972250 0.663839
0.977373 0.653444
0.960155 0.652920
0.981036 0.573181
0.974187 0.571003
0.965703 0.545073
0.973610 0.528524
0.973474 0.527392
0.991247 0.530337
0.979999 0.511049
0.931185 0.482645
0.908416 0.449738
0.894850 0.414459
0.910880 0.426340
0.922538 0.426693
0.917198 0.437968
0.923045 0.435651
0.939749 0.446744
0.943112 0.429114
0.975280 0.414699
0.984083 0.418352
0.982064 0.372332
0.995790 0.357563
0.993837 0.346707
0.975871 0.330120
0.953077 0.340992
0.949166 0.297553
0.944220 0.294850
0.928083 0.312446
0.873059 0.269956
0.897236 0.251168
0.909922 0.246828
0.895694 0.243444
0.892050 0.220429
0.874184 0.216973
0.867226 0.203072
0.884564 0.203451
0.884019 0.193555
0.871901 0.185959
0.861651 0.179898
0.861614 0.130370
0.876503 0.118617
0.884116 0.110860
0.907352 0.145337
0.912066 0.158293
0.923864 0.197585
0.932438 0.213761
0.938536 0.224727
0.942992 0.238000
0.981208 0.239854
0.983238 0.231620
0.980141 0.194095
0.953910 0.188393
0.956532 0.150323
0.964831 0.149440
0.981965 0.153065
0.995381 0.119872
0.938049 0.126770
0.918870 0.114878
0.918464 0.111366
0.903678 0.080214
0.895320 0.068530
0.916337 0.039671
0.924941 0.027686
0.965151 0.018227
0.924838 0.001519
0.870680 0.017842
0.850625 0.007958
0.862415 0.023089
0.853583 0.038127
0.867142 0.074129
0.864332 0.104847
0.830564 0.122811
0.842459 0.131534
0.836560 0.146989
0.837243 0.153054
0.813692 0.142182
0.807781 0.146379
0.811579 0.169447
0.786036 0.165173
0.781420 0.171548
0.739720 0.180999
0.742153 0.191632
0.766118 0.206002
0.788248 0.193670
0.812201 0.210201
0.835836 0.191996
0.848180 0.227700
0.810889 0.272537
0.791045 0.263787
0.781590 0.257487
0.796512 0.286722
0.814360 0.315177
0.833320 0.306530
0.830848 0.329239
0.816478 0.336318
0.855546 0.345881
0.850403 0.326155
0.872401 0.311839
0.898459 0.332821
0.870953 0.346486
0.880995 0.353779
0.897082 0.365011
0.880140 0.363797
0.850580 0.388413
0.871004 0.426893
0.840218 0.435438
0.834664 0.427321
0.811933 0.428619
0.804878 0.431512
0.817194 0.416394
0.806170 0.412524
0.786773 0.407742
0.778900 0.419886
0.774732 0.452900
0.787154 0.444407
0.793891 0.446106
0.798735 0.470877
0.822633 0.485332
0.811110 0.502178
0.789598 0.501617
0.807156 0.528763
0.822204 0.531546
0.854360 0.492435
0.855330 0.487077
0.863451 0.462314
0.886233 0.491660
0.908642 0.520416
0.913724 0.518585
0.927267 0.563201
0.933261 0.580033
0.947236 0.587178
0.937780 0.602463
0.928224 0.611483
0.913974 0.623602
0.895933 0.617926
0.856649 0.569135
0.831105 0.556795
0.801086 0.618833
0.795481 0.611613
0.744493 0.610325
0.758912 0.569553
0.774985 0.564926
0.756746 0.560879
0.741271 0.518957
0.706802 0.467747
0.697389 0.548272
0.655905 0.573277
0.652020 0.593012
0.634396 0.569489
0.612443 0.595767
0.631864 0.598531
0.637659 0.619182
0.676183 0.591497
0.726936 0.598330
0.716564 0.615321
0.711630 0.612877
0.680587 0.653262
0.678043 0.674997
0.638345 0.690563
0.638254 0.668925
0.612926 0.634592
0.575606 0.632825
0.574912 0.670813
0.583536 0.679963
0.527624 0.705547
0.507070 0.689319
0.530277 0.654746
0.534052 0.627323
0.502387 0.636554
0.482998 0.591061
0.506889 0.590704
0.527044 0.579744
0.549181 0.579409
0.556661 0.616290
0.573873 0.603165
0.600725 0.592955
0.607972 0.548417
0.631074 0.556611
0.649567 0.519465
0.635169 0.492335
0.609229 0.492828
0.588200 0.498206
0.553419 0.500689
0.563761 0.518956
