0.068860 0.761596
0.060380 0.761400
0.053754 0.746462
0.056973 0.738844
0.043906 0.732660
0.014384 0.697580
0.000504 0.646823
0.036586 0.575920
0.040809 0.553146
0.018669 0.460575
0.015563 0.356567
0.000756 0.328364
0.003967 0.313262
0.000677 0.271672
0.015818 0.273316
0.017278 0.301304
0.033883 0.311679
0.093205 0.335033
0.097152 0.323896
0.079776 0.292531
0.085652 0.270338
0.120386 0.291831
0.144692 0.297496
0.125731 0.244915
0.140872 0.198872
0.052305 0.255737
0.008592 0.231529
0.058208 0.181462
0.029278 0.137279
0.001014 0.098791
0.039425 0.036338
0.075666 0.035370
0.069534 0.017180
0.087507 0.003700
0.130885 0.039845
0.134847 0.032199
0.181534 0.039919
0.190744 0.038485
0.209331 0.030157
0.216613 0.023192
0.245968 0.020924
0.287831 0.002359
0.268749 0.044456
0.242453 0.073632
0.230885 0.040054
0.200281 0.052865
0.189193 0.122121
0.181391 0.118401
0.165899 0.097478
0.137675 0.111331
0.101163 0.098805
0.087352 0.093517
0.072096 0.112851
0.150247 0.152796
0.154696 0.199295
0.160110 0.207980
0.192308 0.194750
0.206892 0.217211
0.197611 0.255239
0.237651 0.246912
0.254834 0.184669
0.273627 0.180598
0.289070 0.157894
0.250223 0.141158
0.230045 0.125789
0.215686 0.129679
0.225467 0.081875
0.251070 0.087365
0.257599 0.072777
0.277451 0.078010
0.292059 0.084797
0.311369 0.083625
0.286452 0.107806
0.275072 0.122869
0.307576 0.100752
0.335086 0.094121
0.368479 0.074959
0.387732 0.077213
0.365054 0.062528
0.369360 0.016495
0.351613 0.000333
0.387498 0.003647
0.414433 0.047704
0.432251 0.037105
0.433996 0.002223
0.452986 0.014775
0.466036 0.064702
0.476620 0.063873
0.520898 0.007283
0.560745 0.010631
0.523715 0.064993
0.504872 0.094793
0.498661 0.093621
0.484247 0.126494
0.493127 0.180579
0.537747 0.152005
0.520632 0.122995
0.545143 0.101634
0.550604 0.105710
0.633072 0.088366
0.630478 0.052273
0.606267 0.038871
0.659918 0.002915
0.662250 0.012910
0.710871 0.057739
0.720912 0.037817
0.736607 0.045359
0.743076 0.000497
0.763985 0.024489
0.809868 0.088431
0.820200 0.073922
0.837110 0.083475
0.842215 0.073334
0.893377 0.042095
0.898173 0.032959
0.930620 0.041576
0.949023 0.039541
0.968995 0.019436
0.994624 0.002033
0.966147 0.074597
0.973757 0.135409
0.993563 0.186357
0.982351 0.186674
0.942769 0.088915
0.908958 0.092376
0.858413 0.124400
0.845232 0.112163
0.789521 0.139450
0.794795 0.166477
0.738789 0.192969
0.678246 0.197177
0.677597 0.197807
0.651370 0.188997
0.622742 0.156039
0.604668 0.181082
0.573286 0.195021
0.580444 0.215220
0.601111 0.254419
0.609656 0.237077
0.616674 0.240547
0.651568 0.241371
0.662455 0.259394
0.632450 0.291033
0.608374 0.295158
0.561678 0.253750
0.554682 0.224678
0.546835 0.216913
0.533800 0.264971
0.512490 0.302205
0.491811 0.229761
0.472167 0.238592
0.445894 0.216928
0.450702 0.209096
0.411775 0.118708
0.389039 0.170122
0.355813 0.168530
0.320251 0.166543
0.316328 0.185590
0.345726 0.197151
0.427943 0.205838
0.424576 0.277272
0.424910 0.321050
0.409957 0.335062
0.408927 0.356727
0.423285 0.350907
0.436695 0.364133
0.473027 0.389667
0.481120 0.424243
0.516113 0.377172
0.518249 0.372303
0.514572 0.339148
0.562801 0.373224
0.595708 0.374737
0.675415 0.337987
0.706865 0.344890
0.731525 0.334607
0.751646 0.304944
0.785329 0.346905
0.715384 0.368571
0.675609 0.392422
0.683866 0.395807
0.747116 0.424419
0.754542 0.459104
0.734826 0.476059
0.737488 0.504947
0.718705 0.519299
0.671312 0.523998
0.716317 0.558555
0.722325 0.572484
0.727164 0.583976
0.736750 0.585077
0.741574 0.564114
0.749257 0.540403
0.759403 0.526118
0.818250 0.563255
0.811026 0.500567
0.790787 0.469659
0.779262 0.428826
0.765771 0.428952
0.774163 0.417575
0.802084 0.392762
0.838991 0.311174
0.779917 0.266443
0.809353 0.242507
0.815561 0.261258
0.839580 0.248278
0.846893 0.224970
0.914543 0.220779
0.954678 0.274251
0.936374 0.312878
0.960369 0.335241
0.884135 0.369244
0.872718 0.386585
0.889290 0.383871
0.894039 0.385508
0.929515 0.387084
0.973717 0.389403
0.960973 0.402243
0.951410 0.417393
0.975514 0.444910
0.901373 0.447914
0.871433 0.454487
0.858937 0.467038
0.853309 0.480291
0.860671 0.493998
0.887211 0.517958
0.899444 0.501921
0.900611 0.488944
0.946847 0.535524
0.991275 0.531448
0.955608 0.599335
0.942701 0.590006
0.921419 0.584258
0.865280 0.585156
0.859072 0.590872
0.865465 0.644739
0.821798 0.666143
0.808290 0.670595
0.789696 0.680320
0.755199 0.722415
0.737682 0.687899
0.725395 0.666946
0.732448 0.660422
0.719536 0.631474
0.701468 0.650960
0.698419 0.684529
0.707199 0.708602
0.696725 0.707870
0.678605 0.696564
0.665247 0.643560
0.614265 0.647241
0.633514 0.597818
0.666221 0.597484
0.666248 0.568627
0.594609 0.580639
0.585854 0.575987
0.584988 0.491411
0.627698 0.506422
0.673176 0.485442
0.658491 0.451944
0.645301 0.435589
0.609828 0.426623
0.605632 0.463777
0.550619 0.425450
0.552229 0.487689
0.525768 0.466655
0.461660 0.452859
0.486026 0.477767
0.477165 0.497648
0.448698 0.500748
0.418696 0.496302
0.405688 0.493804
0.404541 0.490044
0.420489 0.461514
0.409371 0.440871
0.373453 0.461187
0.407339 0.508871
0.393071 0.545454
0.385783 0.563623
0.452251 0.567284
0.472354 0.600384
0.497848 0.589968
0.545541 0.557641
0.506283 0.605812
0.474569 0.666711
0.454045 0.666582
0.436051 0.698085
0.460824 0.716989
0.471757 0.702024
0.490703 0.684322
0.519915 0.669384
0.509205 0.704290
0.486486 0.702633
0.484928 0.707387
0.484039 0.725053
0.498775 0.758516
0.492370 0.774822
0.544988 0.775049
0.589846 0.788397
0.600774 0.760154
0.591059 0.746869
0.570811 0.750792
0.580065 0.738507
0.570538 0.711816
0.553771 0.707495
0.574947 0.697818
0.576591 0.661491
0.598500 0.636406
0.627116 0.727590
0.649738 0.727072
0.644701 0.735757
0.671490 0.763176
0.693213 0.773998
0.700077 0.765438
0.712913 0.764012
0.740455 0.770310
0.791550 0.764489
0.807070 0.762209
0.839851 0.772761
0.844705 0.759124
0.857093 0.726831
0.878051 0.713263
0.889534 0.711875
0.895645 0.707430
0.911546 0.742189
0.942571 0.730092
0.967169 0.715198
0.964150 0.738121
0.961800 0.744055
0.959360 0.801815
0.975902 0.844145
0.933169 0.862999
0.920224 0.804947
0.914050 0.793957
0.901548 0.805418
0.904581 0.789244
0.891943 0.779773
0.881363 0.786459
0.830049 0.808249
0.821478 0.813983
0.810607 0.799874
0.777334 0.790204
0.776325 0.810455
0.825486 0.875208
0.877250 0.843092
0.868760 0.920134
0.945799 0.922551
0.902328 0.985719
0.843690 0.976058
0.767435 0.998821
0.750186 0.994251
0.739403 0.988156
0.731187 0.982232
0.732471 0.965711
0.694303 0.959102
0.642243 0.990322
0.631353 0.973348
0.637662 0.936960
0.639116 0.921861
0.646920 0.910895
0.666047 0.906133
0.684142 0.936969
0.704555 0.934894
0.733745 0.953194
0.836216 0.932574
0.829436 0.891074
0.773086 0.891698
0.745707 0.917604
0.714443 0.878527
0.750515 0.867424
0.760465 0.832830
0.731517 0.818974
0.732113 0.808703
0.632506 0.814535
0.622600 0.837411
0.626365 0.863473
0.584027 0.828727
0.539590 0.832733
0.482423 0.860086
0.496016 0.890496
0.483380 0.892727
0.447602 0.895747
0.479298 0.907468
0.484843 0.908220
0.483109 0.921992
0.513280 0.929142
0.523412 0.906929
0.526413 0.917778
0.518216 0.979225
0.510299 0.997239
0.482054 0.963651
0.461062 0.994891
0.392225 0.989437
0.422552 0.927109
0.415072 0.873608
0.401360 0.852519
0.394167 0.863941
0.331206 0.932393
0.306756 0.993731
0.294764 0.981428
0.286899 0.985581
0.250959 0.933442
0.251624 0.920575
0.185519 0.922001
0.128083 0.914304
0.116106 0.918956
0.125456 0.942585
0.089061 0.955100
0.004018 0.942722
0.069108 0.837676
0.096649 0.891350
0.160709 0.889884
0.195349 0.885577
0.196648 0.864911
0.188273 0.858977
0.197243 0.827655
0.228887 0.839269
0.223423 0.807624
0.216812 0.774246
0.228903 0.763182
0.191969 0.756260
0.149676 0.783447
0.158210 0.746497
0.145122 0.734562
0.128947 0.729766
0.141470 0.703033
0.133454 0.659002
0.161596 0.626582
0.162428 0.652691
0.157698 0.670308
0.225638 0.706204
0.228656 0.706874
0.225897 0.710443
0.276774 0.739779
0.280489 0.766635
0.323406 0.758001
0.352702 0.741691
0.356799 0.764213
0.356254 0.786459
0.349590 0.838038
0.418781 0.789444
0.425715 0.780201
0.429673 0.767257
0.414301 0.722813
0.420445 0.706527
0.380836 0.700290
0.352091 0.711006
0.336286 0.698086
0.361380 0.662166
0.399601 0.643505
0.359292 0.620482
0.342332 0.630685
0.342116 0.606741
0.330865 0.616000
0.292515 0.612478
0.307539 0.565110
0.313476 0.548740
0.323216 0.557213
0.351900 0.529735
0.330952 0.515781
0.220645 0.535734
0.238135 0.505567
0.262395 0.463782
0.270143 0.416763
0.273100 0.408607
0.305758 0.433452
0.301522 0.406078
0.339464 0.360017
0.270835 0.338569
0.326653 0.269713
0.310807 0.244636
0.295110 0.256384
0.234073 0.296167
0.250042 0.328708
0.223561 0.348241
0.213761 0.370731
0.166398 0.320916
0.157982 0.364071
0.166616 0.406022
0.109205 0.395247
0.099134 0.414997
0.089157 0.445468
0.098756 0.480760
0.100880 0.488648
0.129259 0.512350
0.154225 0.555060
0.166802 0.571552
0.147342 0.585191
0.108571 0.552801
0.099074 0.529906
0.086682 0.514290
0.077969 0.535770
0.095988 0.552764
0.092793 0.559155
0.053370 0.622905
0.064972 0.663830
0.093957 0.667560
0.099524 0.684209
0.111819 0.743405
0.106759 0.746258
