0.789596 0.350666
0.774647 0.330526
0.742669 0.359651
0.753468 0.358937
0.773604 0.366264
0.760609 0.420430
0.756607 0.409568
0.735864 0.386545
0.717623 0.374577
0.720786 0.382280
0.723890 0.399533
0.724985 0.400145
0.716788 0.411465
0.720280 0.418067
0.718551 0.453009
0.696288 0.419716
0.686770 0.433499
0.676077 0.442798
0.683625 0.456706
0.692200 0.484254
0.652678 0.479674
0.673766 0.497094
0.669815 0.514298
0.650292 0.535938
0.647190 0.539720
0.630315 0.545600
0.628435 0.558181
0.621058 0.586131
0.620210 0.595812
0.630509 0.580975
0.650725 0.573697
0.651524 0.566373
0.672001 0.554610
0.699525 0.550427
0.716265 0.515441
0.747589 0.524766
0.775366 0.550887
0.803213 0.569411
0.792820 0.640119
0.748843 0.629636
0.754722 0.617296
0.725039 0.572362
0.722791 0.580554
0.713483 0.595073
0.698044 0.596816
0.705054 0.630841
0.690557 0.649543
0.740450 0.664047
0.747132 0.661720
0.778490 0.656301
0.804548 0.678052
0.770953 0.720064
0.789344 0.740076
0.791732 0.723816
0.807460 0.715839
0.819100 0.713407
0.822109 0.678302
0.816442 0.671744
0.829934 0.625806
0.831304 0.610622
0.864912 0.613054
0.883759 0.629945
0.875697 0.638320
0.863469 0.671009
0.855254 0.684373
0.856888 0.689399
0.877159 0.676344
0.886203 0.703496
0.890772 0.697946
0.928562 0.688015
0.905221 0.672830
0.908751 0.643114
0.921475 0.635555
0.905206 0.627979
0.903947 0.616445
0.907534 0.611688
0.899559 0.589262
0.899715 0.587501
0.920160 0.596697
0.940733 0.558385
0.929955 0.539022
0.932519 0.507478
0.893669 0.530853
0.890947 0.551558
0.886748 0.549455
0.882776 0.543181
0.877080 0.543624
0.852284 0.538272
0.834597 0.557666
0.834533 0.543072
0.832566 0.527313
0.821286 0.508977
0.816394 0.508537
0.799108 0.519478
0.780020 0.468947
0.796273 0.458446
0.816919 0.426105
0.836358 0.464602
0.851104 0.503285
0.865666 0.491414
0.895811 0.494637
0.893981 0.487483
0.900614 0.486491
0.955910 0.481758
0.974130 0.463046
0.983752 0.444504
0.977526 0.434104
0.974604 0.433392
0.967352 0.416054
0.979066 0.425778
0.994266 0.439160
0.994631 0.459925
0.996007 0.509446
0.972885 0.568815
0.942986 0.609494
0.990058 0.648736
0.995063 0.666210
0.996750 0.676450
0.989460 0.662252
0.963702 0.667038
0.993039 0.702004
0.986541 0.707330
0.986357 0.725475
0.998947 0.736937
0.966771 0.744555
0.945988 0.768312
0.979487 0.790340
0.996788 0.788644
0.990580 0.805623
0.998162 0.863820
0.967127 0.853895
0.941628 0.850989
0.940586 0.871665
0.953817 0.879680
0.958003 0.890854
0.962504 0.891028
0.943165 0.921992
0.974560 0.916908
0.967680 0.927662
0.985535 0.959542
0.999468 0.996755
0.970509 0.989405
0.941569 0.986790
0.928078 0.989353
0.929583 0.973475
0.917341 0.978317
0.895052 0.954799
0.907275 0.907353
0.925456 0.908955
0.921528 0.887394
0.915036 0.872674
0.900662 0.867872
0.895203 0.858979
0.893052 0.848189
0.906223 0.841881
0.922699 0.837108
0.919078 0.821674
0.925031 0.785242
0.926058 0.782758
0.890335 0.796473
0.874757 0.810772
0.881124 0.820253
0.883673 0.833020
0.857688 0.840945
0.843266 0.905867
0.827008 0.954268
0.831896 0.954230
0.846122 0.966027
0.863506 0.948177
0.859760 0.973216
0.848248 0.993625
0.844921 0.999053
0.839394 0.993887
0.825004 0.996510
0.818866 0.958070
0.819320 0.955757
0.810792 0.963797
0.789222 0.961391
0.791963 0.943986
0.752992 0.951849
0.765521 0.931723
0.751482 0.906961
0.734057 0.881129
0.732669 0.877628
0.772099 0.867493
0.784577 0.848939
0.836581 0.813889
0.820537 0.815776
0.785856 0.799049
0.790949 0.772688
0.786651 0.751564
0.775712 0.762843
0.767194 0.767779
0.746134 0.801120
0.739298 0.803636
0.734928 0.825577
0.703455 0.788638
0.683000 0.818063
0.702272 0.840574
0.696721 0.853651
0.655258 0.837836
0.641248 0.837728
0.622156 0.845703
0.612136 0.855065
0.606926 0.854041
0.589661 0.853269
0.598153 0.867971
0.599880 0.889274
0.604313 0.885636
0.659565 0.907000
0.691995 0.865328
0.692611 0.879896
0.717466 0.907582
0.713278 0.947991
0.723748 0.960200
0.695276 0.982202
0.661029 0.952300
0.651555 0.950110
0.642248 0.976068
0.618717 0.989033
0.606040 0.966073
0.587727 0.970867
0.573794 0.966459
0.570187 0.974172
0.563926 0.987135
0.569065 0.992342
0.555402 0.997083
0.550126 0.999660
0.488677 0.994708
0.542987 0.948254
0.549997 0.965846
0.594494 0.951876
0.598795 0.936970
0.605754 0.930344
0.582640 0.896814
0.541001 0.889895
0.509354 0.900952
0.509836 0.870611
0.510998 0.871135
0.531498 0.856308
0.547364 0.840254
0.551238 0.842293
0.559556 0.847541
0.561709 0.833123
0.579079 0.821719
0.633823 0.813884
0.669473 0.826810
0.664535 0.803610
0.673542 0.781781
0.671209 0.767406
0.647032 0.763707
0.614919 0.763948
0.580411 0.750042
0.583686 0.720536
0.582902 0.716234
0.574344 0.718129
0.560259 0.707861
0.595672 0.698813
0.603036 0.686265
0.621310 0.740952
0.642156 0.750845
0.658661 0.730834
0.690370 0.749785
0.720546 0.757157
0.757643 0.716016
0.758334 0.688316
0.734773 0.678139
0.709847 0.692386
0.706616 0.671313
0.676224 0.662029
0.655135 0.678731
0.631190 0.637654
0.594083 0.658229
0.583625 0.673764
0.563839 0.657156
0.596310 0.580779
0.562236 0.593307
0.555732 0.585731
0.527302 0.595705
0.521617 0.601997
0.514215 0.598969
0.513361 0.587724
0.513825 0.559677
0.523557 0.530271
0.496065 0.511738
0.488991 0.524257
0.488061 0.525170
0.501547 0.549204
0.498941 0.566963
0.487034 0.585826
0.477190 0.607721
0.474275 0.639274
0.483382 0.654961
0.506957 0.628112
0.507637 0.626336
0.511995 0.637402
0.524027 0.658874
0.522509 0.705345
0.542209 0.765047
0.494636 0.763948
0.494223 0.774386
0.503106 0.787691
0.502160 0.822345
0.473981 0.838503
0.496448 0.883911
0.446715 0.860642
0.438303 0.855085
0.387566 0.835881
0.412559 0.870985
0.431252 0.869811
0.432962 0.874095
0.456399 0.935335
0.441454 0.934193
0.432302 0.955493
0.442675 0.965141
0.445521 0.981038
0.425090 0.971120
0.414573 0.982212
0.420083 0.991509
0.401413 0.986241
0.410245 0.970415
0.406735 0.971013
0.397247 0.961387
0.392453 0.947124
0.405619 0.928716
0.396529 0.892809
0.380276 0.924791
0.378132 0.920689
0.363068 0.915381
0.366474 0.936499
0.357536 0.936200
0.342466 0.965604
0.324574 0.971127
0.329476 0.916375
0.341320 0.900628
0.317097 0.915934
0.291253 0.899820
0.284682 0.919220
0.270107 0.939843
0.252886 0.960937
0.258210 0.970997
0.235315 0.973638
0.213990 0.989018
0.196257 0.963747
0.208687 0.946860
0.219829 0.952494
0.243333 0.925922
0.211048 0.928881
0.208650 0.931846
0.201128 0.919898
0.174621 0.925269
0.166295 0.949971
0.150288 0.926905
0.127994 0.937133
0.057665 0.947584
0.050467 0.942696
0.032497 0.956690
0.032092 0.973073
0.048634 0.993855
0.013605 0.974880
0.025037 0.936768
0.029211 0.916797
0.001931 0.875505
0.025926 0.863538
0.014406 0.847703
0.018821 0.830559
0.025806 0.826235
0.047742 0.841250
0.040094 0.827459
0.027916 0.798890
0.013937 0.787520
0.011787 0.776984
0.029920 0.782377
0.050590 0.773198
0.028352 0.757607
0.017429 0.772974
0.007406 0.747429
0.028788 0.713220
0.012238 0.713337
0.008100 0.685831
0.026787 0.657316
0.044513 0.673902
0.059824 0.667292
0.072347 0.638819
0.083470 0.645849
0.088931 0.643059
0.116523 0.600754
0.130723 0.580306
0.138308 0.571628
0.128053 0.531089
0.164823 0.493791
0.174778 0.498959
0.182721 0.490920
0.174615 0.487153
0.155106 0.479978
0.141815 0.486246
0.093272 0.486521
0.070796 0.501628
0.080200 0.511658
0.118828 0.531652
0.096040 0.538515
0.084852 0.541015
0.086526 0.571615
0.075647 0.600416
0.072435 0.600024
0.060822 0.604949
0.044646 0.621501
0.019563 0.642629
0.014497 0.624917
0.027653 0.614316
0.016016 0.593877
0.022526 0.570628
0.035863 0.539535
0.004509 0.520334
0.000429 0.494536
0.014508 0.487800
0.035700 0.508436
0.034404 0.491821
0.045950 0.445759
0.101329 0.451251
0.118882 0.470456
0.132615 0.430556
0.128171 0.408943
0.159153 0.418393
0.151678 0.384116
0.112816 0.353267
0.113721 0.402916
0.094161 0.392136
0.081239 0.384344
0.081787 0.366468
0.088890 0.355935
0.075815 0.343629
0.055823 0.361704
0.022082 0.398991
0.018536 0.421107
0.011567 0.412123
0.019683 0.389693
0.001829 0.354503
0.046748 0.329644
0.016302 0.311387
0.022013 0.305934
0.031547 0.294850
0.009070 0.237487
0.058457 0.214233
0.047104 0.239232
0.040052 0.262820
0.061258 0.266653
0.046319 0.285055
0.061875 0.318454
0.069309 0.308082
0.087481 0.310651
0.111335 0.324041
0.115828 0.287882
0.108320 0.279181
0.117870 0.261197
0.111411 0.250519
0.119502 0.230238
0.139678 0.227270
0.142384 0.223590
0.115589 0.149981
0.132610 0.138369
0.139816 0.134295
0.109409 0.119079
0.117504 0.080069
0.124157 0.056477
0.096271 0.101279
0.090263 0.106866
0.073014 0.114194
0.053229 0.142257
0.076418 0.145534
0.085229 0.143054
0.086170 0.173108
0.082867 0.172898
0.023744 0.176372
0.019040 0.175871
0.016809 0.164176
0.021950 0.115184
0.005646 0.106967
0.012126 0.067483
0.046316 0.067835
0.032715 0.013160
0.100356 0.023185
0.127998 0.013798
0.142829 0.032128
0.160355 0.046953
0.178715 0.048088
0.177496 0.011021
0.193118 0.009829
0.201321 0.027894
0.225325 0.050693
0.190401 0.097167
0.162829 0.122066
0.214231 0.096033
0.219317 0.114551
0.243436 0.129721
0.248450 0.126970
0.265132 0.095681
0.257970 0.072899
0.253626 0.077377
0.248233 0.075930
0.245619 0.043906
0.278025 0.011853
0.285132 0.013751
0.306182 0.006719
0.308151 0.019222
0.315189 0.036344
0.303143 0.066496
0.283715 0.121437
0.274931 0.165437
0.292690 0.185106
0.292754 0.209114
0.274410 0.201437
0.233080 0.220935
0.213299 0.229305
0.201708 0.209238
0.169541 0.226064
0.216203 0.267045
0.198434 0.284537
0.196474 0.271916
0.168850 0.254302
0.134623 0.254236
0.139270 0.274243
0.135932 0.279370
0.140982 0.316895
0.137995 0.339650
0.164249 0.354880
0.173468 0.337903
0.184115 0.327485
0.186005 0.344403
0.189739 0.357685
0.204108 0.343635
0.210897 0.331387
0.211910 0.337357
0.226699 0.345592
0.247259 0.371616
0.251952 0.367732
0.260360 0.373549
0.258417 0.378439
0.266701 0.410635
0.253802 0.421437
0.229119 0.391793
0.226520 0.402066
0.209394 0.463903
0.201510 0.473440
0.202756 0.474150
0.225461 0.513284
0.233958 0.520506
0.263474 0.512780
0.252818 0.525648
0.259143 0.533162
0.233356 0.554318
0.211030 0.556912
0.222825 0.592534
0.259072 0.575791
0.242906 0.621418
0.249013 0.627520
0.249581 0.645862
0.277573 0.637325
0.297388 0.646460
0.304803 0.653388
0.309648 0.654085
0.329876 0.666958
0.313818 0.696788
0.267616 0.682979
0.259189 0.711685
0.242683 0.735668
0.215202 0.728791
0.221929 0.683000
0.234627 0.676860
0.205961 0.669103
0.200053 0.659710
0.181643 0.670984
0.169991 0.651240
0.181269 0.594733
0.172176 0.594923
0.172086 0.596172
0.162810 0.603505
0.159284 0.616345
0.137199 0.631876
0.142882 0.667699
0.121486 0.681467
0.137069 0.707347
0.126371 0.706623
0.089059 0.692280
0.079267 0.704051
0.097821 0.733393
0.108489 0.757025
0.155522 0.749758
0.156134 0.751372
0.145206 0.780173
0.137109 0.786414
0.118054 0.775072
0.106215 0.769059
0.100422 0.767155
0.081669 0.759303
0.078571 0.802086
0.093881 0.839795
0.083139 0.843615
0.069252 0.882776
0.087314 0.877777
0.098650 0.892442
0.148069 0.904827
0.149734 0.899214
0.180613 0.883027
0.194624 0.891650
0.206237 0.888971
0.235139 0.880049
0.193853 0.870899
0.192318 0.867158
0.169197 0.858355
0.145386 0.871544
0.125627 0.862077
0.114503 0.850457
0.101954 0.825143
0.132072 0.826939
0.150446 0.842998
0.164757 0.811857
0.234385 0.797161
0.239007 0.805223
0.235006 0.809424
0.247762 0.821901
0.267802 0.836802
0.253079 0.896403
0.295678 0.852482
0.310017 0.835879
0.321540 0.830987
0.332445 0.827799
0.331833 0.821845
0.376758 0.824752
0.325933 0.789159
0.327763 0.798694
0.306336 0.822972
0.277235 0.821085
0.273117 0.812692
0.276074 0.783718
0.285688 0.776257
0.304026 0.764481
0.288495 0.734118
0.298428 0.726035
0.314887 0.736535
0.319983 0.731085
0.329222 0.740023
0.328376 0.746340
0.333502 0.741811
0.334829 0.733972
0.370701 0.752194
0.387484 0.757227
0.384812 0.787180
0.404615 0.801232
0.408911 0.779079
0.440405 0.744349
0.450055 0.740670
0.455646 0.768969
0.469715 0.765744
0.471522 0.758436
0.479825 0.746229
0.491552 0.744434
0.454686 0.712683
0.435168 0.679695
0.438434 0.680068
0.443063 0.673335
0.447480 0.668545
0.430030 0.656510
0.414180 0.691688
0.388621 0.705626
0.387386 0.671919
0.385648 0.672471
0.380002 0.670238
0.359627 0.662747
0.358184 0.658885
0.374747 0.660701
0.384123 0.657694
0.388077 0.650121
0.402640 0.655796
0.391852 0.634098
0.385257 0.627787
0.355813 0.621104
0.337505 0.612398
0.307059 0.624866
0.296283 0.568061
0.288585 0.547968
0.318616 0.571715
0.351699 0.547083
0.364647 0.548036
0.378486 0.576143
0.383559 0.605784
0.431750 0.598047
0.437692 0.604571
0.446412 0.594508
0.433326 0.572509
0.457515 0.525955
0.442523 0.502541
0.437432 0.527822
0.428202 0.542587
0.407945 0.556021
0.399897 0.540372
0.382983 0.503802
0.399639 0.478569
0.390319 0.462470
0.394398 0.442724
0.350326 0.427282
0.326988 0.474244
0.336471 0.487987
0.321796 0.526137
0.308984 0.483071
0.304456 0.483511
0.297929 0.447231
0.302011 0.421999
0.303697 0.413419
0.315403 0.410232
0.335837 0.408332
0.343865 0.370148
0.350239 0.353913
0.374897 0.373861
0.406202 0.399542
0.448971 0.412484
0.448400 0.435075
0.467943 0.452181
0.493154 0.454840
0.495864 0.416190
0.500426 0.399956
0.490194 0.395705
0.482798 0.388357
0.432678 0.372693
0.450088 0.345962
0.454954 0.331852
0.429250 0.333860
0.428167 0.330164
0.375346 0.337272
0.354268 0.323238
0.348914 0.309172
0.320742 0.297951
0.290050 0.298989
0.314026 0.291763
0.364738 0.300649
0.363096 0.289630
0.374542 0.277753
0.417653 0.239372
0.428792 0.252698
0.442472 0.283868
0.457035 0.306028
0.475506 0.288213
0.478995 0.315563
0.511073 0.351148
0.542494 0.406917
0.549822 0.428611
0.536335 0.458098
0.553372 0.486675
0.560660 0.493745
0.552187 0.512241
0.556258 0.514595
0.562387 0.518370
0.583940 0.546690
0.575466 0.508281
0.632434 0.461859
0.629756 0.432769
0.630932 0.410722
0.625577 0.398285
0.625768 0.395699
0.617989 0.384183
0.608717 0.372539
0.611642 0.407177
0.582419 0.450931
0.575341 0.418683
0.570163 0.404376
0.570199 0.389492
0.572661 0.367544
0.553167 0.355058
0.592661 0.333258
0.581420 0.304723
0.595007 0.295525
0.608342 0.318030
0.642611 0.332969
0.663090 0.317858
0.666817 0.306633
0.675348 0.341527
0.671383 0.369245
0.677380 0.378261
0.718377 0.314593
0.743733 0.299273
0.744917 0.270371
0.725417 0.225436
0.741907 0.232005
0.745876 0.224413
0.764071 0.217657
0.752812 0.204681
0.731166 0.205459
0.715059 0.201003
0.716568 0.228886
0.672451 0.229074
0.661245 0.235329
0.642317 0.192147
0.621977 0.160100
0.638831 0.145735
0.607259 0.122767
0.594818 0.114878
0.589340 0.114487
0.591887 0.122314
0.592512 0.141908
0.556761 0.153724
0.558735 0.176546
0.531836 0.171254
0.498722 0.160525
0.511526 0.196765
0.515901 0.199731
0.521277 0.222399
0.528112 0.220432
0.542840 0.238573
0.546806 0.228820
0.581366 0.227328
0.582809 0.240650
0.574293 0.249408
0.562757 0.271518
0.550784 0.286078
0.521078 0.274478
0.528978 0.262160
0.495687 0.237170
0.464894 0.204480
0.455150 0.186884
0.443672 0.178432
0.417747 0.175071
0.414832 0.181362
0.410157 0.185786
0.423560 0.194155
0.422004 0.225404
0.404430 0.207718
0.377374 0.184848
0.380447 0.195263
0.382113 0.225188
0.361657 0.221845
0.325996 0.227279
0.312457 0.231567
0.286507 0.247035
0.294789 0.231023
0.330539 0.198202
0.339104 0.166605
0.360590 0.153375
0.340830 0.111069
0.375217 0.112838
0.394316 0.088559
0.349795 0.082212
0.329017 0.083373
0.326729 0.074192
0.327809 0.059147
0.353083 0.046146
0.379031 0.048105
0.398597 0.020642
0.404030 0.025900
0.422332 0.034833
0.435598 0.037193
0.433958 0.031018
0.442697 0.013671
0.450719 0.010202
0.490840 0.027858
0.495086 0.036491
0.549534 0.002653
0.547034 0.040585
0.545182 0.045971
0.508096 0.062375
0.483394 0.054887
0.472172 0.034679
0.457618 0.075964
0.464913 0.083229
0.478214 0.073352
0.483060 0.103154
0.497496 0.134096
0.514394 0.117797
0.554948 0.105530
0.592459 0.097467
0.619843 0.091568
0.631223 0.070425
0.591195 0.050035
0.598461 0.043784
0.600138 0.028965
0.580067 0.024398
0.565534 0.025749
0.603508 0.003808
0.610070 0.017733
0.630402 0.058925
0.642681 0.076856
0.639583 0.125082
0.660489 0.133029
0.661086 0.143330
0.676576 0.153689
0.692938 0.113006
0.713894 0.135813
0.722134 0.160313
0.750293 0.171262
0.751104 0.171995
0.753344 0.184550
0.770144 0.166885
0.771460 0.167091
0.780977 0.167935
0.792474 0.139067
0.810797 0.136263
0.818358 0.157769
0.853974 0.177605
0.854668 0.191849
0.845423 0.224866
0.827343 0.221349
0.832665 0.261479
0.866436 0.262704
0.865750 0.249533
0.884020 0.249938
0.889504 0.252476
0.893648 0.230782
0.894829 0.178043
0.895811 0.176774
0.890411 0.168902
0.871002 0.168579
0.877166 0.133439
0.936395 0.131064
0.907223 0.105393
0.890098 0.090336
0.879521 0.095689
0.865834 0.108494
0.830588 0.119495
0.827719 0.115699
0.830859 0.111169
0.831017 0.081209
0.784304 0.082031
0.786455 0.070341
0.765777 0.066948
0.780773 0.125073
0.764204 0.108809
0.738566 0.075937
0.704086 0.067289
0.693851 0.064862
0.698639 0.060772
0.699949 0.057101
0.693647 0.053962
0.690549 0.051825
0.679404 0.072324
0.656665 0.019846
0.673367 0.019223
0.734333 0.008032
0.764333 0.029801
0.786191 0.008151
0.841371 0.052034
0.861178 0.032589
0.847310 0.001201
0.899746 0.014308
0.892852 0.060045
0.917692 0.041822
0.925451 0.050666
0.941213 0.086281
0.971942 0.011499
0.981790 0.019300
0.988992 0.073928
0.996482 0.078277
0.988913 0.120739
0.971544 0.113955
0.956667 0.172275
0.952817 0.186106
0.923791 0.171869
0.928090 0.186283
0.938361 0.214016
0.974247 0.213054
0.994625 0.201502
0.996067 0.252951
0.979093 0.296317
0.938008 0.303459
0.945327 0.272180
0.952157 0.254753
0.932585 0.256799
0.928678 0.228830
0.902625 0.259489
0.887360 0.261700
0.873790 0.272380
0.873066 0.278628
0.876122 0.290632
0.871030 0.299219
0.905478 0.285600
0.899724 0.310508
0.899687 0.313191
0.910204 0.312044
0.940210 0.336304
0.991288 0.357185
0.925975 0.361550
0.900071 0.333850
0.890013 0.348052
0.901337 0.371196
0.903282 0.372575
0.928464 0.376885
0.936972 0.388033
0.933411 0.404221
0.930267 0.422197
0.910423 0.418808
0.888065 0.410298
0.889182 0.440895
0.870675 0.440044
0.861054 0.451134
0.862122 0.436017
0.856102 0.422403
0.873949 0.390599
0.845281 0.393618
0.822343 0.384140
0.839698 0.367802
0.839369 0.356643
0.819186 0.362214
