0.212580 0.349434
0.181347 0.381257
0.197481 0.417449
0.219240 0.429998
0.211743 0.475431
0.189166 0.505270
0.197935 0.532193
0.202177 0.534031
0.249282 0.514317
0.333106 0.517133
0.346063 0.501761
0.397877 0.480798
0.446601 0.446646
0.406138 0.424985
0.347390 0.422991
0.348824 0.439203
0.286904 0.464605
0.271923 0.434126
0.259638 0.377764
0.297546 0.377985
0.326111 0.370752
0.336585 0.317728
0.333414 0.300601
0.304564 0.339439
0.288651 0.343723
0.273375 0.334542
0.266393 0.327730
0.241682 0.312367
0.226762 0.301256
0.256779 0.272450
0.249125 0.265596
0.278701 0.239829
0.315669 0.225647
0.348889 0.255661
0.389055 0.242200
0.356684 0.194969
0.364433 0.162073
0.343638 0.155605
0.270623 0.112200
0.251285 0.217977
0.229153 0.225772
0.186101 0.197672
0.184617 0.193609
0.198855 0.160945
0.220512 0.156794
0.190661 0.126124
0.182045 0.097528
0.175451 0.115167
0.163939 0.148258
0.150975 0.163472
0.143094 0.188666
0.134041 0.204145
0.120058 0.216981
0.111184 0.194039
0.111016 0.159577
0.151438 0.138989
0.118698 0.102469
0.099376 0.118477
0.080210 0.109441
0.077575 0.089932
0.072473 0.083699
0.051077 0.146407
0.081905 0.249663
0.045435 0.248383
0.013966 0.198988
0.040956 0.160064
0.017349 0.153155
0.040061 0.098012
0.027215 0.042543
0.076117 0.000101
0.096032 0.040820
0.114648 0.080824
0.129485 0.033914
0.149137 0.040378
0.254530 0.054498
0.238065 0.034724
0.248186 0.013894
0.348082 0.009329
0.350207 0.062632
0.333076 0.085536
0.361129 0.069436
0.396494 0.037659
0.426718 0.028016
0.394711 0.067080
0.410926 0.091784
0.459019 0.187665
0.450943 0.227159
0.393170 0.290879
0.374648 0.280889
0.372553 0.304675
0.424668 0.337499
0.448419 0.331614
0.448397 0.283825
0.475737 0.269307
0.492574 0.280523
0.540325 0.342290
0.583371 0.338557
0.624955 0.311351
0.575916 0.285727
0.584995 0.240275
0.599421 0.252599
0.654601 0.281774
0.667883 0.285448
0.713308 0.259103
0.753415 0.260622
0.745833 0.188768
0.797121 0.222516
0.817065 0.258888
0.831226 0.263234
0.838648 0.261391
0.853805 0.250827
0.869777 0.251728
0.873865 0.190352
0.877906 0.185648
0.806982 0.162076
0.801178 0.153002
0.827537 0.149804
0.828843 0.138941
0.862209 0.139995
0.882276 0.152720
0.888823 0.109796
0.870541 0.079011
0.823987 0.080730
0.819416 0.085234
0.793161 0.112827
0.713061 0.091198
0.717230 0.112234
0.695794 0.186750
0.656461 0.165239
0.639026 0.190275
0.637068 0.193834
0.584631 0.123902
0.553946 0.138253
0.530273 0.134057
0.515075 0.132983
0.490416 0.104058
0.492187 0.073034
0.493906 0.071220
0.512548 0.023434
0.514812 0.018123
0.557704 0.000205
0.568070 0.036359
0.574568 0.041845
0.599275 0.082150
0.589079 0.098071
0.606105 0.096329
0.694626 0.104212
0.702846 0.060227
0.753175 0.027814
0.791698 0.035306
0.799326 0.000996
0.844857 0.043227
0.883966 0.006122
0.898176 0.021993
0.913495 0.005056
0.997234 0.018077
0.956980 0.062975
0.978873 0.076799
0.964305 0.123011
0.946170 0.168818
0.936367 0.173587
0.967746 0.196179
0.999516 0.172433
0.995631 0.213041
0.987193 0.278139
0.955236 0.251585
0.948367 0.277715
0.949541 0.280195
0.929315 0.294060
0.927171 0.318185
0.914001 0.330184
0.913758 0.330340
0.906947 0.334740
0.899380 0.333970
0.897912 0.290947
0.874169 0.311339
0.824539 0.281584
0.772291 0.308686
0.813834 0.327524
0.847434 0.335974
0.887176 0.375276
0.953724 0.384594
0.958971 0.404759
0.977864 0.419059
0.973652 0.437992
0.959265 0.427518
0.929987 0.443739
0.926045 0.423334
0.906831 0.393699
0.881730 0.396799
0.856115 0.398238
0.838117 0.418571
0.810004 0.436064
0.823197 0.461668
0.793554 0.468189
0.777683 0.489882
0.773854 0.518522
0.746813 0.500091
0.707931 0.480470
0.720928 0.452439
0.765814 0.357433
0.666590 0.348817
0.653944 0.409481
0.681689 0.442400
0.655065 0.460905
0.661507 0.476443
0.675038 0.473842
0.700532 0.516281
0.688613 0.535931
0.689857 0.557581
0.709309 0.576573
0.713942 0.578681
0.715363 0.578517
0.766661 0.612831
0.766916 0.561322
0.819371 0.577977
0.847364 0.557662
0.853203 0.503459
0.868701 0.489120
0.871475 0.470226
0.867951 0.458629
0.859656 0.448804
0.932482 0.474343
0.939378 0.478859
0.933368 0.508603
0.956907 0.523890
0.973625 0.530297
0.981343 0.538776
0.930751 0.546048
0.935245 0.580124
0.978928 0.587807
0.972950 0.590040
0.968516 0.595465
0.951781 0.614658
0.927555 0.598779
0.910709 0.640543
0.937636 0.656191
0.979138 0.654380
0.960473 0.693510
0.940023 0.733079
0.931346 0.735072
0.916027 0.682062
0.877581 0.630430
0.879441 0.625609
0.844617 0.606846
0.769033 0.646305
0.823563 0.686803
0.817562 0.703129
0.831517 0.743376
0.818720 0.766612
0.778072 0.782623
0.784531 0.827144
0.808726 0.800566
0.814438 0.792050
0.832642 0.766192
0.835338 0.751505
0.854000 0.751289
0.857230 0.744007
0.873702 0.767454
0.889948 0.769316
0.870097 0.792611
0.878631 0.797035
0.911931 0.787568
0.975212 0.796958
0.976923 0.817015
0.980950 0.819157
0.985789 0.816976
0.985299 0.823408
0.984651 0.847833
0.976328 0.836357
0.931905 0.814210
0.922834 0.824389
0.893892 0.812207
0.890068 0.814949
0.859119 0.844849
0.852052 0.847122
0.779590 0.856627
0.800917 0.878487
0.850115 0.906199
0.883034 0.899717
0.927410 0.918686
0.927566 0.917163
0.947472 0.901271
0.946750 0.941530
0.977651 0.949229
0.982938 0.931517
0.980849 0.903639
0.997600 0.937765
0.995103 0.997133
0.882306 0.973613
0.875732 0.969422
0.869269 0.946851
0.858415 0.935883
0.811859 0.946429
0.798788 0.944992
0.795048 0.962549
0.763637 0.969897
0.724323 0.982688
0.683771 0.980160
0.682386 0.978659
0.622344 0.995338
0.615323 0.977869
0.618589 0.968503
0.677311 0.958016
0.668631 0.947544
0.667129 0.914284
0.720115 0.934517
0.729410 0.928049
0.738960 0.936386
0.736357 0.926966
0.733263 0.914364
0.769370 0.867186
0.723754 0.864419
0.704583 0.854487
0.709800 0.832166
0.731781 0.820717
0.664975 0.806564
0.677454 0.778781
0.614670 0.746920
0.639250 0.729640
0.677641 0.768766
0.694940 0.761136
0.700238 0.723639
0.710382 0.702762
0.676178 0.689075
0.679231 0.681682
0.685710 0.677705
0.670428 0.654974
0.567248 0.680544
0.565735 0.694104
0.608423 0.717854
0.596323 0.760478
0.599644 0.782321
0.614400 0.806869
0.635252 0.822583
0.609090 0.870700
0.592457 0.829367
0.511054 0.793307
0.525634 0.767429
0.522926 0.759144
0.525165 0.749800
0.531575 0.751925
0.546816 0.754509
0.537373 0.703461
0.524171 0.701071
0.535210 0.686049
0.476618 0.649695
0.528379 0.630056
0.594812 0.658136
0.597376 0.643497
0.585602 0.606995
0.593070 0.604717
0.572532 0.562021
0.612431 0.583443
0.646858 0.595969
0.667377 0.587644
0.653271 0.562878
0.665812 0.544617
0.634356 0.527141
0.583698 0.511353
0.586627 0.458895
0.607179 0.417377
0.519997 0.425187
0.500495 0.421347
0.471205 0.407736
0.498444 0.454446
0.510727 0.498128
0.502309 0.497451
0.470318 0.497057
0.452806 0.504430
0.450284 0.514002
0.425637 0.520395
0.404507 0.534243
0.457005 0.559651
0.401700 0.607720
0.346135 0.574207
0.328120 0.586540
0.343263 0.623523
0.311452 0.636988
0.319769 0.665483
0.237762 0.671109
0.263257 0.649168
0.260113 0.574865
0.223213 0.590392
0.192642 0.614761
0.172017 0.639253
0.144059 0.651927
0.158716 0.677835
0.152178 0.689389
0.213939 0.722452
0.231172 0.742565
0.204685 0.779815
0.230171 0.769161
0.271870 0.770198
0.291363 0.782803
0.295062 0.754551
0.267548 0.749293
0.282900 0.732009
0.265957 0.709460
0.266669 0.697341
0.280970 0.701722
0.302875 0.681338
0.320583 0.685251
0.335662 0.709948
0.369944 0.681149
0.378528 0.706425
0.388870 0.733154
0.381504 0.735719
0.394538 0.757594
0.423113 0.766460
0.465939 0.848703
0.509332 0.858987
0.546557 0.910896
0.528415 0.922287
0.521754 0.977653
0.488658 0.962207
0.467751 0.886415
0.404204 0.882492
0.407960 0.907124
0.403301 0.935806
0.415950 0.927587
0.433200 0.932830
0.444318 0.981221
0.410590 0.965010
0.346020 0.984992
0.315679 0.980052
0.306272 0.951914
0.336958 0.926578
0.362587 0.913128
0.355387 0.873392
0.338616 0.862373
0.333906 0.857468
0.322930 0.840488
0.287524 0.831485
0.256268 0.833657
0.287733 0.917899
0.278843 0.918211
0.270301 0.923818
0.241311 0.948160
0.234262 0.959144
0.201975 0.938503
0.198779 0.912847
0.236577 0.905993
0.234987 0.860507
0.188969 0.855512
0.186932 0.858221
0.127480 0.826530
0.101677 0.819606
0.095383 0.864605
0.111417 0.957238
0.102332 0.967161
0.112817 0.987542
0.046857 0.974182
0.019831 0.971954
0.034364 0.959528
0.040132 0.920553
0.026640 0.916729
0.018862 0.902254
0.023228 0.842537
0.009492 0.833683
0.025784 0.812132
0.017119 0.765672
0.058180 0.769482
0.075563 0.803882
0.140216 0.759243
0.126577 0.743348
0.130004 0.731560
0.127036 0.701294
0.134333 0.695775
0.090439 0.669984
0.055041 0.647525
0.044377 0.634504
0.065882 0.623149
0.071373 0.583635
0.094598 0.613844
0.115372 0.609382
0.132796 0.564121
0.105123 0.553577
0.084625 0.547744
0.012306 0.504059
0.057900 0.429676
0.108498 0.497253
0.146954 0.483642
0.162234 0.474084
0.157880 0.436665
0.132518 0.424296
0.129606 0.423302
0.104143 0.437555
0.120571 0.368335
0.063512 0.372692
0.036753 0.395693
0.038635 0.354047
0.058847 0.339151
0.121783 0.323021
0.141583 0.306362
0.136035 0.260968
0.178174 0.234491
0.213448 0.288374
0.224479 0.314792
0.208938 0.321934
