0.008489 0.676797
0.031600 0.681187
0.037335 0.682330
0.046549 0.668660
0.070118 0.666133
0.053730 0.631282
0.020099 0.607540
0.009642 0.584050
0.099871 0.612960
0.097327 0.622694
0.110854 0.621683
0.117173 0.622299
0.125384 0.625160
0.139758 0.619077
0.134234 0.572481
0.090481 0.579805
0.102659 0.560514
0.085328 0.545487
0.069062 0.525953
0.072320 0.511684
0.031012 0.521434
0.026202 0.506322
0.027796 0.503862
0.013832 0.486377
0.013796 0.476739
0.007235 0.476170
0.016261 0.453794
0.026373 0.468890
0.041279 0.458709
0.047723 0.434001
0.068431 0.463712
0.077987 0.446442
0.098721 0.421533
0.076008 0.430882
0.067041 0.438204
0.059229 0.424406
0.039486 0.424411
0.014716 0.402027
0.043065 0.376086
0.058148 0.379757
0.067140 0.365166
0.093443 0.345249
0.115193 0.362062
0.144784 0.393995
0.141963 0.343042
0.171492 0.329661
0.166205 0.323677
0.150985 0.323397
0.141123 0.331929
0.135684 0.333719
0.116786 0.324366
0.110448 0.313247
0.112176 0.299330
0.115650 0.297895
0.117072 0.260408
0.094215 0.287882
0.097242 0.296986
0.080710 0.310185
0.073516 0.332339
0.057291 0.349989
0.056191 0.364167
0.039579 0.346577
0.023802 0.352187
0.008658 0.365855
0.014440 0.352344
0.010202 0.311915
0.033615 0.308767
0.039051 0.258674
0.030940 0.257356
0.010698 0.246605
0.037561 0.213562
0.070839 0.191946
0.084314 0.192507
0.083025 0.218292
0.140197 0.243601
0.152068 0.221955
0.198369 0.267837
0.214576 0.282078
0.221674 0.261166
0.230572 0.277471
0.228520 0.292498
0.210009 0.299556
0.182766 0.351833
0.197107 0.343219
0.218232 0.336095
0.242433 0.361489
0.255585 0.292135
0.269363 0.292686
0.286712 0.283831
0.285124 0.271320
0.341977 0.293669
0.346921 0.296565
0.372050 0.317904
0.424370 0.267617
0.413926 0.303738
0.439120 0.357087
0.429183 0.348826
0.415118 0.342252
0.373731 0.336550
0.385783 0.357112
0.386973 0.356922
0.393903 0.359571
0.409659 0.369453
0.414449 0.406279
0.453674 0.409741
0.440617 0.429930
0.412623 0.446895
0.403533 0.470714
0.423163 0.511706
0.428753 0.515606
0.471435 0.490862
0.498860 0.507790
0.516051 0.517702
0.503898 0.479164
0.533635 0.450075
0.512789 0.429585
0.505339 0.406545
0.534879 0.406386
0.525518 0.397477
0.506604 0.389672
0.494674 0.372658
0.492527 0.347072
0.511958 0.343803
0.510424 0.327102
0.508092 0.309604
0.499088 0.331399
0.489113 0.330558
0.476185 0.316715
0.477196 0.304066
0.502432 0.290376
0.504551 0.289458
0.504437 0.267991
0.475822 0.270039
0.440905 0.255051
0.412471 0.255408
0.419928 0.211472
0.409035 0.213881
0.396201 0.207422
0.359781 0.238201
0.356705 0.178672
0.383884 0.177916
0.385266 0.107152
0.399978 0.113690
0.430374 0.133200
0.443706 0.139213
0.429788 0.124504
0.420745 0.101004
0.418470 0.068958
0.433769 0.061543
0.429198 0.041493
0.400744 0.054947
0.395722 0.091402
0.368314 0.090075
0.362001 0.090424
0.353823 0.061616
0.344147 0.089752
0.360184 0.112062
0.319798 0.118155
0.322622 0.147568
0.310742 0.166246
0.288075 0.166501
0.284328 0.177272
0.280370 0.170515
0.254968 0.152735
0.278576 0.122278
0.277783 0.097544
0.276822 0.091292
0.245169 0.099376
0.242676 0.109803
0.240752 0.130085
0.226657 0.128906
0.185225 0.182474
0.179043 0.155447
0.178537 0.135345
0.189413 0.117799
0.142995 0.107416
0.129212 0.138153
0.129067 0.167974
0.138895 0.173340
0.124743 0.182164
0.114685 0.161340
0.076912 0.139266
0.055235 0.149471
0.029426 0.178058
0.030444 0.166267
0.040818 0.124958
0.092781 0.126559
0.091189 0.112673
0.078904 0.095289
0.084930 0.079499
0.077409 0.061003
0.075587 0.049151
0.065632 0.047734
0.058329 0.054063
0.035120 0.108039
0.024610 0.095693
0.004777 0.000458
0.022533 0.006637
0.030194 0.002083
0.043633 0.003516
0.125415 0.006146
0.167609 0.022253
0.201119 0.044896
0.200920 0.055510
0.198687 0.067405
0.179526 0.083360
0.209297 0.074628
0.238628 0.069855
0.256402 0.062147
0.267860 0.042669
0.253387 0.006170
0.270721 0.022764
0.294358 0.020628
0.309038 0.024916
0.297138 0.032245
0.286810 0.070263
0.307071 0.070462
0.306514 0.059182
0.314540 0.049959
0.315675 0.043091
0.335176 0.040023
0.334364 0.026918
0.355178 0.007219
0.405393 0.004978
0.426119 0.001070
0.439334 0.026147
0.478187 0.027793
0.455652 0.058083
0.472536 0.070742
0.469732 0.080095
0.468078 0.094213
0.473781 0.111326
0.485905 0.112754
0.501913 0.105992
0.462613 0.156790
0.472006 0.184600
0.444519 0.214630
0.439392 0.220576
0.462327 0.227343
0.516317 0.205345
0.526337 0.189608
0.516617 0.177447
0.519486 0.134652
0.524718 0.125861
0.561950 0.072152
0.578145 0.059738
0.603462 0.070393
0.609135 0.066554
0.615328 0.049737
0.596760 0.055560
0.576166 0.039865
0.557979 0.034811
0.523586 0.030357
0.571668 0.021689
0.579331 0.007650
0.586311 0.018711
0.609524 0.028072
0.612676 0.029363
0.612511 0.013011
0.649704 0.004314
0.657470 0.006482
0.664515 0.025364
0.677274 0.038310
0.665973 0.071819
0.636903 0.097892
0.658410 0.104835
0.680838 0.089233
0.701507 0.051346
0.723177 0.034569
0.791240 0.070504
0.817260 0.062262
0.832348 0.047044
0.824087 0.042832
0.806159 0.019721
0.811685 0.010291
0.820990 0.020123
0.840462 0.016389
0.857802 0.029455
0.882742 0.069183
0.903105 0.091673
0.918833 0.082868
0.919607 0.069992
0.945835 0.043963
0.937096 0.037363
0.950227 0.003769
0.994402 0.003208
0.981501 0.010761
0.966234 0.039207
0.973297 0.072831
0.998354 0.101710
0.992500 0.107884
0.988752 0.113498
0.984596 0.100860
0.955981 0.077377
0.949240 0.097558
0.934625 0.085583
0.924972 0.100406
0.844817 0.112322
0.838654 0.109007
0.824384 0.083592
0.803323 0.128951
0.768548 0.126636
0.760474 0.102425
0.752393 0.117335
0.745364 0.127976
0.724129 0.117568
0.728555 0.139589
0.699329 0.142242
0.730873 0.170093
0.737324 0.193618
0.678686 0.222662
0.672363 0.181962
0.667472 0.174140
0.659153 0.166970
0.626735 0.207471
0.619843 0.176949
0.614982 0.159169
0.593565 0.153689
0.565956 0.161193
0.544043 0.189163
0.536397 0.220499
0.521035 0.241021
0.568405 0.244622
0.619687 0.243739
0.630752 0.268945
0.634772 0.270180
0.645853 0.242865
0.648538 0.253612
0.657836 0.266046
0.640392 0.302978
0.669123 0.284338
0.735238 0.265738
0.782534 0.270191
0.768710 0.356823
0.777740 0.350318
0.787854 0.336090
0.798214 0.307151
0.829807 0.283081
0.830043 0.282418
0.841137 0.286610
0.843298 0.289886
0.862850 0.284940
0.886462 0.326296
0.901696 0.331521
0.922670 0.303125
0.915337 0.277101
0.921079 0.219808
0.930313 0.215416
0.935679 0.188266
0.903556 0.183733
0.890122 0.206319
0.899644 0.235804
0.870006 0.246032
0.855310 0.258137
0.858861 0.211221
0.851822 0.198114
0.845016 0.190703
0.817406 0.214258
0.806310 0.207339
0.776322 0.213415
0.767983 0.178771
0.748576 0.160542
0.776057 0.168537
0.803480 0.171981
0.813007 0.158660
0.816325 0.166882
0.819550 0.182420
0.863038 0.183262
0.891638 0.160846
0.898001 0.158715
0.919916 0.172352
0.950357 0.173846
0.959267 0.179428
0.955881 0.159411
0.971807 0.146666
0.972901 0.167723
0.969309 0.173421
0.974540 0.197524
0.984929 0.197867
0.982449 0.281306
0.998586 0.296333
0.984331 0.349114
0.931415 0.346821
0.916821 0.342630
0.881204 0.368023
0.905422 0.369988
0.927326 0.396913
0.945835 0.403254
0.982993 0.418012
0.995460 0.449124
0.978847 0.470258
0.969655 0.499688
0.942964 0.456717
0.939223 0.441514
0.914595 0.488922
0.924591 0.516028
0.924132 0.522514
0.958459 0.551091
0.953746 0.554576
0.961759 0.616264
0.949801 0.594347
0.934623 0.577105
0.901244 0.567458
0.881849 0.599395
0.876167 0.582794
0.887787 0.553149
0.870387 0.562143
0.841158 0.566336
0.830908 0.525256
0.821556 0.499436
0.797410 0.502107
0.784420 0.480815
0.839466 0.485434
0.841014 0.483476
0.846254 0.458900
0.875281 0.470013
0.879258 0.463876
0.874490 0.438431
0.920647 0.429581
0.916851 0.410608
0.890012 0.396978
0.871292 0.388417
0.854035 0.368409
0.858527 0.349315
0.854147 0.337949
0.830771 0.350712
0.827702 0.350310
0.819024 0.352279
0.826618 0.378448
0.854781 0.424516
0.832662 0.409369
0.822112 0.414037
0.808982 0.399355
0.784971 0.382332
0.761638 0.409756
0.742697 0.416055
0.698555 0.443928
0.731785 0.404526
0.739968 0.395664
0.765312 0.384639
0.749033 0.359990
0.710702 0.366059
0.697635 0.377365
0.713086 0.343539
0.699330 0.332222
0.669609 0.354578
0.665165 0.373492
0.650743 0.373040
0.646380 0.404843
0.641826 0.418734
0.649609 0.447545
0.656430 0.448915
0.657109 0.476950
0.651402 0.478747
0.623596 0.492098
0.595033 0.366568
0.587456 0.354490
0.579753 0.321540
0.595920 0.314611
0.592531 0.284144
0.533151 0.332642
0.555069 0.352100
0.581578 0.408641
0.567709 0.436068
0.568662 0.461220
0.556768 0.489286
0.556084 0.498166
0.566137 0.490981
0.574114 0.494465
0.598245 0.519165
0.543450 0.533950
0.511683 0.537540
0.530112 0.556101
0.516870 0.580502
0.538471 0.585923
0.565872 0.615123
0.546990 0.643324
0.539855 0.650150
0.509812 0.628071
0.488758 0.632775
0.455570 0.654124
0.461488 0.667637
0.445257 0.668860
0.423909 0.699465
0.383337 0.695210
0.351343 0.691471
0.342332 0.687297
0.356230 0.661275
0.389257 0.631202
0.389703 0.627607
0.413320 0.613346
0.454479 0.609696
0.454770 0.569606
0.463438 0.569884
0.459758 0.555716
0.447177 0.541338
0.426275 0.572536
0.399183 0.570701
0.376943 0.565101
0.390263 0.595126
0.363643 0.603810
0.350289 0.595850
0.345150 0.615007
0.345414 0.638890
0.310237 0.634912
0.289667 0.623729
0.271894 0.606632
0.322781 0.602382
0.343761 0.572401
0.355092 0.555215
0.328304 0.552549
0.324460 0.544560
0.352275 0.518567
0.351901 0.517415
0.357110 0.508713
0.382290 0.502908
0.380701 0.475219
0.359734 0.481056
0.332722 0.467452
0.336731 0.461213
0.372226 0.452951
0.385160 0.426504
0.361270 0.414444
0.360357 0.399952
0.354674 0.407015
0.328263 0.402609
0.323319 0.388181
0.320438 0.381525
0.326491 0.362940
0.341811 0.342267
0.291942 0.372180
0.285812 0.378594
0.244885 0.402837
0.265526 0.417112
0.299271 0.445449
0.310630 0.476796
0.277000 0.477998
0.277816 0.501414
0.280455 0.510278
0.262231 0.497945
0.236042 0.488546
0.230377 0.490099
0.226298 0.511091
0.185351 0.474922
0.176360 0.426683
0.134252 0.449650
0.129055 0.444748
0.114842 0.462350
0.130610 0.464572
0.151709 0.465850
0.131364 0.472878
0.115606 0.524372
0.153420 0.531458
0.200489 0.571210
0.197669 0.581704
0.205024 0.605902
0.223761 0.609668
0.226773 0.550292
0.250513 0.546449
0.254588 0.558668
0.269262 0.567864
0.251728 0.593117
0.235828 0.607738
0.262763 0.632108
0.240767 0.663570
0.221104 0.674044
0.220661 0.684343
0.209143 0.689633
0.193433 0.703902
0.199968 0.720991
0.214059 0.719813
0.225156 0.765324
0.231204 0.743913
0.235225 0.741758
0.246750 0.734016
0.254567 0.744511
0.260968 0.719498
0.255541 0.682569
0.269646 0.682483
0.274343 0.693770
0.328631 0.706260
0.326532 0.710130
0.333379 0.724209
0.347116 0.762422
0.335023 0.792283
0.331974 0.792007
0.313771 0.776126
0.316430 0.772992
0.312813 0.769785
0.267518 0.788995
0.251480 0.781973
0.248475 0.825508
0.294277 0.803849
0.343988 0.819557
0.335263 0.847161
0.351847 0.849258
0.364961 0.843091
0.368413 0.794229
0.377460 0.793698
0.423798 0.793299
0.433308 0.800090
0.448612 0.823059
0.465440 0.808028
0.463096 0.791414
0.469909 0.789285
0.481176 0.804504
0.498545 0.768382
0.493185 0.769668
0.458132 0.750703
0.441431 0.756620
0.420952 0.758727
0.420142 0.733026
0.476256 0.723029
0.492263 0.711106
0.512028 0.701511
0.539307 0.688030
0.537878 0.676444
0.558663 0.685388
0.562020 0.677461
0.565702 0.658717
0.571133 0.663704
0.622584 0.660172
0.645248 0.656615
0.645080 0.654197
0.656231 0.638769
0.650593 0.606124
0.631499 0.617800
0.631735 0.619717
0.608065 0.632842
0.585722 0.630737
0.584155 0.630222
0.593196 0.602886
0.583852 0.579433
0.604927 0.553895
0.613256 0.574883
0.632164 0.567206
0.637604 0.568400
0.654914 0.519936
0.685626 0.520035
0.695060 0.482351
0.728008 0.489362
0.748980 0.509476
0.763129 0.509067
0.758891 0.525598
0.755041 0.526393
0.752482 0.541015
0.714095 0.542443
0.703933 0.545075
0.713785 0.553209
0.812834 0.599133
0.823893 0.609749
0.794563 0.642452
0.802238 0.650668
0.778718 0.686988
0.770334 0.693670
0.745115 0.686685
0.735535 0.693872
0.746423 0.653973
0.751236 0.639180
0.738874 0.641840
0.712146 0.648731
0.718465 0.630568
0.685667 0.612432
0.679706 0.625669
0.658064 0.653700
0.658481 0.655571
0.694255 0.663877
0.682913 0.673921
0.649651 0.682264
0.655200 0.694363
0.642375 0.702584
0.669574 0.726922
0.691395 0.721929
0.702484 0.727002
0.709591 0.725119
0.754564 0.737352
0.766499 0.756102
0.783099 0.767805
0.803473 0.809618
0.798833 0.804571
0.791201 0.798691
0.775105 0.788339
0.757679 0.774297
0.740207 0.774410
0.720793 0.754758
0.725668 0.775957
0.724338 0.815966
0.718757 0.825827
0.713367 0.825588
0.687718 0.792807
0.670026 0.789889
0.644211 0.788771
0.631385 0.781144
0.604813 0.788460
0.610415 0.766019
0.612005 0.759184
0.612095 0.755580
0.607086 0.748425
0.617478 0.749959
0.653742 0.757868
0.673982 0.761038
0.648021 0.736812
0.648057 0.728078
0.620590 0.744460
0.601802 0.728920
0.616045 0.712145
0.598698 0.705220
0.591718 0.685326
0.569828 0.695151
0.577978 0.706332
0.566899 0.708695
0.523701 0.761046
0.572420 0.776971
0.534515 0.828704
0.524506 0.830567
0.527054 0.846202
0.534492 0.846775
0.536191 0.847830
0.556455 0.860603
0.571292 0.889264
0.572103 0.888905
0.621693 0.921367
0.622608 0.900171
0.641535 0.886131
0.651627 0.883631
0.626500 0.859107
0.597845 0.853304
0.583494 0.835489
0.588735 0.824953
0.598571 0.808974
0.619742 0.817714
0.649895 0.848858
0.677199 0.876036
0.707557 0.884137
0.706102 0.901880
0.699753 0.922847
0.721655 0.933356
0.721631 0.902352
0.740184 0.902829
0.753282 0.872724
0.774972 0.878410
0.801671 0.854173
0.807153 0.850442
0.806762 0.860965
0.824211 0.865591
0.846727 0.810683
0.890736 0.803102
0.907774 0.774030
0.915902 0.753194
0.921829 0.750367
0.945112 0.755367
0.933780 0.747983
0.931027 0.738622
0.915645 0.725309
0.896143 0.740989
0.891382 0.741650
0.862508 0.745721
0.845545 0.767528
0.839073 0.746493
0.796051 0.726852
0.815947 0.725923
0.830662 0.711602
0.822997 0.704746
0.811839 0.683723
0.827996 0.676032
0.844816 0.691522
0.862572 0.663276
0.853967 0.640118
0.900776 0.633736
0.923981 0.607820
0.931877 0.628008
0.947975 0.639082
0.947800 0.642390
0.971711 0.646233
0.966177 0.669517
0.914566 0.657608
0.917153 0.669061
0.907912 0.672083
0.890128 0.687072
0.904623 0.711876
0.916645 0.714903
0.923885 0.704644
0.955401 0.692772
0.964339 0.708896
0.971237 0.733914
0.957899 0.768646
0.952128 0.787918
0.929581 0.807926
0.921078 0.815817
0.916219 0.803878
0.887419 0.822770
0.877833 0.830397
0.849910 0.858649
0.858856 0.870084
0.858894 0.873460
0.867758 0.882879
0.865176 0.920161
0.871175 0.919551
0.892830 0.913649
0.905574 0.897422
0.920529 0.885138
0.919800 0.876501
0.904140 0.869268
0.921789 0.867910
0.932029 0.868754
0.963616 0.856999
0.959229 0.844815
0.952699 0.832057
0.962790 0.819553
0.990377 0.834381
0.975633 0.857476
0.980247 0.869225
0.955609 0.885832
0.995487 0.933012
0.994904 0.949401
0.957875 0.939255
0.958552 0.961220
0.958634 0.964639
0.946501 0.989324
0.937531 0.987609
0.903734 0.982489
0.905326 0.969817
0.866118 0.972998
0.872471 0.948122
0.854465 0.934427
0.841823 0.932319
0.817712 0.941078
0.792243 0.967270
0.815769 0.999235
0.774825 0.982732
0.758133 0.933056
0.749784 0.995885
0.708090 0.997305
0.685668 0.990442
0.693394 0.973954
0.678680 0.952869
0.644937 0.949665
0.621035 0.961995
0.604458 0.971586
0.573885 0.978889
0.553811 0.977853
0.543639 0.987248
0.534475 0.974567
0.522017 0.977859
0.534269 0.958258
0.544062 0.947960
0.555580 0.949020
0.557657 0.965043
0.586329 0.960390
0.578670 0.951729
0.578288 0.945601
0.547287 0.928447
0.517910 0.899276
0.536107 0.880391
0.506043 0.856662
0.495264 0.874630
0.484661 0.908864
0.492231 0.945868
0.498451 0.947549
0.486196 0.963371
0.497344 0.995205
0.468341 0.992859
0.444141 0.998292
0.436734 0.988197
0.450929 0.979804
0.426105 0.967976
0.423212 0.967739
0.419099 0.965870
0.428003 0.954168
0.435130 0.943245
0.449239 0.939688
0.467943 0.940989
0.468925 0.930500
0.457833 0.930154
0.464141 0.915991
0.464830 0.910708
0.425847 0.917323
0.431224 0.882004
0.451413 0.874557
0.467748 0.863881
0.448343 0.855894
0.416489 0.856740
0.383587 0.881097
0.384733 0.887955
0.369415 0.882881
0.340064 0.897127
0.331565 0.904562
0.317407 0.891037
0.319454 0.881649
0.309035 0.873502
0.275578 0.885636
0.250967 0.866033
0.244400 0.890923
0.309087 0.923948
0.309694 0.939477
0.318966 0.942362
0.318190 0.940752
0.323954 0.917320
0.348070 0.919218
0.370523 0.913859
0.399570 0.926870
0.396951 0.934436
0.398370 0.968362
0.394912 0.984397
0.354596 0.992438
0.302552 0.990056
0.285849 0.976518
0.266262 0.995786
0.257672 0.992196
0.239895 0.995507
0.225089 0.952156
0.185840 0.958599
0.189908 0.974540
0.187707 0.981423
0.177525 0.977763
0.157663 0.965154
0.134550 0.986966
0.119718 0.987770
0.107087 0.962458
0.075337 0.955480
0.046940 0.971132
0.040609 0.994507
0.005183 0.952143
0.048240 0.931447
0.042810 0.914696
0.046456 0.897798
0.039449 0.893991
0.041789 0.888411
0.042884 0.884596
0.022808 0.892429
0.016221 0.898464
0.011929 0.912125
0.002401 0.862438
0.027865 0.859334
0.035884 0.849042
0.054098 0.850665
0.026021 0.832116
0.014596 0.834277
0.004100 0.824423
0.004473 0.816281
0.052382 0.805977
0.065430 0.823303
0.076035 0.826050
0.068614 0.835388
0.078511 0.836356
0.097500 0.849420
0.103840 0.855858
0.089254 0.870912
0.073804 0.882836
0.071518 0.892115
0.076554 0.934287
0.104285 0.934941
0.145069 0.947620
0.178266 0.911387
0.171494 0.904535
0.199669 0.871004
0.223965 0.865311
0.228370 0.852558
0.223073 0.851751
0.222571 0.842655
0.205747 0.850473
0.177656 0.844164
0.184250 0.862272
0.180758 0.866665
0.175339 0.865125
0.169907 0.870833
0.138326 0.880257
0.125834 0.898140
0.114103 0.872963
0.135802 0.853626
0.148713 0.840466
0.138097 0.825825
0.127638 0.834332
0.114159 0.785016
0.120924 0.764344
0.130102 0.774532
0.152236 0.786915
0.154749 0.798749
0.170892 0.807957
0.194503 0.776612
0.187022 0.757881
0.161470 0.731590
0.127017 0.699024
0.136433 0.698752
0.177679 0.685915
0.162845 0.676987
0.149253 0.666484
0.121390 0.656425
0.121918 0.636468
0.099349 0.647043
0.086506 0.701744
0.098614 0.703246
0.095200 0.730737
0.100543 0.748000
0.095826 0.759207
0.054864 0.746614
0.065227 0.787540
0.042050 0.791863
0.026779 0.783541
0.007772 0.772963
