0.147238 0.263824
0.158173 0.271855
0.114665 0.262991
0.101968 0.272550
0.071945 0.264241
0.045801 0.302858
0.048441 0.316474
0.033933 0.300261
0.014395 0.294605
0.003342 0.292475
0.025868 0.283705
0.048592 0.268297
0.052000 0.265485
0.067943 0.240220
0.056261 0.235323
0.036574 0.224451
0.032115 0.204545
0.072842 0.177850
0.006252 0.151564
0.017565 0.109960
0.004867 0.104931
0.016069 0.101809
0.051229 0.081614
0.001032 0.044222
0.046610 0.018653
0.056754 0.002617
0.074839 0.003658
0.172561 0.006612
0.181020 0.016687
0.191628 0.043671
0.216149 0.069484
0.228224 0.083993
0.229209 0.046125
0.245787 0.009560
0.246906 0.004049
0.256957 0.000328
0.261033 0.002221
0.262133 0.018921
0.299309 0.014757
0.321827 0.023313
0.349457 0.020628
0.340503 0.051754
0.337898 0.057126
0.365135 0.060875
0.377018 0.015735
0.382028 0.003920
0.444183 0.022278
0.427458 0.041185
0.452408 0.069595
0.460551 0.046313
0.474890 0.035040
0.483806 0.017629
0.482821 0.047571
0.494279 0.079801
0.502383 0.044178
0.506773 0.044840
0.546463 0.043220
0.555434 0.040842
0.560098 0.000895
0.611844 0.000174
0.627731 0.009582
0.681283 0.009988
0.685178 0.026026
0.676553 0.022105
0.662058 0.017482
0.599228 0.029449
0.555715 0.087691
0.527985 0.093545
0.500089 0.099937
0.479896 0.125804
0.502599 0.156234
0.453475 0.151140
0.430475 0.161276
0.419031 0.134475
0.408156 0.119943
0.445483 0.107706
0.419924 0.105670
0.389563 0.093618
0.387604 0.130846
0.399751 0.154671
0.368364 0.160029
0.342371 0.203370
0.347185 0.209466
0.357891 0.211183
0.371481 0.236044
0.356302 0.241506
0.352112 0.242528
0.362063 0.255573
0.368216 0.277574
0.366421 0.282621
0.341072 0.279052
0.346743 0.272639
0.346193 0.253089
0.312802 0.252203
0.325785 0.271773
0.322316 0.288247
0.335240 0.297015
0.332900 0.311720
0.325155 0.319559
0.336461 0.331737
0.332774 0.343177
0.339564 0.345758
0.361326 0.359578
0.393665 0.371826
0.433933 0.377351
0.421797 0.336796
0.498361 0.331119
0.501049 0.326194
0.503535 0.315056
0.471387 0.309770
0.439334 0.296648
0.429311 0.288656
0.407245 0.294084
0.393013 0.321973
0.381969 0.295614
0.388760 0.258548
0.407924 0.215376
0.426697 0.224823
0.452290 0.212455
0.497634 0.214606
0.517276 0.246345
0.500683 0.278371
0.536818 0.261096
0.557342 0.248962
0.567100 0.244847
0.563129 0.260965
0.592856 0.268842
0.598649 0.205150
0.616895 0.196072
0.613489 0.171080
0.601929 0.157317
0.591555 0.162349
0.590613 0.171831
0.570739 0.169766
0.545260 0.196269
0.521691 0.200532
0.545552 0.180195
0.556966 0.155477
0.565209 0.162740
0.568123 0.156875
0.585030 0.141424
0.601023 0.145566
0.601697 0.122652
0.594393 0.092287
0.605093 0.075264
0.651206 0.092183
0.679411 0.117413
0.654569 0.124606
0.643771 0.133086
0.640615 0.133244
0.636567 0.128843
0.623247 0.119744
0.626486 0.159462
0.645333 0.208211
0.659976 0.205547
0.674691 0.214905
0.685780 0.264905
0.682256 0.264575
0.676699 0.267201
0.677778 0.301376
0.723450 0.264051
0.731132 0.276488
0.747352 0.271783
0.757269 0.254481
0.756406 0.247480
0.757927 0.229146
0.781712 0.219035
0.778423 0.198177
0.803305 0.173450
0.807928 0.166760
0.784196 0.171239
0.772591 0.184964
0.745508 0.188211
0.741204 0.238102
0.743322 0.241712
0.703612 0.247590
0.703535 0.232384
0.674307 0.190142
0.683270 0.166997
0.678805 0.163529
0.677356 0.127499
0.705605 0.117263
0.711653 0.160762
0.728923 0.167598
0.727070 0.149659
0.730026 0.125243
0.753984 0.127703
0.756505 0.121159
0.767591 0.107423
0.748971 0.051872
0.776798 0.036124
0.793054 0.011666
0.806596 0.058172
0.835687 0.069437
0.859154 0.039865
0.880967 0.050543
0.915396 0.032427
0.978465 0.014964
0.997887 0.049658
0.973453 0.061907
0.998590 0.078252
0.978680 0.096727
0.951385 0.119841
0.918309 0.085440
0.900649 0.080263
0.931265 0.122443
0.944748 0.143792
0.947810 0.168502
0.961533 0.202535
0.991248 0.212810
0.970664 0.241564
0.965017 0.247420
0.995510 0.254486
0.996190 0.293446
0.989206 0.281785
0.957785 0.264589
0.936783 0.299540
0.961420 0.316887
0.958649 0.325454
0.948413 0.334883
0.934348 0.338015
0.911372 0.347956
0.895625 0.335493
0.901320 0.355298
0.882577 0.376811
0.859393 0.322430
0.849097 0.295494
0.864906 0.264154
0.877284 0.264152
0.881130 0.273203
0.898118 0.283980
0.905385 0.282374
0.936465 0.278181
0.922843 0.265558
0.884590 0.227505
0.921581 0.243713
0.935414 0.241219
0.947075 0.228001
0.945022 0.196687
0.908739 0.153607
0.863500 0.153953
0.846630 0.221356
0.853795 0.247074
0.837536 0.257113
0.805386 0.316187
0.775017 0.313218
0.744489 0.346887
0.788625 0.325391
0.805393 0.346060
0.786283 0.348343
0.776263 0.374139
0.735521 0.380384
0.748892 0.384357
0.772915 0.396535
0.798435 0.407353
0.798167 0.400276
0.827048 0.376778
0.832984 0.373511
0.828701 0.421684
0.842253 0.448884
0.853284 0.442527
0.870724 0.418243
0.928480 0.398244
0.940379 0.376843
0.944495 0.376222
0.956348 0.388190
0.967290 0.387374
0.999120 0.404318
0.983657 0.418662
0.984884 0.431722
0.974457 0.474503
0.957393 0.514592
0.951620 0.490195
0.952397 0.472533
0.955530 0.463410
0.957835 0.461770
0.927421 0.435262
0.919557 0.460593
0.918450 0.470458
0.918565 0.516444
0.928696 0.533300
0.937311 0.535738
0.982984 0.545831
0.987272 0.593293
0.984648 0.627470
0.975617 0.639452
0.969453 0.633400
0.969527 0.616954
0.960254 0.589918
0.956880 0.591899
0.946882 0.597156
0.943825 0.599150
0.940088 0.573119
0.894014 0.513828
0.858132 0.542135
0.871523 0.519738
0.869192 0.503249
0.829795 0.471212
0.811138 0.450556
0.799575 0.437750
0.790909 0.455400
0.801427 0.454781
0.821851 0.482263
0.802626 0.490211
0.793925 0.524320
0.758631 0.531044
0.754586 0.506840
0.763622 0.492927
0.754557 0.485242
0.753120 0.463947
0.739580 0.437238
0.704682 0.451672
0.709881 0.480618
0.734962 0.481875
0.747419 0.496967
0.723035 0.541240
0.731519 0.555619
0.734249 0.577465
0.735477 0.593776
0.717880 0.603646
0.708964 0.604596
0.731820 0.631529
0.723590 0.648366
0.748042 0.645706
0.793365 0.627971
0.792186 0.621837
0.768437 0.605653
0.785017 0.593915
0.782144 0.576546
0.792701 0.576577
0.798200 0.569624
0.826361 0.561825
0.829939 0.560985
0.839889 0.590739
0.844230 0.595536
0.830528 0.615359
0.809041 0.645270
0.794864 0.665060
0.791546 0.671419
0.812839 0.660101
0.853471 0.655522
0.862113 0.648219
0.886321 0.652892
0.823368 0.699379
0.839618 0.712485
0.832464 0.749403
0.827292 0.757008
0.788210 0.722777
0.771192 0.768906
0.797329 0.790765
0.771394 0.794951
0.766846 0.809164
0.775430 0.815897
0.819023 0.828039
0.844816 0.803024
0.863201 0.801763
0.867373 0.811421
0.871138 0.806564
0.891982 0.783284
0.896282 0.763244
0.928156 0.747831
0.922702 0.740859
0.914222 0.742211
0.886156 0.705364
0.900292 0.710839
0.919536 0.702221
0.937865 0.691821
0.919464 0.683433
0.916668 0.681012
0.913838 0.663202
0.914676 0.658968
0.939420 0.671689
0.974819 0.670123
0.982025 0.687641
0.965449 0.715736
0.969234 0.758171
0.951766 0.767642
0.946051 0.775506
0.937666 0.791050
0.945174 0.794498
0.970544 0.802007
0.969153 0.855179
0.940626 0.851568
0.944336 0.896127
0.964493 0.885177
0.986473 0.905059
0.964571 0.954508
0.980473 0.971232
0.991393 0.992442
0.899721 0.995906
0.925939 0.971373
0.918367 0.927417
0.898847 0.896944
0.907885 0.842987
0.877515 0.854953
0.861995 0.865140
0.858103 0.873518
0.861783 0.885197
0.860808 0.886981
0.837186 0.890659
0.825146 0.878128
0.828504 0.936609
0.874720 0.966581
0.868748 0.971220
0.870930 0.997610
0.842593 0.981767
0.744354 0.985154
0.760437 0.959053
0.733383 0.927541
0.753621 0.904222
0.741280 0.886796
0.726918 0.881469
0.708707 0.904617
0.658966 0.903985
0.649034 0.884112
0.622514 0.889209
0.624253 0.902941
0.625562 0.908207
0.648374 0.924309
0.650079 0.946664
0.630227 0.999301
0.607928 0.982242
0.599497 0.963822
0.584314 0.996631
0.573626 0.995687
0.560648 0.992962
0.553435 0.991295
0.565159 0.983844
0.546836 0.947534
0.527713 0.983831
0.529162 0.986746
0.515697 0.984854
0.501918 0.994076
0.502956 0.987672
0.509725 0.973508
0.502865 0.966293
0.509221 0.956720
0.520663 0.939226
0.529768 0.919091
0.511228 0.914013
0.520728 0.902247
0.516110 0.897309
0.510686 0.897790
0.507163 0.865486
0.502032 0.860612
0.491190 0.862758
0.484222 0.882949
0.476088 0.878589
0.471050 0.858274
0.464842 0.850217
0.451470 0.836259
0.445093 0.837293
0.451266 0.875916
0.433619 0.895770
0.424108 0.886264
0.433074 0.869818
0.431462 0.844267
0.398408 0.820436
0.377534 0.821795
0.378811 0.836968
0.379369 0.844065
0.395322 0.852988
0.401486 0.887798
0.399340 0.903621
0.378403 0.899069
0.348142 0.895664
0.358061 0.901336
0.384032 0.919581
0.382071 0.931064
0.387051 0.929774
0.438478 0.922732
0.439398 0.962880
0.481215 0.961457
0.460815 0.984982
0.452683 0.984559
0.428382 0.993714
0.409870 0.970235
0.396319 0.970523
0.392682 0.954550
0.361906 0.966406
0.328601 0.974380
0.336802 0.940693
0.316830 0.929810
0.315457 0.924176
0.313700 0.881973
0.266970 0.923181
0.259084 0.950327
0.281944 0.968714
0.274034 0.999975
0.257488 0.979347
0.240261 0.998006
0.210034 0.998725
0.208645 0.956305
0.175296 0.966641
0.161170 0.992672
0.119709 0.970119
0.121477 0.964875
0.095189 0.957840
0.096204 0.965419
0.084836 0.974629
0.076454 0.983872
0.010992 0.967962
0.014374 0.945631
0.011301 0.916373
0.017821 0.906793
0.053844 0.913052
0.083309 0.936304
0.077211 0.922442
0.073514 0.909187
0.051997 0.903144
0.036241 0.879339
0.021742 0.875244
0.024578 0.867347
0.000623 0.863225
0.023674 0.854611
0.023119 0.848720
0.012014 0.827019
0.004315 0.824204
0.007916 0.809245
0.008556 0.792814
0.034449 0.832446
0.081309 0.855106
0.085093 0.856463
0.065028 0.830027
0.056081 0.813337
0.064761 0.794433
0.057578 0.789999
0.054055 0.773780
0.011489 0.753418
0.001767 0.703402
0.014850 0.659334
0.025656 0.621172
0.018700 0.593220
0.035517 0.614685
0.106541 0.631508
0.136790 0.655307
0.123378 0.678451
0.115021 0.664731
0.064006 0.666419
0.059817 0.729350
0.080941 0.747633
0.077522 0.762097
0.099647 0.753230
0.096054 0.731617
0.081474 0.712899
0.100057 0.705268
0.103035 0.710431
0.120683 0.705851
0.110736 0.746679
0.121117 0.751769
0.107442 0.804938
0.122573 0.819697
0.151650 0.801268
0.175640 0.787554
0.172616 0.800896
0.146086 0.827476
0.129437 0.840317
0.104411 0.852531
0.084167 0.864782
0.110971 0.876816
0.134143 0.861520
0.168464 0.898187
0.182609 0.881525
0.189836 0.889220
0.197478 0.911290
0.238175 0.899988
0.253530 0.858359
0.237334 0.835743
0.237050 0.832633
0.207790 0.854602
0.205684 0.818649
0.239173 0.785400
0.242792 0.774541
0.219712 0.745711
0.211335 0.747881
0.209772 0.733384
0.226880 0.731622
0.221326 0.711769
0.212807 0.718701
0.163635 0.750806
0.160336 0.751703
0.169866 0.712978
0.169718 0.696503
0.168393 0.667275
0.178314 0.673543
0.235134 0.692662
0.235461 0.698322
0.245260 0.696593
0.294788 0.728121
0.252320 0.736354
0.255534 0.739557
0.262404 0.752286
0.278604 0.766972
0.272416 0.773797
0.289974 0.787756
0.284969 0.805100
0.303153 0.791337
0.349314 0.788328
0.365105 0.766357
0.360758 0.758331
0.371781 0.754977
0.383105 0.751406
0.384368 0.755572
0.377533 0.767428
0.394967 0.770660
0.402667 0.747585
0.405834 0.743791
0.440441 0.755803
0.456488 0.764595
0.500453 0.802553
0.484981 0.836318
0.511786 0.852027
0.565100 0.878073
0.581965 0.850273
0.577520 0.838812
0.573655 0.831581
0.582517 0.803038
0.579967 0.785547
0.587986 0.780984
0.612236 0.777807
0.601898 0.795825
0.599725 0.808034
0.616804 0.825928
0.631966 0.826305
0.656538 0.856395
0.668369 0.881345
0.693265 0.887475
0.704881 0.852225
0.763059 0.837092
0.723860 0.832205
0.690110 0.814774
0.659635 0.805042
0.666621 0.802957
0.702917 0.790499
0.694278 0.780665
0.686961 0.754764
0.695415 0.747657
0.747830 0.729093
0.739374 0.720973
0.707041 0.708896
0.671289 0.703185
0.680066 0.680442
0.695741 0.679550
0.683608 0.623189
0.663974 0.624514
0.652452 0.610278
0.670139 0.604967
0.675606 0.581734
0.701206 0.519475
0.709769 0.512094
0.701783 0.508236
0.695064 0.520691
0.642904 0.497187
0.639018 0.471684
0.631403 0.482564
0.627361 0.486042
0.626539 0.489801
0.595216 0.513670
0.592654 0.511934
0.584565 0.511083
0.586816 0.473072
0.584737 0.451427
0.618197 0.442583
0.651147 0.430301
0.654895 0.420985
0.642886 0.407843
0.654061 0.411830
0.661013 0.424011
0.677164 0.422643
0.687271 0.434505
0.692775 0.408650
0.659869 0.395441
0.673781 0.370794
0.714284 0.394301
0.703338 0.367258
0.709325 0.337654
0.684967 0.356723
0.684287 0.360107
0.661987 0.330068
0.629521 0.351848
0.620547 0.364475
0.622567 0.385293
0.605534 0.407615
0.592521 0.388381
0.581384 0.367163
0.603010 0.358363
0.614824 0.311081
0.579641 0.315894
0.563556 0.323163
0.544643 0.368190
0.487753 0.352792
0.501725 0.363998
0.533185 0.445581
0.549062 0.456298
0.494857 0.450605
0.487740 0.439518
0.501947 0.423451
0.472162 0.416711
0.462277 0.435597
0.452494 0.438256
0.452158 0.442863
0.415636 0.454248
0.407877 0.458443
0.407991 0.434131
0.404196 0.428129
0.390560 0.441156
0.348723 0.398242
0.361269 0.431275
0.379540 0.460870
0.347960 0.473273
0.336286 0.475612
0.337120 0.492933
0.348729 0.495469
0.401458 0.529085
0.399174 0.511436
0.399722 0.508016
0.428127 0.495159
0.435482 0.491023
0.445621 0.501781
0.445309 0.545875
0.416914 0.554467
0.382774 0.581938
0.373746 0.588968
0.392292 0.590538
0.402844 0.617270
0.438525 0.628477
0.444963 0.627410
0.481200 0.607919
0.488099 0.639089
0.508725 0.655879
0.504533 0.667838
0.496159 0.684859
0.512615 0.672497
0.520960 0.668639
0.530901 0.672505
0.530554 0.690955
0.535406 0.692970
0.551708 0.647270
0.557493 0.608124
0.526689 0.604354
0.500688 0.603810
0.505641 0.570969
0.487578 0.567275
0.484183 0.543305
0.507898 0.526906
0.503932 0.511078
0.528746 0.514955
0.533421 0.484764
0.528689 0.476489
0.543016 0.480294
0.551228 0.503052
0.568596 0.522027
0.592851 0.545558
0.568701 0.554934
0.557006 0.552515
0.554437 0.567877
0.571029 0.569807
0.613277 0.576381
0.625403 0.582519
0.586753 0.603317
0.602399 0.632566
0.609871 0.630089
0.622214 0.642020
0.604893 0.662159
0.583693 0.637544
0.582145 0.647720
0.565482 0.656927
0.578250 0.687173
0.609347 0.695899
0.611208 0.688250
0.632432 0.675468
0.646460 0.700453
0.633370 0.700231
0.629037 0.716051
0.651341 0.745241
0.646172 0.759721
0.624545 0.732142
0.607318 0.725010
0.603173 0.740247
0.578645 0.748044
0.569685 0.718739
0.557819 0.746756
0.535115 0.753562
0.528182 0.771658
0.505705 0.720125
0.483624 0.721324
0.447259 0.724930
0.369212 0.739497
0.343083 0.729435
0.331803 0.722298
0.361520 0.720319
0.367506 0.709831
0.373566 0.714907
0.396873 0.720082
0.427831 0.698785
0.440533 0.667676
0.408084 0.669541
0.393190 0.673859
0.371159 0.674030
0.347673 0.676750
0.334030 0.674243
0.323746 0.690799
0.322798 0.685749
0.303102 0.657911
0.295651 0.655461
0.305026 0.647609
0.285809 0.630604
0.262861 0.643927
0.259325 0.671554
0.249173 0.667659
0.239794 0.642929
0.218514 0.648928
0.218513 0.606805
0.197926 0.599428
0.197985 0.584561
0.214788 0.574943
0.194582 0.547954
0.197996 0.546743
0.194145 0.493809
0.198827 0.500235
0.224058 0.516547
0.245293 0.510841
0.244241 0.558011
0.249389 0.577983
0.261439 0.591494
0.323225 0.611876
0.332598 0.635348
0.364558 0.611934
0.358769 0.599992
0.349665 0.589212
0.348554 0.606564
0.323642 0.599652
0.332213 0.568819
0.357684 0.567564
0.363633 0.560625
0.369893 0.568148
0.373885 0.559429
0.372907 0.557660
0.337373 0.548098
0.311968 0.544031
0.305792 0.547440
0.281644 0.570607
0.271372 0.529654
0.263205 0.526273
0.287847 0.499058
0.305240 0.492199
0.313232 0.486346
0.331317 0.451930
0.311862 0.433291
0.299670 0.419484
0.272130 0.399287
0.257381 0.418393
0.244418 0.390283
0.226547 0.383173
0.236394 0.404020
0.238680 0.413941
0.177075 0.478173
0.152036 0.481918
0.137507 0.487417
0.157788 0.506395
0.164372 0.517667
0.139161 0.533857
0.138528 0.533727
0.148268 0.549852
0.103569 0.602948
0.112157 0.531019
0.120145 0.523974
0.121639 0.514824
0.101107 0.527761
0.094811 0.520291
0.080243 0.511495
0.046865 0.523765
0.063761 0.498262
0.060692 0.497350
0.048072 0.482173
0.040698 0.479828
0.021468 0.473917
0.014704 0.476595
0.017156 0.470583
0.001356 0.357217
0.012403 0.375458
0.016525 0.382520
0.078295 0.430992
0.051196 0.434864
0.045011 0.455307
0.054705 0.472297
0.097703 0.497785
0.095892 0.487440
0.114827 0.458710
0.103988 0.450342
0.111677 0.432022
0.117428 0.441157
0.139812 0.463639
0.154923 0.451638
0.165946 0.454485
0.170420 0.452240
0.184874 0.440347
0.188550 0.441489
0.184095 0.424909
0.167384 0.421505
0.135447 0.415574
0.116618 0.389364
0.094758 0.367277
0.094150 0.358213
0.109916 0.332630
0.148891 0.393883
0.178803 0.407183
0.170457 0.383681
0.167055 0.382478
0.154626 0.368299
0.170167 0.348776
0.133998 0.319894
0.160607 0.289594
0.204017 0.289977
0.211697 0.289734
0.197771 0.317057
0.199227 0.354000
0.204385 0.380181
0.213829 0.364554
0.230735 0.352443
0.244050 0.327545
0.265303 0.311444
0.260423 0.303049
0.245213 0.287076
0.244110 0.276438
0.217357 0.263967
0.213329 0.234417
0.201500 0.235195
0.179749 0.228443
0.191893 0.222416
0.214428 0.211529
0.212056 0.184647
0.227645 0.181764
0.226384 0.191924
0.262636 0.232149
0.260625 0.240709
0.278571 0.275860
0.283573 0.316548
0.295456 0.310966
0.302523 0.296377
0.301416 0.274624
0.299414 0.258954
0.299480 0.213886
0.276442 0.196507
0.257364 0.174645
0.259720 0.167840
0.269211 0.146916
0.304480 0.130816
0.293175 0.158808
0.301661 0.160910
0.344895 0.161266
0.365800 0.152603
0.367549 0.130024
0.359092 0.123167
0.341109 0.124485
0.338478 0.121946
0.335115 0.085655
0.310703 0.109287
0.298313 0.108382
0.288501 0.114292
0.297298 0.075349
0.254293 0.081398
0.248634 0.079662
0.254075 0.088387
0.249023 0.094982
0.246846 0.111463
0.231005 0.149016
0.216893 0.139859
0.207054 0.148431
0.196354 0.161671
0.184112 0.114981
0.193716 0.081978
0.179337 0.082533
0.168958 0.074314
0.148320 0.074471
0.140132 0.069730
0.124062 0.070639
0.107679 0.057095
0.073989 0.057342
0.079969 0.082307
0.066140 0.100295
0.075200 0.125307
0.118809 0.110404
0.132827 0.099490
0.136403 0.106142
0.167374 0.097335
0.170011 0.128865
0.148277 0.139976
0.156308 0.153826
0.166079 0.158003
0.170025 0.164933
0.150752 0.177074
0.139692 0.188399
0.102704 0.172497
0.102048 0.178256
0.107079 0.182880
0.112159 0.191899
0.129006 0.192263
0.157755 0.211027
0.135053 0.243812
