0.738175 0.550127
0.738302 0.547202
0.740791 0.554611
0.752002 0.575253
0.755069 0.579678
0.772460 0.581052
0.789840 0.570250
0.791353 0.577106
0.808759 0.581074
0.803571 0.569631
0.795914 0.570012
0.804098 0.553208
0.804227 0.548156
0.803109 0.551039
0.799604 0.554261
0.798136 0.553449
0.765713 0.561748
0.763188 0.554191
0.771549 0.546912
0.774907 0.545158
0.778180 0.544427
0.778684 0.542706
0.778423 0.537043
0.781289 0.536584
0.773258 0.519928
0.768595 0.519736
0.761873 0.523099
0.750770 0.536246
0.746749 0.532190
0.746218 0.530972
0.754896 0.515590
0.746419 0.506136
0.720756 0.510672
0.721162 0.512750
0.711974 0.532675
0.705261 0.524610
0.696131 0.517682
0.706130 0.516384
0.712125 0.506982
0.713715 0.501917
0.705873 0.496345
0.705603 0.491351
0.708216 0.494225
0.713381 0.493036
0.726892 0.502464
0.730088 0.481175
0.726487 0.471624
0.727604 0.466741
0.735241 0.484141
0.746542 0.487541
0.755680 0.492861
0.756530 0.491791
0.761266 0.488143
0.772810 0.495194
0.758959 0.468169
0.770277 0.455272
0.765274 0.442496
0.753128 0.450196
0.740188 0.449308
0.735295 0.441132
0.727439 0.445326
0.726340 0.446347
0.722528 0.440462
0.717722 0.442557
0.708352 0.440495
0.720963 0.428734
0.732935 0.433598
0.725363 0.420697
0.709164 0.409312
0.693495 0.410787
0.703556 0.388159
0.715471 0.392140
0.713736 0.381998
0.711201 0.375785
0.719177 0.369917
0.727126 0.376804
0.731299 0.373260
0.731708 0.381066
0.734144 0.399939
0.746014 0.402751
0.748003 0.410777
0.752041 0.423295
0.758913 0.429593
0.762845 0.433582
0.764149 0.417594
0.781308 0.423811
0.790772 0.414035
0.777501 0.410154
0.772385 0.396466
0.784693 0.397388
0.792722 0.401734
0.809273 0.393813
0.811237 0.393123
0.830666 0.392995
0.833898 0.394224
0.838691 0.384670
0.846795 0.398846
0.838436 0.404781
0.835288 0.408123
0.835403 0.414679
0.835653 0.420158
0.833178 0.425713
0.812411 0.435356
0.806923 0.439432
0.792015 0.459184
0.776804 0.462594
0.781085 0.480463
0.806068 0.480066
0.790240 0.487428
0.789563 0.487617
0.786406 0.499042
0.797561 0.516131
0.821722 0.511470
0.825780 0.521576
0.815908 0.532148
0.829088 0.547090
0.838142 0.534853
0.836070 0.524421
0.851359 0.519282
0.854342 0.522811
0.864156 0.513608
0.870560 0.511593
0.874141 0.508661
0.874909 0.503230
0.898159 0.509287
0.896485 0.497558
0.904948 0.489251
0.917796 0.493888
0.930747 0.489885
0.932805 0.489119
0.931673 0.490986
0.933629 0.497821
0.935895 0.502347
0.938526 0.504241
0.936329 0.494965
0.946089 0.481456
0.954192 0.485280
0.960695 0.480541
0.966905 0.484292
0.965696 0.468211
0.977217 0.466866
0.975874 0.475763
0.977283 0.486420
0.979657 0.485721
0.999605 0.475090
0.998936 0.469930
0.999205 0.467309
0.997000 0.466505
0.999052 0.458901
0.997907 0.449499
0.989806 0.456784
0.986597 0.457761
0.983880 0.445749
0.971920 0.444121
0.956649 0.464419
0.946283 0.443885
0.940955 0.440519
0.952080 0.436774
0.955726 0.444103
0.966769 0.437251
0.972362 0.437282
0.983880 0.433991
0.999415 0.424743
0.996343 0.419870
0.999442 0.407704
0.987121 0.390669
0.981497 0.403242
0.973515 0.411825
0.974474 0.413025
0.978611 0.417920
0.961071 0.428556
0.957132 0.424175
0.956821 0.416945
0.940746 0.424365
0.930589 0.405216
0.938310 0.403357
0.945971 0.409648
0.953386 0.408363
0.948719 0.405916
0.949837 0.397748
0.966542 0.404219
0.966857 0.400730
0.962853 0.399232
0.953163 0.393777
0.948398 0.375773
0.956511 0.372730
0.965331 0.377104
0.961227 0.362747
0.953541 0.361591
0.953282 0.362594
0.940552 0.362913
0.924955 0.374190
0.924478 0.388680
0.918741 0.405356
0.921830 0.419046
0.916739 0.430164
0.911087 0.435333
0.909297 0.435771
0.921029 0.444059
0.913797 0.446677
0.908181 0.465058
0.902008 0.469295
0.881722 0.459027
0.870670 0.470801
0.872672 0.483724
0.871699 0.494090
0.857697 0.488168
0.844062 0.488157
0.839778 0.491677
0.840566 0.495604
0.833535 0.503662
0.833420 0.495644
0.829405 0.486414
0.816947 0.464173
0.827833 0.463670
0.831691 0.462562
0.855506 0.461074
0.856163 0.441913
0.857843 0.438403
0.863526 0.429096
0.847182 0.436609
0.843841 0.427184
0.849933 0.423831
0.857212 0.410497
0.859702 0.404546
0.862656 0.386238
0.874251 0.388598
0.884724 0.383457
0.884206 0.390490
0.878263 0.405630
0.876434 0.419463
0.898630 0.403686
0.908716 0.383796
0.912511 0.381709
0.907402 0.376040
0.916999 0.370561
0.914129 0.363880
0.903055 0.368561
0.900022 0.365212
0.896566 0.357344
0.892728 0.362016
0.873119 0.355756
0.865528 0.347548
0.854353 0.348255
0.863813 0.339875
0.872360 0.328503
0.890569 0.329026
0.892469 0.346838
0.900446 0.353786
0.907280 0.354927
0.908784 0.348688
0.910180 0.336483
0.909302 0.331330
0.924178 0.333847
0.921021 0.343170
0.934011 0.355083
0.939057 0.353156
0.942721 0.347056
0.953574 0.343887
0.956801 0.340238
0.966618 0.341407
0.971870 0.346413
0.964920 0.357444
0.975259 0.357226
0.974458 0.366931
0.978778 0.371997
0.996118 0.360920
0.981986 0.336354
0.986898 0.326861
0.973511 0.327182
0.970107 0.331008
0.960949 0.318073
0.950901 0.318562
0.947600 0.313961
0.919213 0.315974
0.913580 0.302176
0.924905 0.281297
0.931280 0.287986
0.944020 0.294112
0.945521 0.291336
0.965275 0.302411
0.967741 0.274559
0.974470 0.277676
0.984689 0.288186
0.989227 0.290589
0.994944 0.298160
0.998612 0.280639
0.996835 0.272832
0.993004 0.271805
0.977668 0.254583
0.975411 0.252238
0.982775 0.250159
0.991972 0.235134
0.993763 0.234016
0.997856 0.220774
0.986417 0.221316
0.985886 0.224315
0.984846 0.226931
0.976495 0.232578
0.974286 0.234113
0.969183 0.239475
0.968617 0.220113
0.963663 0.210849
0.958932 0.210733
0.948105 0.221336
0.933363 0.221556
0.928773 0.246329
0.934983 0.243623
0.936110 0.242232
0.945771 0.247624
0.950766 0.268059
0.932529 0.257747
0.925941 0.257992
0.930591 0.269266
0.923231 0.276142
0.917803 0.273909
0.912547 0.280409
0.902116 0.290084
0.900265 0.296898
0.899085 0.302929
0.902333 0.316437
0.898602 0.315146
0.895832 0.317643
0.888110 0.312436
0.875338 0.300783
0.884544 0.293728
0.871901 0.273299
0.865887 0.279250
0.839319 0.286644
0.835723 0.281360
0.836231 0.281071
0.847123 0.267788
0.848446 0.266986
0.849795 0.252881
0.854465 0.255892
0.858441 0.259837
0.867072 0.252464
0.868806 0.252643
0.873722 0.237613
0.883421 0.245450
0.883492 0.248306
0.901757 0.263851
0.895814 0.243482
0.900967 0.234586
0.913026 0.234443
0.909273 0.233317
0.903550 0.228617
0.905220 0.220640
0.912137 0.211910
0.896192 0.212901
0.884244 0.227151
0.876057 0.218449
0.886485 0.198414
0.888858 0.191895
0.894590 0.176933
0.888388 0.169751
0.876145 0.154419
0.887531 0.149821
0.892645 0.157892
0.909763 0.162706
0.911267 0.159130
0.905134 0.148394
0.899584 0.146990
0.898517 0.137933
0.896352 0.130542
0.891723 0.129550
0.883406 0.131981
0.874703 0.147352
0.867080 0.153234
0.851269 0.167506
0.856034 0.157366
0.860632 0.153063
0.859497 0.120760
0.865570 0.112893
0.865406 0.093419
0.845966 0.105182
0.842260 0.110479
0.843636 0.132275
0.827226 0.130751
0.806194 0.125577
0.802902 0.127340
0.806499 0.112280
0.787889 0.117675
0.794421 0.132595
0.786418 0.144822
0.788862 0.151645
0.786860 0.152078
0.783597 0.156549
0.791333 0.163343
0.766735 0.165086
0.759356 0.167745
0.756091 0.175010
0.755745 0.175265
0.754694 0.174997
0.758942 0.194696
0.750641 0.201469
0.741043 0.198597
0.732556 0.200264
0.726257 0.212147
0.718134 0.180714
0.710832 0.192138
0.690645 0.193957
0.689810 0.192830
0.684068 0.187456
0.683540 0.186620
0.674732 0.190086
0.674626 0.189149
0.674399 0.185665
0.683276 0.172020
0.710499 0.169624
0.718435 0.164428
0.736816 0.184296
0.745178 0.168879
0.734029 0.163465
0.730409 0.142924
0.738499 0.136357
0.752981 0.144937
0.758610 0.147952
0.761679 0.131457
0.771374 0.132323
0.769898 0.112873
0.760357 0.100996
0.758218 0.094837
0.743885 0.091504
0.734959 0.102910
0.725323 0.107427
0.732716 0.109373
0.737075 0.107878
0.746666 0.129111
0.735863 0.124935
0.706471 0.129991
0.707539 0.109817
0.698849 0.105236
0.699994 0.103063
0.707221 0.088527
0.685341 0.097350
0.683564 0.096738
0.684713 0.109688
0.695193 0.114559
0.697345 0.118736
0.690545 0.126013
0.686656 0.130587
0.686697 0.134601
0.697477 0.132739
0.698437 0.137435
0.706015 0.138017
0.693067 0.146848
0.678865 0.157372
0.674909 0.152205
0.679300 0.144949
0.674682 0.137326
0.661106 0.130719
0.657592 0.130977
0.659595 0.107787
0.658436 0.106480
0.637201 0.100059
0.664807 0.088896
0.674662 0.071332
0.656234 0.078027
0.655033 0.072353
0.650006 0.071931
0.659542 0.060185
0.666400 0.060560
0.671713 0.061162
0.659566 0.049436
0.657580 0.037990
0.669445 0.026800
0.688491 0.039501
0.687392 0.039511
0.679935 0.039968
0.677930 0.042425
0.677243 0.058854
0.690460 0.055076
0.697527 0.059415
0.699541 0.055355
0.708170 0.052720
0.716768 0.055731
0.725134 0.050013
0.726727 0.048453
0.726280 0.067912
0.714725 0.072192
0.727566 0.077753
0.738075 0.084290
0.728965 0.068189
0.737936 0.063366
0.764499 0.066517
0.768569 0.062896
0.765950 0.089206
0.780245 0.089705
0.776332 0.092947
0.775893 0.093813
0.776754 0.097024
0.774959 0.106206
0.787391 0.102091
0.786711 0.094444
0.785543 0.077393
0.792038 0.078116
0.791975 0.079836
0.797569 0.086406
0.803809 0.085615
0.803736 0.097182
0.813804 0.091131
0.830709 0.071515
0.839153 0.088039
0.843657 0.076293
0.846755 0.063574
0.858919 0.073294
0.869683 0.083813
0.869951 0.092668
0.884462 0.090115
0.891132 0.088962
0.891218 0.109169
0.892366 0.111653
0.919317 0.086634
0.920499 0.053589
0.925588 0.059986
0.933805 0.065912
0.938483 0.059028
0.956474 0.048635
0.965077 0.061814
0.951327 0.063394
0.951583 0.065733
0.939979 0.074668
0.956092 0.084079
0.957686 0.084644
0.941047 0.092960
0.949606 0.098900
0.950473 0.106206
0.934939 0.110781
0.930993 0.119056
0.913418 0.119238
0.919216 0.126228
0.926668 0.125600
0.923939 0.130539
0.935354 0.141465
0.916041 0.154010
0.924871 0.164075
0.931020 0.188309
0.943463 0.186075
0.949870 0.184427
0.958227 0.189864
0.963296 0.190718
0.973857 0.187620
0.973799 0.201238
0.987428 0.208997
0.983559 0.197976
0.989521 0.178852
0.992479 0.168478
0.985933 0.168932
0.985547 0.167802
0.964538 0.167298
0.959350 0.156445
0.967667 0.147886
0.977101 0.159608
0.982210 0.160678
0.983802 0.150489
0.980685 0.145273
0.988967 0.138789
0.992746 0.138751
0.981392 0.119414
0.980673 0.122241
0.972685 0.125452
0.964546 0.108665
0.965725 0.102028
0.980816 0.097470
0.983364 0.097418
0.987292 0.097764
0.987265 0.091416
0.985774 0.084080
0.993002 0.070023
0.993563 0.066330
0.982476 0.047634
0.992979 0.033729
0.994022 0.032994
0.994056 0.023389
0.996181 0.016372
0.983985 0.008670
0.974791 0.013852
0.973712 0.009088
0.965647 0.008108
0.965320 0.008567
0.956189 0.030257
0.945567 0.015889
0.940292 0.001512
0.917603 0.006206
0.906592 0.003330
0.929586 0.019435
0.913736 0.030661
0.916507 0.039254
0.895842 0.043785
0.888066 0.053476
0.893367 0.059513
0.905745 0.060695
0.899567 0.071521
0.892467 0.073370
0.884630 0.058538
0.880597 0.055042
0.889323 0.036494
0.891536 0.036643
0.894054 0.029373
0.906926 0.033122
0.907602 0.021300
0.901501 0.015088
0.896391 0.006070
0.893631 0.012625
0.887399 0.016990
0.876394 0.013101
0.866398 0.002585
0.864755 0.005950
0.852259 0.025059
0.847067 0.030888
0.845879 0.033430
0.872010 0.033538
0.873238 0.043998
0.870758 0.043550
0.861756 0.052670
0.846257 0.048273
0.833853 0.052312
0.823059 0.047924
0.826275 0.047234
0.842772 0.029818
0.829387 0.021613
0.822402 0.001798
0.822050 0.007457
0.805512 0.040416
0.799123 0.037164
0.794608 0.034808
0.794051 0.034793
0.790003 0.037030
0.788371 0.054344
0.794168 0.056700
0.810695 0.065762
0.793000 0.070212
0.777686 0.058615
0.767701 0.048108
0.778948 0.036307
0.775017 0.031672
0.774324 0.026316
0.792041 0.016609
0.779263 0.014803
0.775736 0.005464
0.772273 0.017071
0.764374 0.015260
0.747653 0.010647
0.745931 0.011963
0.727776 0.002849
0.726913 0.001742
0.731079 0.028161
0.730405 0.033512
0.737752 0.020082
0.740272 0.023629
0.746743 0.025382
0.753869 0.023296
0.754975 0.024981
0.759518 0.027052
0.758409 0.029669
0.743052 0.043418
0.742317 0.052447
0.737064 0.050139
0.731354 0.042724
0.725939 0.041840
0.713893 0.044925
0.708488 0.043249
0.701262 0.018758
0.685630 0.010779
0.681508 0.014867
0.674119 0.012635
0.671260 0.015983
0.657634 0.006657
0.651004 0.019394
0.644443 0.017162
0.627031 0.002841
0.623768 0.015073
0.609299 0.028660
0.602398 0.018449
0.598245 0.016563
0.590943 0.013744
0.593533 0.011066
0.592240 0.010687
0.584357 0.003917
0.576737 0.005677
0.569093 0.007752
0.573121 0.019588
0.574405 0.018380
0.586512 0.021784
0.583804 0.029510
0.584128 0.031164
0.583960 0.033691
0.572235 0.025348
0.562600 0.015176
0.553795 0.005251
0.552420 0.024928
0.547310 0.023222
0.537435 0.010724
0.532300 0.009538
0.530027 0.005841
0.526587 0.016118
0.515646 0.020043
0.508780 0.014098
0.508033 0.007826
0.497298 0.010439
0.504714 0.033625
0.509823 0.033805
0.520074 0.036581
0.529990 0.028480
0.529890 0.029466
0.535537 0.043310
0.544310 0.038000
0.549620 0.037798
0.567456 0.036354
0.560871 0.052735
0.554187 0.053363
0.536470 0.063927
0.527611 0.073435
0.529696 0.049356
0.519469 0.039085
0.517771 0.041389
0.507884 0.042439
0.504653 0.041844
0.497658 0.049103
0.504605 0.057959
0.505145 0.068162
0.512389 0.075597
0.514870 0.092115
0.507242 0.096805
0.515016 0.118903
0.524847 0.100238
0.526631 0.096819
0.540074 0.088999
0.543635 0.076365
0.558345 0.085663
0.563094 0.089944
0.575078 0.083964
0.580948 0.058218
0.588929 0.063348
0.599659 0.069616
0.601235 0.061681
0.607338 0.055611
0.615256 0.056565
0.621397 0.052126
0.619994 0.049057
0.624658 0.035965
0.629061 0.037275
0.633433 0.027295
0.641860 0.036940
0.640302 0.054414
0.640485 0.056688
0.638369 0.051011
0.633543 0.047333
0.630198 0.051750
0.617461 0.075612
0.597938 0.088489
0.600762 0.093991
0.610839 0.093418
0.619241 0.112895
0.608364 0.107286
0.589524 0.104813
0.587656 0.109733
0.587938 0.115372
0.609077 0.132625
0.608377 0.142715
0.613087 0.148626
0.614567 0.147245
0.628750 0.145052
0.639170 0.139838
0.656421 0.141182
0.658908 0.155542
0.662223 0.158519
0.653115 0.160608
0.642230 0.156388
0.639452 0.153243
0.632118 0.158536
0.636794 0.170667
0.642426 0.171337
0.642743 0.174820
0.635362 0.198488
0.650252 0.209967
0.661254 0.209445
0.658217 0.225411
0.673466 0.216274
0.677769 0.233542
0.683152 0.221907
0.690801 0.221180
0.689936 0.217503
0.692718 0.211481
0.695736 0.203561
0.708812 0.226333
0.728341 0.244264
0.723885 0.227945
0.729392 0.225276
0.736653 0.223883
0.757204 0.234839
0.785429 0.236648
0.801888 0.240321
0.801415 0.251442
0.824006 0.236669
0.832795 0.238056
0.819556 0.228416
0.822804 0.206384
0.819616 0.202183
0.806967 0.199391
0.805460 0.206423
0.799659 0.212214
0.776835 0.222337
0.773574 0.204689
0.784850 0.192108
0.788377 0.172594
0.800867 0.184843
0.807091 0.182971
0.813763 0.182189
0.806749 0.177560
0.816643 0.152986
0.821601 0.145771
0.827002 0.147241
0.833548 0.155202
0.831785 0.174748
0.850261 0.178023
0.865100 0.178799
0.867640 0.180657
0.858447 0.186211
0.848190 0.190893
0.856649 0.200103
0.863858 0.203038
0.865585 0.203964
0.871341 0.203579
0.861915 0.212295
0.850652 0.218727
0.844032 0.226565
0.854899 0.229625
0.861913 0.231185
0.858741 0.240152
0.844728 0.246100
0.831789 0.249775
0.825301 0.251650
0.823939 0.260321
0.821396 0.267976
0.814436 0.282057
0.802938 0.287566
0.794971 0.292291
0.792069 0.305618
0.807855 0.300490
0.809196 0.309591
0.820985 0.304222
0.821352 0.314687
0.824914 0.323745
0.824922 0.326054
0.828920 0.322214
0.831667 0.322435
0.828756 0.316119
0.833623 0.317484
0.849303 0.306908
0.855106 0.300247
0.853892 0.312374
0.840749 0.326633
0.841820 0.331416
0.844780 0.345171
0.843520 0.347899
0.846165 0.357634
0.833304 0.351493
0.816278 0.358772
0.817092 0.362789
0.824333 0.376713
0.816436 0.379473
0.787800 0.374238
0.798233 0.370776
0.800962 0.369022
0.804487 0.369163
0.810294 0.354715
0.804101 0.353856
0.789142 0.352610
0.781360 0.341994
0.787646 0.338562
0.800719 0.344319
0.802790 0.331301
0.797517 0.310332
0.779855 0.319446
0.773705 0.327551
0.770630 0.324907
0.764494 0.325386
0.759482 0.324423
0.763631 0.339977
0.769046 0.339978
0.771523 0.347687
0.780354 0.351569
0.783981 0.352210
0.781578 0.359939
0.754920 0.365709
0.763560 0.386005
0.762714 0.387864
0.758831 0.394754
0.749405 0.390554
0.744041 0.380853
0.749790 0.355397
0.748383 0.353230
0.750319 0.349533
0.748582 0.345966
0.733292 0.345078
0.729780 0.347444
0.716877 0.342294
0.707956 0.336402
0.692753 0.337420
0.697598 0.329330
0.705111 0.325287
0.708331 0.319173
0.712392 0.309500
0.710717 0.333836
0.728273 0.343895
0.730838 0.344330
0.732470 0.342029
0.734160 0.336232
0.765076 0.312299
0.751983 0.308893
0.740826 0.298431
0.753747 0.293969
0.761169 0.294101
0.765980 0.299255
0.770823 0.300277
0.774524 0.303228
0.781082 0.295627
0.786837 0.286287
0.788803 0.276740
0.797677 0.271596
0.757640 0.269864
0.745072 0.247875
0.724234 0.262593
0.719620 0.258306
0.710546 0.274308
0.717479 0.278829
0.730496 0.283033
0.723640 0.288122
0.719897 0.297605
0.706486 0.291862
0.696911 0.278321
0.699937 0.269446
0.698788 0.266210
0.687445 0.264894
0.694197 0.238729
0.684285 0.240890
0.663631 0.242536
0.661711 0.243605
0.658820 0.248689
0.654837 0.248286
0.652218 0.261111
0.646831 0.252938
0.648941 0.246706
0.643574 0.241250
0.642504 0.239693
0.630033 0.249139
0.626052 0.233257
0.620574 0.233467
0.612726 0.232588
0.614738 0.225674
0.614234 0.216730
0.602673 0.212083
0.599661 0.209353
0.595790 0.226518
0.603072 0.229505
0.600528 0.237306
0.599285 0.242009
0.610889 0.256796
0.593310 0.251508
0.588896 0.254459
0.587045 0.247977
0.585343 0.251062
0.575448 0.257281
0.570736 0.252215
0.560297 0.255659
0.563670 0.271611
0.566622 0.271096
0.574446 0.274144
0.580645 0.273385
0.581665 0.271601
0.592213 0.267346
0.595094 0.272418
0.602669 0.276279
0.601891 0.291873
0.584882 0.307804
0.582118 0.299279
0.579560 0.302758
0.574545 0.300954
0.571344 0.307127
0.561401 0.333776
0.559065 0.305761
0.552057 0.301374
0.546041 0.298224
0.537966 0.293090
0.531075 0.288416
0.533183 0.301536
0.534929 0.306803
0.531213 0.320210
0.528149 0.304956
0.521124 0.299724
0.515461 0.301252
0.515736 0.299653
0.510455 0.296221
0.512107 0.293957
0.516828 0.292922
0.523768 0.287993
0.519326 0.285031
0.501660 0.289280
0.494138 0.295015
0.491638 0.293173
0.487877 0.274437
0.475347 0.273942
0.471701 0.275424
0.470935 0.284806
0.473461 0.289030
0.466314 0.289477
0.443576 0.286778
0.436299 0.280535
0.436028 0.281914
0.443345 0.298303
0.437078 0.306572
0.434000 0.316817
0.448068 0.323769
0.421969 0.340132
0.413483 0.347303
0.401623 0.341041
0.400770 0.334761
0.413212 0.320754
0.413871 0.314378
0.404777 0.317225
0.402704 0.310091
0.396428 0.303561
0.407919 0.300094
0.420137 0.299195
0.418459 0.291103
0.429999 0.283045
0.411858 0.272945
0.403843 0.267131
0.402136 0.269534
0.398250 0.266827
0.395439 0.270438
0.395320 0.271049
0.392103 0.271060
0.388943 0.278433
0.374390 0.275093
0.376263 0.271131
0.370367 0.264907
0.386706 0.269049
0.388810 0.268412
0.402912 0.252849
0.414580 0.256674
0.430408 0.268358
0.438145 0.254245
0.440779 0.249497
0.441441 0.244915
0.451773 0.237071
0.459611 0.251801
0.460037 0.262031
0.470851 0.233755
0.442825 0.225927
0.435887 0.224645
0.429920 0.217118
0.425185 0.221546
0.419051 0.232182
0.424022 0.240886
0.413423 0.245544
0.408517 0.234648
0.402593 0.219609
0.406832 0.212143
0.403516 0.207097
0.416278 0.202105
0.407447 0.194182
0.415159 0.189322
0.414865 0.188067
0.424797 0.185963
0.437003 0.157873
0.437458 0.171558
0.433687 0.193491
0.427338 0.203999
0.452551 0.218985
0.450524 0.194865
0.465063 0.192055
0.466780 0.197688
0.466052 0.201591
0.470557 0.212012
0.475515 0.207703
0.483885 0.208947
0.474709 0.187203
0.486952 0.197545
0.492325 0.197116
0.494059 0.212407
0.503788 0.223808
0.503286 0.227391
0.510673 0.228070
0.515320 0.232175
0.530159 0.237825
0.511149 0.244133
0.505474 0.246232
0.504249 0.245153
0.499794 0.241580
0.494660 0.231544
0.480813 0.232400
0.484225 0.247551
0.493988 0.248101
0.517099 0.259040
0.515472 0.267926
0.520017 0.273943
0.527217 0.274338
0.534163 0.269868
0.539228 0.246335
0.546935 0.246070
0.564846 0.246415
0.575702 0.235341
0.565302 0.236067
0.554134 0.238859
0.542350 0.225021
0.537841 0.219950
0.546931 0.205853
0.557390 0.213237
0.559569 0.223381
0.568141 0.215013
0.568666 0.199617
0.580930 0.200356
0.578667 0.207013
0.588796 0.211712
0.589986 0.204971
0.585085 0.200676
0.590001 0.193136
0.595983 0.183870
0.605760 0.186703
0.620127 0.180530
0.611183 0.177567
0.604187 0.163847
0.588602 0.164614
0.588537 0.159259
0.574409 0.141802
0.581496 0.139869
0.587489 0.133486
0.576608 0.131345
0.564844 0.128464
0.573070 0.111320
0.556032 0.120472
0.542537 0.114965
0.547877 0.132058
0.559257 0.148382
0.564015 0.161220
0.572701 0.166179
0.580907 0.166625
0.564397 0.189440
0.561199 0.187409
0.560893 0.180094
0.557082 0.177548
0.558267 0.168768
0.552415 0.163653
0.556180 0.156668
0.545552 0.153184
0.536538 0.159112
0.523984 0.172815
0.525459 0.179337
0.527714 0.183910
0.536867 0.188250
0.538346 0.189723
0.543866 0.191556
0.540504 0.194760
0.539034 0.194849
0.529229 0.202350
0.528519 0.202776
0.526478 0.198969
0.520639 0.195068
0.523512 0.205655
0.523581 0.210380
0.511726 0.206857
0.512628 0.203198
0.499747 0.193836
0.505772 0.186972
0.492336 0.176102
0.485056 0.175913
0.475220 0.162791
0.447838 0.162034
0.458605 0.151452
0.455467 0.139514
0.464633 0.137280
0.468380 0.137353
0.486515 0.133479
0.485566 0.146651
0.479807 0.152448
0.481269 0.155265
0.496676 0.148530
0.509988 0.163621
0.516296 0.155206
0.519154 0.158076
0.529250 0.145379
0.533486 0.134368
0.525904 0.126785
0.514874 0.131822
0.510127 0.122007
0.492577 0.126842
0.497645 0.104539
0.494325 0.100320
0.505986 0.091068
0.496914 0.091715
0.494654 0.088416
0.486453 0.106531
0.482699 0.120830
0.472859 0.116020
0.476580 0.106223
0.465289 0.099789
0.460947 0.101727
0.461091 0.110465
0.458138 0.115542
0.439699 0.125480
0.435554 0.114625
0.427778 0.121282
0.425777 0.130549
0.409733 0.122873
0.416088 0.119697
0.420196 0.112192
0.419346 0.102703
0.406627 0.113565
0.401188 0.104887
0.386042 0.105729
0.384056 0.108399
0.385033 0.120740
0.380324 0.125239
0.368569 0.126291
0.361491 0.130679
0.353937 0.122948
0.354083 0.117972
0.340854 0.119714
0.337558 0.118766
0.338669 0.104009
0.358018 0.100839
0.372798 0.110566
0.362208 0.089859
0.363198 0.087757
0.359727 0.086593
0.346521 0.077574
0.357106 0.074175
0.357252 0.075289
0.370812 0.081187
0.378912 0.084865
0.382773 0.095173
0.397551 0.081668
0.408252 0.073663
0.428139 0.085157
0.427883 0.091084
0.418579 0.098944
0.430003 0.095630
0.440054 0.105365
0.438568 0.101980
0.438719 0.096094
0.445628 0.085163
0.446328 0.078833
0.464541 0.080760
0.468472 0.081992
0.468189 0.073706
0.476279 0.078261
0.489181 0.086938
0.481185 0.075006
0.482822 0.072545
0.483664 0.064247
0.477569 0.062225
0.478159 0.052622
0.482460 0.044706
0.491327 0.036619
0.496571 0.035344
0.497176 0.030031
0.491651 0.032786
0.482469 0.027307
0.486239 0.016588
0.484238 0.001816
0.481951 0.003187
0.468404 0.007043
0.465041 0.015040
0.456827 0.010525
0.458551 0.020571
0.455606 0.024105
0.440555 0.031689
0.439958 0.033316
0.440171 0.039961
0.442678 0.040079
0.452170 0.032587
0.456206 0.030445
0.466563 0.032685
0.469685 0.034607
0.466650 0.044041
0.466753 0.054155
0.464074 0.068550
0.457910 0.054365
0.438901 0.048396
0.437101 0.057448
0.432975 0.055818
0.417462 0.051851
0.424895 0.045501
0.423665 0.034718
0.430932 0.035611
0.432616 0.018978
0.436187 0.016788
0.436656 0.003528
0.426529 0.006762
0.418373 0.025291
0.413025 0.033808
0.411122 0.046116
0.403231 0.036712
0.404003 0.018488
0.411569 0.003963
0.397818 0.006537
0.391255 0.009450
0.387153 0.007669
0.377998 0.035345
0.381545 0.048127
0.384038 0.060563
0.388885 0.064311
0.382631 0.075941
0.372131 0.072512
0.362868 0.059747
0.362860 0.057313
0.354188 0.031014
0.350369 0.031396
0.347423 0.029277
0.358854 0.020351
0.364531 0.018284
0.367840 0.005451
0.337889 0.010812
0.332470 0.013463
0.330740 0.015228
0.321265 0.012397
0.328230 0.017660
0.330602 0.023987
0.334445 0.031609
0.332727 0.033439
0.330765 0.037603
0.329262 0.037994
0.321785 0.037510
0.318370 0.036962
0.315090 0.029210
0.319732 0.026536
0.320247 0.024474
0.316179 0.018746
0.305507 0.005990
0.307675 0.016767
0.306354 0.018619
0.305180 0.017794
0.294343 0.031599
0.292014 0.009432
0.280769 0.017865
0.278793 0.018531
0.273453 0.006146
0.244481 0.003448
0.235271 0.001548
0.250509 0.023524
0.269408 0.042575
0.278411 0.050947
0.287451 0.053664
0.290762 0.065069
0.295186 0.049420
0.281250 0.041372
0.296293 0.040892
0.314216 0.053277
0.306837 0.066152
0.318054 0.063361
0.335037 0.052676
0.342054 0.060667
0.329836 0.072061
0.317940 0.071146
0.316978 0.074022
0.320592 0.086985
0.320029 0.103017
0.327412 0.100218
0.331600 0.110960
0.324769 0.120211
0.314299 0.114013
0.304798 0.117117
0.303153 0.129012
0.304892 0.131319
0.288031 0.143511
0.287489 0.154866
0.277638 0.167353
0.301079 0.165832
0.300049 0.176016
0.302775 0.174122
0.307564 0.172206
0.310331 0.173150
0.318666 0.172328
0.330010 0.168609
0.329802 0.143622
0.345512 0.167626
0.356946 0.163126
0.350288 0.149770
0.356314 0.145255
0.362687 0.150508
0.363308 0.149522
0.375251 0.139917
0.383045 0.134463
0.387118 0.129901
0.408910 0.143267
0.411897 0.141491
0.413427 0.159532
0.391555 0.167024
0.388785 0.162941
0.380429 0.160513
0.368690 0.175429
0.383924 0.183823
0.381780 0.185998
0.373719 0.189850
0.360706 0.179612
0.353240 0.177615
0.360271 0.191821
0.353728 0.201853
0.354735 0.202733
0.345710 0.216554
0.376815 0.209676
0.363858 0.221281
0.365920 0.227023
0.373439 0.232267
0.373711 0.241819
0.366187 0.236791
0.361413 0.234667
0.356192 0.235517
0.349779 0.235781
0.343315 0.257542
0.350148 0.265884
0.355133 0.273701
0.350863 0.283735
0.333092 0.281304
0.344984 0.299423
0.360972 0.303737
0.363705 0.304331
0.387071 0.312450
0.379918 0.326942
0.375547 0.329114
0.374782 0.331022
0.370050 0.326726
0.366377 0.330703
0.362561 0.337993
0.352627 0.341882
0.344505 0.351590
0.345743 0.358296
0.342679 0.358866
0.340713 0.346367
0.333425 0.343594
0.329339 0.334675
0.326161 0.333168
0.337585 0.326855
0.341784 0.316870
0.352597 0.314404
0.344937 0.309673
0.336748 0.308315
0.330693 0.299630
0.329816 0.299316
0.329107 0.301054
0.322670 0.308895
0.315960 0.305299
0.316759 0.322622
0.309139 0.321983
0.296840 0.317600
0.300441 0.298729
0.276433 0.302163
0.267393 0.298425
0.260753 0.321660
0.276971 0.322730
0.282710 0.326250
0.292691 0.334958
0.307885 0.345736
0.316048 0.347741
0.306115 0.351301
0.300963 0.362872
0.306152 0.361479
0.313909 0.360926
0.316886 0.362153
0.337234 0.375041
0.340539 0.376911
0.329540 0.380664
0.312235 0.377114
0.312814 0.378089
0.310004 0.387181
0.301144 0.378770
0.277325 0.364397
0.260625 0.355966
0.271635 0.349393
0.262169 0.338725
0.252216 0.341895
0.251095 0.339799
0.236332 0.330530
0.246263 0.341872
0.250032 0.356009
0.261277 0.361761
0.272115 0.375904
0.272276 0.391504
0.248921 0.404119
0.252682 0.418428
0.248148 0.424590
0.245258 0.426879
0.247779 0.441841
0.249052 0.450674
0.246915 0.451547
0.238941 0.459482
0.226746 0.436889
0.222766 0.413593
0.237790 0.405929
0.246548 0.385384
0.248268 0.386328
0.250975 0.384742
0.240526 0.374569
0.227293 0.376436
0.220621 0.367702
0.218192 0.364324
0.235682 0.358524
0.210457 0.342408
0.204923 0.348642
0.199642 0.356501
0.201433 0.358434
0.200863 0.372474
0.193943 0.377768
0.205998 0.379052
0.207633 0.377135
0.211803 0.383494
0.215421 0.386439
0.197241 0.385891
0.191911 0.390124
0.191256 0.399256
0.202470 0.395905
0.203538 0.405969
0.196758 0.414144
0.184888 0.423153
0.177717 0.440627
0.171869 0.438938
0.170874 0.442568
0.160900 0.437112
0.157207 0.443474
0.151687 0.439201
0.150488 0.433770
0.153031 0.426763
0.173910 0.416591
0.168656 0.410712
0.169017 0.403253
0.169075 0.392292
0.150815 0.392743
0.146357 0.399982
0.141085 0.399500
0.142753 0.403912
0.148658 0.419355
0.138983 0.424215
0.131909 0.424449
0.138000 0.408523
0.122409 0.395949
0.120700 0.404105
0.118801 0.403517
0.115547 0.398377
0.110906 0.390328
0.106043 0.387850
0.112071 0.384172
0.113440 0.386646
0.120177 0.386860
0.129193 0.364833
0.104323 0.351150
0.099080 0.347521
0.092601 0.351303
0.099232 0.359355
0.081354 0.360048
0.078859 0.359996
0.076685 0.350799
0.073826 0.339062
0.068600 0.335411
0.066581 0.334082
0.078017 0.331611
0.084180 0.334576
0.088480 0.334886
0.086383 0.333033
0.086654 0.332032
0.077180 0.320111
0.083773 0.310115
0.091456 0.311001
0.086566 0.302208
0.085215 0.292875
0.093509 0.297067
0.098491 0.297159
0.098845 0.313354
0.097138 0.319589
0.101135 0.323753
0.104482 0.319134
0.113689 0.329622
0.124304 0.320746
0.107120 0.313734
0.112401 0.306904
0.103189 0.284493
0.104552 0.281666
0.092647 0.275433
0.083899 0.278647
0.080164 0.261607
0.087325 0.260171
0.078718 0.245768
0.084501 0.235017
0.065865 0.230883
0.058718 0.241500
0.044201 0.232972
0.037845 0.205837
0.036727 0.202974
0.035924 0.193292
0.041637 0.190134
0.048112 0.179853
0.056978 0.175393
0.066502 0.177267
0.069325 0.176851
0.074438 0.173526
0.074170 0.178275
0.076671 0.188764
0.082738 0.193776
0.071862 0.206845
0.065198 0.195515
0.060624 0.200275
0.054998 0.200665
0.059376 0.204219
0.059846 0.211447
0.078383 0.216951
0.091329 0.204801
0.095900 0.197552
0.100721 0.196223
0.100533 0.204084
0.118679 0.210301
0.124811 0.209059
0.139724 0.220801
0.127025 0.205948
0.122037 0.200776
0.121999 0.197927
0.133010 0.190139
0.133407 0.189076
0.132712 0.185932
0.133170 0.185181
0.134766 0.165107
0.144652 0.165587
0.145114 0.166938
0.147671 0.177295
0.149714 0.181312
0.154114 0.185558
0.154674 0.188477
0.156357 0.194970
0.162904 0.189414
0.161113 0.172218
0.171485 0.176989
0.176821 0.175694
0.192875 0.167243
0.190838 0.177511
0.183852 0.179755
0.181295 0.182569
0.181477 0.189785
0.179783 0.193514
0.174197 0.212748
0.167636 0.210484
0.156719 0.202593
0.158677 0.209526
0.166298 0.218639
0.176415 0.223570
0.172296 0.233603
0.156296 0.232081
0.164257 0.238093
0.170386 0.253120
0.171869 0.254512
0.175266 0.264119
0.170554 0.263008
0.161936 0.255996
0.148559 0.276043
0.144262 0.261625
0.135620 0.254952
0.133288 0.247224
0.120779 0.237453
0.119955 0.231082
0.116236 0.230531
0.110638 0.238538
0.104977 0.237944
0.098636 0.239862
0.133286 0.262399
0.121532 0.267631
0.120622 0.267122
0.116576 0.281698
0.118242 0.285539
0.132826 0.292866
0.141218 0.298161
0.146697 0.299052
0.139802 0.305705
0.141118 0.319841
0.149250 0.317732
0.159782 0.314177
0.160131 0.329527
0.147145 0.334562
0.143189 0.334355
0.138753 0.338552
0.145887 0.344686
0.152642 0.338450
0.159237 0.345622
0.169365 0.343966
0.165865 0.355605
0.154497 0.359979
0.156758 0.364860
0.167369 0.370006
0.178135 0.367076
0.180250 0.364284
0.184094 0.348765
0.187064 0.348794
0.193085 0.337589
0.192229 0.331572
0.194152 0.323207
0.180611 0.312657
0.176180 0.314325
0.171539 0.318335
0.168477 0.309931
0.166791 0.297664
0.167990 0.296163
0.163377 0.292917
0.158360 0.281135
0.173642 0.279640
0.180968 0.278157
0.181301 0.268324
0.182109 0.265168
0.195406 0.266333
0.182505 0.286825
0.186146 0.309419
0.204304 0.321066
0.221210 0.321492
0.228533 0.318694
0.228861 0.302302
0.230305 0.289238
0.225765 0.281085
0.228598 0.278337
0.223529 0.274880
0.216991 0.272062
0.235245 0.269336
0.232864 0.278077
0.234711 0.278537
0.236823 0.282096
0.242424 0.288648
0.249851 0.270965
0.246233 0.252182
0.251730 0.253249
0.255555 0.252367
0.260704 0.237466
0.233369 0.237875
0.231359 0.233586
0.225399 0.226261
0.217737 0.226485
0.211098 0.231008
0.217960 0.243384
0.208835 0.247457
0.196584 0.238840
0.190423 0.234700
0.181778 0.230052
0.195697 0.214879
0.235269 0.209628
0.251723 0.205264
0.255020 0.209140
0.266562 0.217167
0.264492 0.226163
0.277975 0.217928
0.288784 0.247068
0.286033 0.262010
0.302363 0.265794
0.302331 0.278438
0.304493 0.277812
0.313234 0.281989
0.321527 0.277562
0.313607 0.261879
0.315182 0.256289
0.321216 0.250443
0.326537 0.246877
0.315412 0.236814
0.313426 0.241491
0.309734 0.247841
0.304788 0.238483
0.307214 0.211346
0.294573 0.204589
0.287384 0.194234
0.278873 0.195165
0.290268 0.210972
0.281615 0.216163
0.264896 0.201312
0.255664 0.193751
0.256734 0.188195
0.255423 0.187492
0.256367 0.174125
0.260153 0.171457
0.251234 0.166291
0.252395 0.160068
0.254793 0.162345
0.276884 0.162228
0.269805 0.154086
0.260905 0.140409
0.255102 0.140908
0.239712 0.142177
0.246846 0.154161
0.247094 0.154819
0.247329 0.157780
0.233645 0.156881
0.231532 0.168108
0.245164 0.182545
0.237695 0.187782
0.227869 0.186586
0.224561 0.195696
0.204944 0.182743
0.219436 0.167945
0.217928 0.150327
0.224837 0.150735
0.230735 0.141463
0.240191 0.135649
0.248522 0.135263
0.256562 0.122950
0.258198 0.126251
0.266389 0.127377
0.274097 0.126281
0.261301 0.116457
0.256123 0.109373
0.267618 0.099790
0.275423 0.100076
0.286444 0.105351
0.285157 0.086133
0.287949 0.081977
0.280835 0.065939
0.276996 0.068678
0.276660 0.066535
0.263893 0.064458
0.256103 0.057164
0.250543 0.067095
0.243845 0.070959
0.250569 0.076418
0.246786 0.083988
0.251861 0.089723
0.248042 0.100911
0.240589 0.104293
0.228400 0.108225
0.233372 0.116649
0.233773 0.118435
0.226718 0.120088
0.220875 0.132786
0.214630 0.135438
0.212062 0.130732
0.204684 0.134907
0.202459 0.140022
0.204293 0.143948
0.195041 0.150382
0.195173 0.153647
0.190721 0.150358
0.177284 0.147663
0.169330 0.159082
0.166835 0.141613
0.185422 0.124821
0.199464 0.114314
0.199575 0.101610
0.206519 0.085628
0.231708 0.095594
0.232976 0.093002
0.220587 0.068123
0.208194 0.073713
0.195086 0.065237
0.192497 0.074174
0.181979 0.083059
0.166038 0.082058
0.179248 0.066781
0.174531 0.061812
0.175062 0.060999
0.185832 0.059793
0.187306 0.053959
0.191086 0.049118
0.185074 0.028394
0.202461 0.036711
0.212280 0.047448
0.216884 0.059061
0.240832 0.034735
0.220942 0.034414
0.202345 0.030564
0.203567 0.006903
0.189987 0.007432
0.167098 0.003401
0.156051 0.027802
0.173430 0.030705
0.167497 0.044727
0.160464 0.058827
0.147449 0.059953
0.148526 0.044437
0.141273 0.055015
0.129222 0.063461
0.139495 0.072715
0.147110 0.076981
0.149091 0.085693
0.153968 0.092195
0.155301 0.089891
0.169255 0.093807
0.172424 0.100550
0.172114 0.108108
0.156967 0.098691
0.147116 0.094017
0.146233 0.094751
0.137552 0.095530
0.134057 0.100362
0.124807 0.099209
0.113151 0.101315
0.116537 0.107345
0.132795 0.106902
0.135683 0.112122
0.141937 0.113009
0.137133 0.118888
0.137546 0.140451
0.141943 0.151042
0.137883 0.151645
0.117464 0.142874
0.108642 0.149133
0.097458 0.136053
0.094416 0.158433
0.102401 0.176813
0.103727 0.180218
0.079852 0.168390
0.073219 0.157513
0.065616 0.142875
0.051907 0.148886
0.056939 0.152342
0.059418 0.156465
0.048741 0.162665
0.044626 0.153322
0.044456 0.144603
0.033708 0.137722
0.028399 0.138802
0.034273 0.128719
0.040031 0.132386
0.055926 0.137484
0.056119 0.133820
0.059950 0.134022
0.060731 0.130188
0.076829 0.132775
0.073060 0.123233
0.079996 0.109080
0.076767 0.097374
0.075405 0.100991
0.065977 0.106159
0.062531 0.111589
0.063243 0.112341
0.058123 0.116351
0.058062 0.112087
0.052815 0.111782
0.049260 0.102153
0.042092 0.088299
0.054539 0.089494
0.060600 0.089759
0.061986 0.073668
0.084871 0.071680
0.086184 0.090626
0.088859 0.100894
0.098580 0.099801
0.097669 0.092379
0.110616 0.075479
0.120101 0.062324
0.110073 0.061509
0.106555 0.061569
0.087234 0.046061
0.095784 0.038481
0.101633 0.044244
0.108680 0.051749
0.110532 0.048822
0.124988 0.038209
0.121017 0.027037
0.114575 0.024658
0.110215 0.031749
0.111413 0.023717
0.104481 0.012848
0.101289 0.017336
0.096957 0.016642
0.094095 0.018081
0.091971 0.010250
0.083060 0.008047
0.080173 0.010049
0.074050 0.007306
0.068952 0.006113
0.060560 0.004103
0.059742 0.001769
0.043103 0.001100
0.033551 0.005271
0.028589 0.006580
0.026904 0.025987
0.005687 0.034112
0.014176 0.050283
0.021319 0.042496
0.023239 0.044657
0.025698 0.043540
0.030619 0.043821
0.027961 0.037396
0.030600 0.036642
0.048878 0.012393
0.074766 0.014062
0.071972 0.027808
0.075651 0.031660
0.076360 0.057875
0.066735 0.062094
0.063076 0.054290
0.051774 0.064226
0.047307 0.064851
0.043651 0.061308
0.037734 0.059185
0.037269 0.053995
0.029276 0.050482
0.023321 0.062662
0.030580 0.065949
0.018877 0.076401
0.028891 0.077259
0.038721 0.074374
0.034263 0.090198
0.026055 0.103761
0.002545 0.111947
0.033242 0.109396
0.034690 0.111811
0.044521 0.115082
0.031765 0.123490
0.025925 0.128980
0.013493 0.134526
0.009875 0.147455
0.008945 0.164400
0.011852 0.166589
0.004256 0.192977
0.016636 0.182693
0.019294 0.175829
0.028173 0.177254
0.030690 0.174784
0.032654 0.180053
0.031881 0.192402
0.028827 0.192169
0.017951 0.204860
0.008286 0.223436
0.016785 0.226514
0.012612 0.234803
0.029089 0.237670
0.015270 0.241610
0.012592 0.242106
0.009035 0.255083
0.020708 0.253865
0.024288 0.257503
0.027363 0.250337
0.035536 0.256482
0.042275 0.251725
0.051769 0.246996
0.060342 0.243146
0.065525 0.260206
0.056230 0.257308
0.045215 0.266057
0.045087 0.274881
0.063673 0.277226
0.063923 0.279321
0.072822 0.305218
0.058093 0.319367
0.051388 0.322158
0.026106 0.336342
0.039278 0.320845
0.048835 0.283611
0.028364 0.295991
0.020231 0.281446
0.013797 0.281796
0.010183 0.284391
0.014519 0.299127
0.002386 0.308794
0.002172 0.314307
0.015870 0.326931
0.009770 0.339697
0.002872 0.341430
0.005599 0.343289
0.006053 0.344314
0.009257 0.342542
0.014516 0.339260
0.019967 0.340964
0.021113 0.349806
0.026755 0.349371
0.027611 0.355742
0.025973 0.360005
0.019769 0.357693
0.002873 0.364611
0.007133 0.367679
0.015103 0.375615
0.014792 0.381279
0.000873 0.400988
0.000269 0.410840
0.031749 0.393325
0.028766 0.386674
0.032625 0.380235
0.037966 0.376266
0.039890 0.372109
0.052133 0.389464
0.056622 0.377056
0.054601 0.368153
0.058985 0.360595
0.060598 0.368316
0.074716 0.370314
0.086374 0.372926
0.095826 0.387215
0.076436 0.387280
0.063782 0.405857
0.078954 0.410346
0.088759 0.411473
0.079466 0.400337
0.086082 0.396555
0.095711 0.397627
0.109287 0.413168
0.115293 0.415887
0.109626 0.442465
0.101741 0.443060
0.105005 0.445169
0.105798 0.446364
0.103623 0.449534
0.091708 0.463505
0.083908 0.467152
0.082662 0.468534
0.091103 0.476158
0.077627 0.483891
0.074155 0.471498
0.070644 0.469603
0.052346 0.463298
0.053038 0.471337
0.033594 0.479942
0.035113 0.461930
0.021560 0.459876
0.018102 0.452670
0.017499 0.446643
0.029669 0.446085
0.046974 0.444994
0.050033 0.445075
0.052310 0.455297
0.053092 0.453862
0.065484 0.445842
0.065196 0.437878
0.073519 0.434636
0.059643 0.420074
0.044819 0.431863
0.038137 0.435426
0.019354 0.425373
0.012794 0.448601
0.010298 0.459081
0.000280 0.471652
0.005184 0.473876
0.021801 0.471914
0.019307 0.475951
0.014619 0.486485
0.003841 0.502370
0.012842 0.496973
0.018631 0.499030
0.016866 0.503179
0.013028 0.511565
0.004186 0.534759
0.015764 0.534846
0.020281 0.531931
0.024061 0.537453
0.034224 0.524413
0.027197 0.517636
0.026512 0.517002
0.031798 0.504494
0.033304 0.505343
0.039670 0.495831
0.045280 0.498482
0.044913 0.502694
0.041949 0.504088
0.047644 0.513067
0.057859 0.494918
0.082009 0.499984
0.086415 0.510666
0.067137 0.511516
0.055171 0.521789
0.044874 0.531052
0.052032 0.532156
0.055949 0.542215
0.049418 0.543814
0.038831 0.558198
0.024878 0.563870
0.013378 0.554812
0.014333 0.549122
0.009042 0.553048
0.008395 0.555996
0.003648 0.570657
0.005660 0.581416
0.002594 0.587902
0.011264 0.606814
0.004424 0.623692
0.003511 0.629244
0.000475 0.643740
0.002464 0.650183
0.001922 0.657682
0.015129 0.645319
0.015215 0.634419
0.020531 0.629893
0.020171 0.623814
0.038869 0.631986
0.043731 0.613700
0.035347 0.609187
0.031983 0.615905
0.026266 0.611314
0.013441 0.606101
0.029325 0.589428
0.015452 0.585026
0.020750 0.575487
0.037305 0.567074
0.042566 0.559037
0.049829 0.572204
0.060709 0.587328
0.083123 0.584346
0.065751 0.563895
0.063158 0.561920
0.071293 0.543445
0.070560 0.540128
0.080059 0.541797
0.082063 0.552607
0.092041 0.567777
0.096761 0.569690
0.095450 0.544782
0.106679 0.537091
0.094189 0.528155
0.091643 0.525271
0.106633 0.526899
0.109155 0.518860
0.102753 0.512756
0.103688 0.511655
0.109208 0.505657
0.121426 0.504177
0.132904 0.499176
0.112291 0.498211
0.106512 0.490000
0.102040 0.486672
0.104104 0.477290
0.100679 0.476858
0.103377 0.471409
0.112389 0.466778
0.129865 0.463863
0.136403 0.462801
0.143773 0.461043
0.152292 0.465696
0.167808 0.467533
0.185590 0.473797
0.196720 0.472175
0.204579 0.480312
0.203947 0.476512
0.200331 0.452312
0.193337 0.445368
0.194038 0.440541
0.204956 0.433212
0.207879 0.431714
0.210825 0.426032
0.221494 0.435841
0.209825 0.450268
0.214753 0.468792
0.226875 0.466367
0.222860 0.483917
0.239831 0.487185
0.246764 0.490597
0.257945 0.467052
0.257995 0.459411
0.272843 0.442146
0.283589 0.431900
0.266300 0.431311
0.261050 0.429943
0.273217 0.424589
0.274260 0.414791
0.286078 0.393738
0.289338 0.399542
0.293644 0.399399
0.305999 0.405479
0.305853 0.399625
0.309773 0.397768
0.311864 0.395699
0.327957 0.408854
0.325812 0.390350
0.348783 0.388486
0.356430 0.390373
0.361687 0.391114
0.367314 0.381922
0.370821 0.386610
0.379025 0.388041
0.380725 0.377605
0.375323 0.372816
0.364321 0.356400
0.384981 0.347722
0.389710 0.349233
0.387257 0.353516
0.376349 0.362575
0.383516 0.367098
0.391672 0.361059
0.412338 0.353978
0.431621 0.357403
0.447468 0.352217
0.452689 0.365287
0.431802 0.378359
0.419626 0.363661
0.408571 0.366920
0.408569 0.376740
0.405556 0.388414
0.388734 0.391335
0.409878 0.398421
0.411525 0.409384
0.423777 0.403900
0.422455 0.401173
0.427112 0.387233
0.443094 0.410306
0.454393 0.414937
0.458876 0.409843
0.461734 0.408076
0.453272 0.403951
0.450354 0.385793
0.449211 0.377478
0.454731 0.386086
0.457810 0.384786
0.468137 0.378084
0.465204 0.374717
0.471211 0.370547
0.464446 0.369333
0.466686 0.366627
0.459433 0.347449
0.464494 0.327675
0.463363 0.324806
0.492056 0.304095
0.490909 0.314352
0.505385 0.323612
0.507126 0.325182
0.515585 0.336354
0.515474 0.338197
0.526357 0.341721
0.528125 0.357752
0.532785 0.365474
0.533226 0.378005
0.539157 0.377495
0.539596 0.352689
0.543952 0.353407
0.558621 0.350908
0.569026 0.346472
0.564025 0.355997
0.568729 0.360287
0.562466 0.378241
0.561974 0.380294
0.583695 0.386573
0.571691 0.408693
0.579679 0.419345
0.583441 0.425655
0.583003 0.429811
0.599199 0.409686
0.606762 0.410333
0.610890 0.409771
0.616114 0.405604
0.625221 0.398461
0.631058 0.388783
0.637271 0.381187
0.621807 0.371389
0.618429 0.365071
0.609303 0.365986
0.598231 0.373868
0.596269 0.362667
0.601126 0.348972
0.612101 0.343333
0.612997 0.359642
0.620420 0.352494
0.628963 0.352695
0.633951 0.343891
0.628121 0.339548
0.626759 0.338771
0.621974 0.328955
0.601507 0.325296
0.595227 0.334898
0.590036 0.324034
0.598546 0.317310
0.609879 0.312928
0.615435 0.313787
0.615223 0.308949
0.622944 0.310539
0.619590 0.318314
0.622508 0.316693
0.630126 0.319503
0.644974 0.344173
0.646334 0.336635
0.647233 0.331636
0.649542 0.318537
0.656493 0.298652
0.632747 0.296226
0.632077 0.299253
0.611686 0.295584
0.628676 0.275993
0.630436 0.286449
0.638480 0.288149
0.650229 0.275335
0.654454 0.285525
0.663378 0.280744
0.668319 0.283359
0.682900 0.285079
0.679621 0.288929
0.665057 0.296136
0.670157 0.305092
0.665490 0.308996
0.661098 0.329235
0.666122 0.333511
0.660016 0.337111
0.663977 0.339354
0.678814 0.345020
0.690654 0.369376
0.678773 0.368460
0.677035 0.374236
0.666604 0.361738
0.664979 0.363780
0.656642 0.368760
0.654642 0.376615
0.655602 0.384958
0.657344 0.387442
0.670033 0.400137
0.676353 0.410318
0.667940 0.420038
0.665474 0.418606
0.646749 0.401848
0.643879 0.392507
0.637181 0.392160
0.633778 0.403662
0.628553 0.406857
0.625510 0.411374
0.623291 0.414419
0.629631 0.415035
0.626559 0.428074
0.612797 0.418593
0.595219 0.426009
0.596836 0.427977
0.598004 0.435662
0.594059 0.439046
0.594644 0.439871
0.618132 0.460648
0.621511 0.476240
0.631643 0.466899
0.629092 0.465417
0.633298 0.453325
0.634399 0.439134
0.640842 0.452646
0.649926 0.455758
0.664378 0.465826
0.665419 0.472400
0.672495 0.459639
0.676867 0.446635
0.685784 0.457354
0.680078 0.459279
0.681940 0.460375
0.683687 0.474151
0.681063 0.485866
0.687287 0.489125
0.682743 0.497102
0.680929 0.493307
0.681079 0.491358
0.659929 0.484505
0.646642 0.479246
0.628843 0.482768
0.618407 0.488859
0.621209 0.494920
0.622677 0.494047
0.624520 0.497612
0.625711 0.494289
0.628857 0.487031
0.630316 0.489286
0.639467 0.491704
0.645651 0.495372
0.651002 0.498636
0.642246 0.511820
0.643787 0.518499
0.650265 0.509449
0.661621 0.517431
0.666989 0.509160
0.682600 0.513063
0.674063 0.536799
0.681701 0.538078
0.682682 0.537936
0.687175 0.541498
0.700663 0.546824
0.698954 0.549477
0.701687 0.554958
0.707140 0.563533
0.717914 0.564929
0.698965 0.571879
0.691027 0.570783
0.693159 0.574253
0.689858 0.579230
0.686126 0.573529
0.667195 0.549906
0.660635 0.539629
0.658859 0.535904
0.656668 0.536022
0.660651 0.521537
0.634391 0.532127
0.626563 0.540254
0.628337 0.547525
0.640489 0.547640
0.634190 0.553863
0.641493 0.563073
0.651819 0.563617
0.654572 0.579987
0.638404 0.588360
0.631699 0.585566
0.633894 0.588598
0.637035 0.590537
0.639304 0.598161
0.633687 0.600804
0.632621 0.616400
0.616678 0.601061
0.613856 0.591399
0.610950 0.584588
0.601420 0.580544
0.598178 0.579321
0.583042 0.585543
0.600284 0.571298
0.606179 0.571564
0.612556 0.578777
0.613214 0.576421
0.617254 0.564253
0.614985 0.544717
0.608604 0.543205
0.606038 0.541538
0.593645 0.544763
0.594093 0.544318
0.595930 0.540570
0.609969 0.525756
0.611754 0.527735
0.622098 0.533230
0.629329 0.526586
0.628752 0.523319
0.606720 0.501614
0.601354 0.506037
0.585230 0.503635
0.579283 0.489190
0.595004 0.489938
0.604091 0.484201
0.601764 0.482998
0.598942 0.480085
0.591961 0.469242
0.567698 0.478620
0.568728 0.471945
0.561736 0.470820
0.556601 0.467963
0.547563 0.459117
0.561619 0.456707
0.568415 0.460701
0.564060 0.455043
0.554231 0.446123
0.534417 0.443291
0.542808 0.426641
0.556017 0.420945
0.564739 0.424390
0.558094 0.398417
0.539727 0.411456
0.528140 0.416877
0.527604 0.415873
0.529863 0.406386
0.526467 0.401948
0.529692 0.402019
0.541284 0.403773
0.529511 0.382921
0.511065 0.379857
0.505711 0.382709
0.502006 0.389789
0.502611 0.379413
0.495491 0.364819
0.499488 0.360073
0.488921 0.338967
0.476041 0.338179
0.470566 0.341130
0.465904 0.342054
0.470974 0.349183
0.472685 0.353148
0.486972 0.364094
0.480646 0.389033
0.507806 0.419203
0.509224 0.430084
0.513879 0.434620
0.518537 0.438019
0.520532 0.441268
0.523422 0.448808
0.514271 0.444771
0.492886 0.454679
0.499155 0.433512
0.493629 0.435737
0.486408 0.431695
0.491736 0.426855
0.486576 0.419182
0.472523 0.415727
0.459230 0.443935
0.467794 0.451269
0.473328 0.455555
0.464617 0.451573
0.448630 0.452205
0.443542 0.456816
0.447249 0.477512
0.424246 0.464243
0.417021 0.468104
0.396415 0.472606
0.394104 0.470305
0.392987 0.470208
0.395113 0.478841
0.400996 0.477395
0.400230 0.479901
0.404292 0.482174
0.403400 0.492913
0.398349 0.497336
0.396473 0.502616
0.398168 0.509451
0.386534 0.497126
0.377258 0.479287
0.374346 0.462564
0.376728 0.453074
0.395171 0.443643
0.406250 0.421111
0.392226 0.422652
0.391937 0.409697
0.390511 0.404496
0.389715 0.402972
0.379066 0.406395
0.370168 0.403935
0.361859 0.419017
0.340752 0.437224
0.335775 0.449875
0.327151 0.463598
0.351644 0.451162
0.359239 0.477486
0.359521 0.481052
0.359124 0.492633
0.337747 0.491732
0.335266 0.499786
0.327634 0.506005
0.331759 0.511476
0.343456 0.512652
0.344251 0.512132
0.350772 0.515907
0.352208 0.519688
0.372162 0.505331
0.380541 0.497040
0.375680 0.512847
0.385742 0.517091
0.388601 0.513164
0.403871 0.534208
0.404488 0.529458
0.406855 0.526845
0.413815 0.515106
0.412438 0.512151
0.420670 0.510844
0.427083 0.502371
0.436285 0.500199
0.449257 0.509356
0.445229 0.518123
0.442178 0.524152
0.447623 0.522362
0.458260 0.531818
0.458414 0.521399
0.473281 0.507275
0.464427 0.493537
0.471262 0.477481
0.483386 0.476795
0.483957 0.476993
0.489750 0.482010
0.497837 0.472880
0.514336 0.480724
0.518502 0.482701
0.527348 0.501569
0.520085 0.492674
0.508474 0.486902
0.497740 0.496576
0.499280 0.513323
0.489488 0.513891
0.487578 0.512527
0.485058 0.516817
0.490137 0.525852
0.472198 0.520408
0.477966 0.533695
0.476586 0.549162
0.484003 0.553742
0.481250 0.569163
0.473278 0.562306
0.469037 0.567618
0.468323 0.562397
0.468792 0.560323
0.462658 0.552364
0.452362 0.548620
0.443376 0.544388
0.441359 0.546465
0.431112 0.537530
0.426785 0.542851
0.433139 0.548472
0.435288 0.549904
0.426323 0.555636
0.416168 0.543293
0.410106 0.545856
0.404897 0.553150
0.411642 0.564591
0.425384 0.561090
0.445678 0.563052
0.442177 0.575747
0.442653 0.587740
0.448761 0.590172
0.445360 0.594429
0.437396 0.602573
0.429849 0.603879
0.443862 0.636326
0.434708 0.644173
0.424919 0.643223
0.426168 0.648287
0.415032 0.651941
0.408930 0.671868
0.402111 0.671211
0.403742 0.675877
0.394107 0.689115
0.400075 0.689721
0.404108 0.692144
0.410179 0.686654
0.423496 0.687142
0.430672 0.690738
0.432444 0.686857
0.417715 0.680133
0.421574 0.677971
0.420934 0.676469
0.423111 0.669336
0.437330 0.662863
0.434890 0.655206
0.452163 0.655668
0.459123 0.637966
0.455625 0.624834
0.463027 0.628337
0.478532 0.632329
0.480205 0.632231
0.480375 0.632961
0.484211 0.632446
0.480723 0.635621
0.481230 0.638917
0.485217 0.640011
0.501131 0.626060
0.501846 0.616313
0.506456 0.608432
0.499276 0.605191
0.505400 0.600101
0.509955 0.598640
0.501570 0.594125
0.501023 0.595191
0.498761 0.594832
0.491810 0.601502
0.479990 0.601660
0.464354 0.609221
0.465344 0.613351
0.457418 0.613278
0.455298 0.612680
0.456279 0.598699
0.471516 0.590094
0.479535 0.584516
0.476367 0.572222
0.496075 0.583426
0.500877 0.584682
0.513567 0.573286
0.528844 0.572740
0.526002 0.563007
0.518295 0.565478
0.517116 0.562330
0.501832 0.570311
0.495064 0.546928
0.504937 0.525174
0.506821 0.516508
0.510177 0.519090
0.519994 0.514980
0.520321 0.520888
0.523113 0.520334
0.528095 0.516992
0.540130 0.528929
0.539457 0.507080
0.546618 0.497131
0.537067 0.491568
0.533635 0.479889
0.531925 0.474289
0.520993 0.469364
0.529267 0.460974
0.533885 0.455461
0.537556 0.465864
0.544959 0.482530
0.560887 0.509707
0.569309 0.511908
0.560674 0.518295
0.551316 0.545809
0.547285 0.549700
0.536050 0.549537
0.534040 0.549952
0.530261 0.549351
0.544613 0.555307
0.558377 0.553043
0.568212 0.548773
0.570096 0.554516
0.575512 0.555485
0.570521 0.560164
0.562927 0.573608
0.577403 0.599776
0.572641 0.604404
0.562301 0.601856
0.554582 0.592575
0.549875 0.580757
0.548905 0.578531
0.531763 0.577230
0.529353 0.584402
0.530172 0.591963
0.530109 0.606036
0.530510 0.607813
0.516067 0.612170
0.530531 0.638708
0.548459 0.629826
0.550481 0.652498
0.553676 0.650030
0.562467 0.651572
0.571247 0.641843
0.576936 0.630462
0.579272 0.635281
0.588885 0.634503
0.608808 0.640813
0.608683 0.652902
0.614970 0.661118
0.615085 0.673644
0.617707 0.663409
0.620720 0.658560
0.620276 0.642868
0.621137 0.641468
0.619503 0.636528
0.617785 0.632745
0.624710 0.629395
0.642253 0.618252
0.644957 0.619995
0.647954 0.614597
0.654364 0.616697
0.675208 0.612283
0.675194 0.609608
0.672700 0.605547
0.679510 0.590467
0.683354 0.592376
0.685979 0.596054
0.679797 0.606071
0.682400 0.614145
0.685817 0.613697
0.686528 0.614716
0.698136 0.616408
0.695841 0.620722
0.695401 0.626972
0.687480 0.631162
0.684068 0.634953
0.678100 0.638927
0.666872 0.626725
0.641012 0.637972
0.632813 0.652701
0.632523 0.655573
0.634529 0.663436
0.638798 0.657206
0.640097 0.649818
0.652745 0.645185
0.656856 0.644156
0.672928 0.647723
0.692141 0.642861
0.702564 0.639048
0.702082 0.646204
0.710418 0.645647
0.712487 0.656310
0.699922 0.653361
0.689758 0.668397
0.665403 0.663351
0.668722 0.680044
0.682805 0.676418
0.711120 0.673855
0.693904 0.685238
0.691267 0.695665
0.695037 0.697276
0.718241 0.709546
0.716289 0.724325
0.710795 0.728723
0.720221 0.729658
0.720423 0.737977
0.726397 0.745403
0.736622 0.753970
0.716831 0.758558
0.715587 0.762120
0.712579 0.758922
0.697041 0.763839
0.694520 0.763238
0.686214 0.761304
0.708265 0.747349
0.703848 0.741641
0.686278 0.728045
0.683846 0.715673
0.665906 0.720580
0.664788 0.712182
0.664496 0.711408
0.667420 0.709870
0.646510 0.676719
0.618709 0.682544
0.612250 0.690187
0.612716 0.698334
0.628976 0.688133
0.636695 0.689526
0.645879 0.689270
0.650062 0.700761
0.658189 0.707631
0.654484 0.710115
0.652029 0.722737
0.659769 0.733440
0.659856 0.740261
0.671585 0.765383
0.676599 0.770526
0.669492 0.778951
0.665225 0.787792
0.662059 0.790840
0.647175 0.793670
0.620724 0.771002
0.637643 0.774666
0.643395 0.775689
0.647270 0.770657
0.640879 0.766908
0.651358 0.756211
0.647335 0.733614
0.646339 0.733092
0.640222 0.731453
0.645642 0.726746
0.643954 0.714290
0.634355 0.723860
0.620149 0.724900
0.615607 0.722585
0.613493 0.713685
0.596154 0.728641
0.586106 0.752364
0.594004 0.753435
0.602143 0.761780
0.595883 0.771513
0.600733 0.777222
0.602427 0.781954
0.611875 0.791737
0.620272 0.795833
0.603092 0.796448
0.581933 0.787018
0.578848 0.783458
0.593047 0.768407
0.584844 0.763301
0.571806 0.752166
0.578800 0.749642
0.581071 0.743746
0.582203 0.735602
0.575916 0.728910
0.577377 0.727296
0.575513 0.722530
0.576306 0.714926
0.572957 0.718784
0.563744 0.722693
0.557325 0.714559
0.552376 0.702514
0.558183 0.703058
0.578340 0.703535
0.579531 0.705523
0.591913 0.704333
0.584431 0.695951
0.591569 0.690479
0.594404 0.674656
0.595114 0.675039
0.596568 0.674684
0.605682 0.667418
0.581517 0.667712
0.580026 0.676270
0.568341 0.669242
0.555413 0.683465
0.545642 0.681621
0.539287 0.666967
0.539974 0.662857
0.526646 0.663202
0.531882 0.681861
0.533443 0.689755
0.531840 0.688904
0.523483 0.689915
0.512299 0.686721
0.505731 0.684357
0.502563 0.694638
0.501552 0.696529
0.500775 0.694912
0.481601 0.697852
0.503475 0.678737
0.500859 0.672938
0.509244 0.647862
0.487828 0.664113
0.484156 0.668985
0.480170 0.671128
0.479028 0.682979
0.474544 0.680600
0.461201 0.683067
0.446066 0.691682
0.444583 0.690345
0.437997 0.705172
0.446009 0.710773
0.452347 0.711276
0.448527 0.714762
0.440758 0.713434
0.437933 0.730031
0.439201 0.733352
0.435238 0.734995
0.438929 0.744812
0.446181 0.737225
0.455577 0.734795
0.452906 0.750525
0.442109 0.752410
0.436866 0.756536
0.438100 0.761024
0.442782 0.767827
0.453925 0.766925
0.460394 0.763195
0.473822 0.764575
0.473389 0.770590
0.472423 0.784455
0.465966 0.778126
0.463343 0.777807
0.458024 0.774259
0.454639 0.771973
0.445237 0.776146
0.428616 0.770247
0.434958 0.777485
0.434598 0.780165
0.433716 0.785369
0.432320 0.793050
0.442778 0.786763
0.447966 0.787416
0.450125 0.792887
0.459056 0.792946
0.463797 0.795666
0.456467 0.798920
0.448652 0.810859
0.427900 0.803328
0.426921 0.802004
0.406079 0.794420
0.407550 0.788199
0.405075 0.785395
0.398519 0.788889
0.396234 0.789249
0.382151 0.788166
0.387539 0.795990
0.412991 0.821921
0.408617 0.826810
0.393830 0.823362
0.379580 0.830810
0.378114 0.822993
0.368240 0.811928
0.360163 0.811495
0.357862 0.808294
0.365201 0.805515
0.350575 0.775017
0.338161 0.776658
0.326873 0.756071
0.325943 0.754072
0.315309 0.753904
0.308297 0.749115
0.304324 0.744202
0.283607 0.741992
0.284783 0.736638
0.275305 0.734779
0.278658 0.724145
0.293669 0.729269
0.289561 0.717128
0.275495 0.708481
0.293475 0.695883
0.293296 0.692699
0.290291 0.694195
0.287924 0.690246
0.295629 0.686954
0.297248 0.694434
0.321100 0.714739
0.328628 0.720614
0.322327 0.742777
0.332987 0.749851
0.341534 0.742782
0.338684 0.737635
0.338719 0.732856
0.348137 0.728639
0.359680 0.741362
0.358076 0.732781
0.363542 0.726521
0.371985 0.716747
0.369504 0.730527
0.377602 0.730655
0.380382 0.728313
0.382653 0.731463
0.387370 0.733873
0.374223 0.744334
0.378458 0.751870
0.374742 0.754065
0.378000 0.762849
0.381455 0.757014
0.382549 0.750783
0.390640 0.747587
0.393097 0.752582
0.397318 0.755751
0.408923 0.774545
0.419551 0.757317
0.415299 0.728532
0.413123 0.703866
0.400470 0.712313
0.392759 0.708541
0.373503 0.688359
0.371712 0.683665
0.368338 0.673645
0.362162 0.661463
0.376896 0.664298
0.381240 0.662304
0.371040 0.653547
0.367922 0.640201
0.376067 0.648187
0.395282 0.655302
0.398459 0.656237
0.399470 0.656449
0.399501 0.656211
0.390314 0.649372
0.387209 0.645237
0.387111 0.635634
0.405504 0.629724
0.406852 0.620914
0.398460 0.612931
0.415803 0.602054
0.418900 0.594640
0.421628 0.582105
0.419956 0.579612
0.403127 0.583023
0.400837 0.561512
0.395376 0.564122
0.389032 0.563624
0.389476 0.553131
0.380535 0.550575
0.376989 0.538769
0.373967 0.528280
0.364326 0.527363
0.359979 0.545000
0.358545 0.547474
0.359232 0.550024
0.370708 0.569655
0.379840 0.579216
0.378400 0.581377
0.364281 0.600506
0.373712 0.600785
0.389760 0.610368
0.377960 0.619322
0.371018 0.627065
0.368080 0.626922
0.361993 0.617773
0.348567 0.611935
0.347956 0.609258
0.332660 0.608816
0.334449 0.601338
0.333846 0.587361
0.340572 0.577828
0.346520 0.559403
0.351148 0.545057
0.339730 0.541948
0.337643 0.538497
0.335939 0.535483
0.329549 0.532753
0.319530 0.520343
0.309915 0.515392
0.316343 0.522804
0.323979 0.531496
0.329332 0.535031
0.332331 0.535776
0.338031 0.544634
0.336739 0.550414
0.330899 0.554602
0.323172 0.553684
0.315872 0.563267
0.318326 0.570297
0.312731 0.567030
0.309381 0.571838
0.296761 0.580672
0.290156 0.578688
0.288642 0.569592
0.295014 0.570015
0.296335 0.560555
0.288826 0.557627
0.261459 0.577780
0.273138 0.586375
0.286592 0.591047
0.305668 0.588449
0.307667 0.594731
0.320280 0.588560
0.319795 0.599136
0.314553 0.607496
0.303011 0.612603
0.306333 0.613581
0.310808 0.615924
0.309518 0.628658
0.316528 0.626723
0.316516 0.623129
0.326856 0.626321
0.336018 0.629671
0.335808 0.651359
0.328773 0.654303
0.336072 0.663529
0.360604 0.668605
0.353147 0.690002
0.363407 0.705375
0.349813 0.714409
0.342102 0.681957
0.329245 0.671724
0.320042 0.670651
0.317800 0.680971
0.313882 0.685414
0.308234 0.675645
0.303706 0.667851
0.314732 0.661673
0.306964 0.651155
0.304195 0.647932
0.307900 0.639380
0.302460 0.639232
0.302437 0.636266
0.296958 0.637605
0.291001 0.642084
0.288174 0.643222
0.275292 0.653923
0.276866 0.651165
0.281147 0.646394
0.285730 0.634779
0.274455 0.622536
0.275709 0.618121
0.275162 0.616172
0.275477 0.610040
0.275475 0.608331
0.259736 0.627449
0.247969 0.607751
0.224947 0.588750
0.211131 0.584994
0.215704 0.573399
0.240050 0.580852
0.246831 0.580268
0.259640 0.567617
0.245934 0.560322
0.242140 0.558620
0.247239 0.534354
0.268243 0.550877
0.277515 0.552871
0.272835 0.539410
0.280896 0.542206
0.285907 0.538335
0.294128 0.527896
0.296845 0.518480
0.297048 0.489040
0.286848 0.479485
0.300050 0.480551
0.313710 0.491243
0.323123 0.488328
0.334163 0.477868
0.333046 0.475261
0.330635 0.468403
0.316709 0.469361
0.314636 0.465365
0.307857 0.451147
0.316146 0.434622
0.311292 0.426781
0.309785 0.426822
0.305799 0.421781
0.296942 0.436276
0.287532 0.446778
0.293999 0.455157
0.279091 0.456299
0.278648 0.458050
0.277082 0.471926
0.269232 0.493171
0.278306 0.503320
0.280152 0.519680
0.281264 0.521525
0.281274 0.525380
0.277105 0.522482
0.271617 0.525682
0.258442 0.515325
0.250596 0.514952
0.239965 0.501713
0.217648 0.510102
0.204751 0.511870
0.207255 0.530253
0.214095 0.521639
0.220999 0.520669
0.235944 0.536091
0.226356 0.534800
0.218110 0.540615
0.216838 0.540931
0.196856 0.552010
0.208988 0.556374
0.207629 0.559530
0.211700 0.561582
0.211703 0.564300
0.202156 0.566055
0.207169 0.576571
0.199809 0.583415
0.198819 0.583279
0.201644 0.589451
0.195324 0.599367
0.170213 0.597476
0.171310 0.591665
0.175471 0.580371
0.172215 0.569491
0.176404 0.565935
0.171148 0.564555
0.166901 0.554515
0.173119 0.558860
0.184625 0.553219
0.180302 0.544802
0.174566 0.536591
0.189429 0.539828
0.187868 0.513166
0.171171 0.512950
0.174957 0.502352
0.173711 0.494806
0.160886 0.495839
0.142427 0.492661
0.158721 0.501648
0.156346 0.510784
0.151053 0.510154
0.146678 0.507515
0.137344 0.516543
0.150064 0.521478
0.164242 0.530273
0.163684 0.532274
0.159136 0.544524
0.146598 0.546801
0.146050 0.551740
0.140318 0.549882
0.142212 0.539971
0.138434 0.527152
0.126054 0.524384
0.118340 0.541529
0.114335 0.547237
0.113234 0.565535
0.131030 0.564878
0.141851 0.569669
0.142642 0.578094
0.145202 0.580594
0.138686 0.585763
0.135266 0.590114
0.129622 0.596108
0.128138 0.604571
0.136212 0.606820
0.146338 0.601971
0.157219 0.600910
0.155169 0.614705
0.153814 0.620838
0.147290 0.622768
0.142228 0.618375
0.132466 0.617429
0.138724 0.625634
0.131209 0.627814
0.135718 0.633749
0.148186 0.631488
0.143575 0.645038
0.156916 0.643017
0.152124 0.650725
0.154745 0.658525
0.157226 0.659410
0.161791 0.665164
0.175313 0.679409
0.167720 0.690101
0.157757 0.694058
0.162393 0.696088
0.169568 0.700933
0.175547 0.689872
0.178067 0.695714
0.188723 0.694386
0.182889 0.688375
0.180285 0.676501
0.186246 0.674895
0.186403 0.666615
0.199044 0.672066
0.202970 0.671116
0.199617 0.663435
0.187699 0.655144
0.190602 0.650579
0.175068 0.646046
0.168728 0.630840
0.178566 0.630750
0.187982 0.623677
0.202178 0.619287
0.204373 0.616301
0.223457 0.613726
0.208417 0.627804
0.216551 0.648205
0.224564 0.640804
0.239156 0.646532
0.245898 0.647776
0.255471 0.645189
0.256002 0.655721
0.260212 0.662353
0.277285 0.672855
0.273239 0.681903
0.266700 0.679499
0.263567 0.679527
0.256035 0.688258
0.256389 0.671437
0.251907 0.672193
0.249096 0.663358
0.229123 0.668674
0.224872 0.669335
0.226360 0.664810
0.218599 0.660761
0.218290 0.673862
0.220246 0.674652
0.229163 0.681571
0.227334 0.692649
0.239039 0.696084
0.241337 0.687918
0.243997 0.693338
0.246216 0.696993
0.253302 0.707579
0.258074 0.720305
0.257206 0.725170
0.261689 0.725396
0.267940 0.737029
0.258470 0.744648
0.248292 0.753869
0.244115 0.737602
0.236068 0.738453
0.237430 0.725945
0.239649 0.710790
0.230325 0.703733
0.227307 0.707425
0.223028 0.702711
0.217185 0.716241
0.213122 0.700166
0.207948 0.706931
0.192682 0.714860
0.182821 0.714243
0.171431 0.725364
0.172286 0.726417
0.168541 0.729804
0.174766 0.732364
0.172774 0.736132
0.170002 0.741577
0.167739 0.738314
0.160680 0.732265
0.152373 0.742755
0.146853 0.736756
0.137801 0.730867
0.144297 0.722225
0.152000 0.716547
0.153835 0.713880
0.155953 0.707452
0.148487 0.700270
0.146884 0.704061
0.137566 0.699810
0.138904 0.682512
0.143202 0.672417
0.149375 0.666962
0.136719 0.668160
0.135549 0.666409
0.123759 0.664698
0.117815 0.668452
0.117171 0.669892
0.114578 0.672260
0.101883 0.638564
0.118661 0.629872
0.124003 0.626688
0.110730 0.618763
0.109721 0.618243
0.112639 0.606948
0.116704 0.603967
0.114323 0.583802
0.099096 0.607904
0.090069 0.600584
0.074122 0.621664
0.067393 0.620316
0.063415 0.614365
0.063582 0.625934
0.069853 0.627243
0.068400 0.632141
0.071287 0.635398
0.079968 0.631593
0.081653 0.631551
0.087084 0.650028
0.067497 0.655120
0.077262 0.658540
0.080300 0.658868
0.090124 0.666081
0.090182 0.666638
0.088911 0.669960
0.086078 0.677519
0.096585 0.690400
0.104620 0.689990
0.113397 0.686437
0.113839 0.704878
0.114352 0.705837
0.120677 0.711600
0.106530 0.720170
0.102619 0.706356
0.086783 0.705573
0.079290 0.714430
0.061815 0.714063
0.070629 0.722374
0.081629 0.726281
0.071631 0.730609
0.067568 0.751369
0.070053 0.759532
0.053158 0.748715
0.056833 0.729612
0.055590 0.721470
0.051884 0.717215
0.036946 0.699166
0.037406 0.681718
0.041506 0.678503
0.040706 0.684506
0.064526 0.692563
0.054011 0.672219
0.044868 0.651965
0.036234 0.666404
0.037552 0.668143
0.038584 0.669983
0.032104 0.672621
0.024594 0.667484
0.007139 0.680844
0.008572 0.702703
0.012354 0.702092
0.013800 0.714916
0.016839 0.720541
0.029750 0.732363
0.034928 0.738199
0.009870 0.739709
0.006228 0.740656
0.001240 0.753051
0.003782 0.760185
0.006727 0.773259
0.005582 0.782827
0.022036 0.781766
0.040924 0.783764
0.035002 0.764741
0.034991 0.759893
0.031996 0.749940
0.039485 0.754986
0.056430 0.766335
0.062464 0.766422
0.059932 0.774683
0.063170 0.772718
0.077712 0.778764
0.080614 0.777219
0.086841 0.783703
0.096170 0.798280
0.113144 0.790063
0.102964 0.813406
0.106639 0.813563
0.120832 0.820475
0.144081 0.813796
0.149671 0.803855
0.162761 0.820343
0.173974 0.821561
0.177583 0.818011
0.179516 0.833265
0.166449 0.840642
0.154654 0.835720
0.149915 0.831107
0.148245 0.835799
0.146720 0.839011
0.137786 0.836815
0.136873 0.831950
0.116448 0.826570
0.115128 0.823175
0.098856 0.823595
0.103486 0.829594
0.105169 0.831897
0.095758 0.843858
0.096289 0.849067
0.084269 0.851751
0.071851 0.846958
0.065279 0.857983
0.075463 0.858308
0.082346 0.867432
0.078738 0.876309
0.064659 0.882392
0.055247 0.882183
0.048862 0.878493
0.048567 0.877748
0.045791 0.871723
0.058406 0.861227
0.059063 0.860556
0.050593 0.862736
0.047354 0.865675
0.042298 0.866919
0.035940 0.879785
0.034482 0.881276
0.031378 0.882300
0.027003 0.855007
0.026266 0.839805
0.036588 0.838963
0.036906 0.836574
0.045131 0.832807
0.056506 0.832718
0.059435 0.832058
0.070337 0.826202
0.068894 0.818320
0.082174 0.822510
0.090845 0.818257
0.087219 0.813513
0.078618 0.796452
0.060779 0.797227
0.065892 0.807711
0.046676 0.819810
0.041804 0.817412
0.040473 0.813774
0.041241 0.801140
0.033600 0.797562
0.020713 0.806706
0.009114 0.792742
0.010946 0.808517
0.008114 0.838863
0.002706 0.847253
0.004318 0.888356
0.011962 0.888566
0.014562 0.895387
0.002530 0.905117
0.028433 0.909183
0.022216 0.915477
0.022309 0.919578
0.037973 0.937476
0.053911 0.908888
0.044474 0.901234
0.054336 0.900729
0.062702 0.898739
0.065344 0.917675
0.061803 0.927838
0.058256 0.930248
0.075803 0.932970
0.073833 0.945775
0.060977 0.960668
0.087061 0.960194
0.086687 0.963803
0.089676 0.968412
0.083354 0.986454
0.068262 0.984773
0.038614 0.982484
0.036681 0.976557
0.049975 0.973188
0.044774 0.955297
0.038060 0.962444
0.035582 0.968131
0.017788 0.957176
0.012529 0.951576
0.002683 0.961696
0.007339 0.965364
0.005302 0.984754
0.012353 0.994421
0.025683 0.994088
0.031115 0.993400
0.043552 0.996577
0.052930 0.996293
0.055998 0.994407
0.060067 0.995037
0.084278 0.998392
0.095872 0.993272
0.108528 0.990823
0.110933 0.988209
0.109929 0.981784
0.098654 0.978727
0.096345 0.963041
0.122203 0.973722
0.140250 0.964003
0.144467 0.964438
0.150122 0.964706
0.127818 0.950586
0.131112 0.939641
0.141869 0.932890
0.147535 0.930887
0.128723 0.922994
0.109784 0.939899
0.103862 0.935562
0.093298 0.930309
0.092362 0.926777
0.102174 0.910748
0.096944 0.902656
0.095313 0.903106
0.080819 0.905321
0.084735 0.881939
0.089794 0.877748
0.089195 0.872898
0.107779 0.858790
0.115890 0.859784
0.116875 0.849623
0.130605 0.852689
0.127433 0.872738
0.109334 0.878933
0.116040 0.894095
0.118498 0.893629
0.129448 0.900143
0.127216 0.884868
0.145660 0.871628
0.146976 0.869363
0.147953 0.875749
0.150721 0.881972
0.159753 0.878412
0.165016 0.874315
0.164540 0.866954
0.170986 0.854728
0.182905 0.855803
0.191801 0.865371
0.185096 0.850022
0.194174 0.829820
0.198260 0.837439
0.202929 0.841868
0.205330 0.841251
0.205252 0.839001
0.210397 0.835961
0.211925 0.826328
0.192781 0.820992
0.185975 0.806232
0.190823 0.807244
0.214156 0.804319
0.208080 0.790720
0.191551 0.798430
0.190925 0.779328
0.174656 0.783306
0.175178 0.776279
0.169241 0.762954
0.160872 0.778888
0.160290 0.779956
0.139952 0.786703
0.135046 0.789580
0.123010 0.790965
0.118755 0.789182
0.119442 0.786050
0.123029 0.768216
0.116688 0.764941
0.112996 0.764148
0.103428 0.768772
0.097313 0.777522
0.087792 0.771346
0.092532 0.766843
0.088421 0.760103
0.087231 0.754038
0.087657 0.738768
0.088463 0.732425
0.090946 0.731297
0.095039 0.728815
0.099391 0.740462
0.099409 0.744055
0.101462 0.740252
0.102526 0.741296
0.113835 0.749611
0.120532 0.756557
0.121458 0.754850
0.122130 0.745591
0.127599 0.743453
0.130622 0.745643
0.137905 0.752189
0.145639 0.761014
0.165771 0.748992
0.177408 0.746357
0.179712 0.745894
0.185627 0.756393
0.185728 0.758780
0.195627 0.761234
0.193901 0.766350
0.202227 0.780558
0.212058 0.781929
0.215425 0.783803
0.211099 0.767031
0.212182 0.752269
0.202452 0.752262
0.202699 0.742957
0.202941 0.742508
0.208301 0.717046
0.218653 0.743010
0.228126 0.749812
0.231910 0.753116
0.235674 0.763334
0.228492 0.769521
0.244387 0.782650
0.263779 0.786852
0.266223 0.789934
0.267341 0.772137
0.262722 0.764250
0.267194 0.761274
0.279294 0.775022
0.293613 0.779428
0.298601 0.781719
0.281239 0.794821
0.286767 0.805732
0.287842 0.817461
0.293663 0.816642
0.295772 0.787270
0.306264 0.785311
0.309992 0.798479
0.313331 0.804909
0.317579 0.807734
0.321170 0.806550
0.322188 0.816530
0.319436 0.818986
0.309479 0.824331
0.322428 0.828505
0.325974 0.818324
0.327720 0.814130
0.335231 0.823098
0.353181 0.827957
0.355994 0.845627
0.373004 0.860810
0.367087 0.860695
0.361991 0.860295
0.356981 0.860597
0.355678 0.854095
0.343473 0.851847
0.340979 0.856138
0.337230 0.851622
0.327853 0.833253
0.324695 0.843674
0.310007 0.850072
0.301729 0.848848
0.299805 0.846495
0.293319 0.875130
0.282969 0.875151
0.282509 0.883193
0.276908 0.882544
0.274728 0.880868
0.272122 0.886679
0.265747 0.898988
0.259262 0.894997
0.246633 0.895565
0.234377 0.892751
0.235451 0.886399
0.237903 0.885670
0.245845 0.879766
0.235786 0.872534
0.233459 0.868292
0.236804 0.863665
0.240150 0.866677
0.249201 0.869393
0.252109 0.866631
0.273834 0.871098
0.283350 0.868976
0.281649 0.846287
0.290582 0.837660
0.286267 0.830700
0.280224 0.835950
0.262582 0.849665
0.244877 0.848152
0.241595 0.826827
0.247214 0.832481
0.270894 0.831241
0.277228 0.818493
0.274977 0.819323
0.263298 0.813713
0.250598 0.810513
0.233993 0.794115
0.227383 0.806590
0.232689 0.822747
0.231475 0.832762
0.214750 0.837789
0.216293 0.839855
0.213683 0.848896
0.216083 0.858556
0.229103 0.867938
0.216417 0.870530
0.181655 0.892841
0.197611 0.892167
0.206465 0.898697
0.207702 0.902529
0.221186 0.917105
0.213581 0.921812
0.210263 0.928393
0.214461 0.929571
0.213910 0.931759
0.219350 0.937903
0.226427 0.939601
0.223137 0.942337
0.215970 0.953058
0.197637 0.946158
0.197767 0.936543
0.196704 0.934816
0.202909 0.922950
0.204759 0.911149
0.193199 0.914245
0.188288 0.933247
0.182240 0.934397
0.180265 0.930462
0.184053 0.928355
0.176960 0.924138
0.171779 0.918278
0.175547 0.907157
0.171251 0.904474
0.173667 0.896670
0.164103 0.902993
0.149996 0.920039
0.170780 0.936349
0.177589 0.948271
0.171363 0.948963
0.172168 0.960982
0.173909 0.967801
0.162924 0.962819
0.156906 0.957130
0.161292 0.973000
0.167396 0.983348
0.162019 0.984634
0.150807 0.984108
0.143252 0.990230
0.136126 0.995373
0.136158 0.998626
0.157687 0.997921
0.164014 0.995036
0.193410 0.997575
0.197074 0.994010
0.207238 0.994129
0.218236 0.997765
0.241886 0.995811
0.219293 0.979956
0.216056 0.978753
0.211570 0.976712
0.220831 0.966621
0.226333 0.965377
0.243879 0.939882
0.247879 0.930276
0.243438 0.918174
0.257526 0.915056
0.290641 0.917461
0.299566 0.931840
0.301316 0.934231
0.308461 0.927259
0.310906 0.920963
0.303761 0.922069
0.295265 0.903882
0.313874 0.890877
0.315527 0.885576
0.328878 0.865471
0.332538 0.865779
0.338154 0.873103
0.331616 0.881011
0.341133 0.903806
0.344736 0.906016
0.349448 0.914528
0.346758 0.916781
0.341382 0.916279
0.336462 0.915404
0.332756 0.917857
0.341239 0.926472
0.331872 0.932459
0.327850 0.944620
0.348644 0.935599
0.349454 0.943254
0.345714 0.946774
0.352087 0.949788
0.344325 0.954821
0.356565 0.965906
0.342587 0.968930
0.341932 0.972204
0.342955 0.971839
0.344602 0.972444
0.345031 0.980415
0.344382 0.984316
0.337663 0.977337
0.333760 0.979514
0.319352 0.963293
0.291051 0.954795
0.285053 0.943366
0.283639 0.949746
0.279806 0.959279
0.270902 0.962050
0.265795 0.950486
0.246189 0.955978
0.244173 0.960146
0.241574 0.967754
0.242709 0.968421
0.255618 0.973770
0.265817 0.974071
0.269649 0.971299
0.290058 0.971757
0.291306 0.981425
0.288633 0.983792
0.283061 0.986401
0.257955 0.989428
0.248745 0.981380
0.249263 0.983815
0.250270 0.996524
0.263808 0.998358
0.272912 0.999960
0.275948 0.995297
0.285829 0.999261
0.309608 0.998413
0.313046 0.990549
0.304955 0.987672
0.302637 0.977291
0.307126 0.977958
0.313583 0.981372
0.326938 0.984858
0.327479 0.984885
0.326983 0.998373
0.333238 0.987769
0.334304 0.989211
0.353331 0.990874
0.366640 0.992730
0.369970 0.992841
0.363478 0.984179
0.363819 0.979244
0.367044 0.972883
0.370440 0.960661
0.379025 0.971686
0.394612 0.961424
0.400582 0.969103
0.404007 0.976804
0.405185 0.991741
0.413162 0.991307
0.413688 0.995757
0.420818 0.991963
0.416139 0.985384
0.408385 0.978560
0.409878 0.975292
0.417033 0.951037
0.425176 0.935881
0.412451 0.933207
0.409410 0.931837
0.397197 0.955315
0.390871 0.950806
0.369159 0.936344
0.365318 0.929820
0.359546 0.922526
0.369345 0.926375
0.374865 0.925374
0.376335 0.913770
0.382061 0.922692
0.418096 0.911515
0.428022 0.911030
0.444039 0.910789
0.445815 0.909775
0.434507 0.903178
0.424530 0.903511
0.415798 0.889561
0.413343 0.891651
0.409282 0.887785
0.396473 0.881783
0.396392 0.859530
0.404793 0.854624
0.403677 0.850758
0.415143 0.844204
0.429434 0.857478
0.417089 0.858420
0.404117 0.875625
0.430077 0.886382
0.434227 0.886414
0.443505 0.898948
0.450230 0.888663
0.451253 0.886254
0.452996 0.892780
0.466090 0.897629
0.473478 0.899307
0.480023 0.904560
0.473992 0.896784
0.471129 0.888558
0.472427 0.886777
0.476385 0.863297
0.456920 0.879090
0.457602 0.874514
0.457107 0.866534
0.443871 0.856612
0.446295 0.855834
0.449341 0.843345
0.461574 0.843696
0.463426 0.848885
0.464360 0.847601
0.465966 0.842489
0.479500 0.848861
0.477489 0.843788
0.477836 0.841753
0.479408 0.835927
0.461283 0.810135
0.465782 0.808025
0.473349 0.807655
0.476104 0.795354
0.485219 0.808579
0.486454 0.806429
0.490937 0.795570
0.501670 0.800021
0.495866 0.795029
0.494942 0.789386
0.496096 0.778281
0.489952 0.771810
0.487589 0.764350
0.512195 0.761284
0.504642 0.751167
0.502841 0.743191
0.494013 0.757670
0.487324 0.748998
0.480148 0.751720
0.465900 0.745814
0.467834 0.730625
0.472045 0.720447
0.474258 0.717098
0.478143 0.727220
0.493488 0.722850
0.505801 0.725271
0.515628 0.729964
0.510765 0.723285
0.511642 0.705503
0.524875 0.703310
0.527064 0.700012
0.530160 0.707727
0.527242 0.717862
0.528437 0.731830
0.534257 0.712848
0.546455 0.714071
0.548285 0.730930
0.541948 0.732612
0.534155 0.738773
0.546878 0.756793
0.544667 0.758468
0.539731 0.759889
0.524571 0.762741
0.540436 0.779372
0.555047 0.766975
0.567372 0.758917
0.568326 0.768309
0.567803 0.772729
0.566370 0.786397
0.565824 0.795447
0.553384 0.801297
0.565371 0.816357
0.569028 0.815179
0.570645 0.812496
0.581220 0.814565
0.580414 0.818317
0.583753 0.836751
0.563246 0.842575
0.565446 0.854161
0.581683 0.847289
0.596288 0.858202
0.586260 0.880505
0.576430 0.872264
0.575740 0.877239
0.575236 0.886702
0.570792 0.900454
0.562850 0.906443
0.561121 0.921215
0.550507 0.914421
0.557280 0.897892
0.560192 0.888623
0.547406 0.887812
0.559317 0.872055
0.543782 0.850897
0.542758 0.846332
0.545572 0.837641
0.548226 0.835734
0.520992 0.816097
0.515289 0.812656
0.524706 0.811695
0.529852 0.812172
0.538017 0.807712
0.534052 0.804518
0.530788 0.802220
0.514395 0.793500
0.496957 0.827018
0.500235 0.845341
0.492645 0.848667
0.490878 0.859654
0.496823 0.886366
0.503051 0.877136
0.508980 0.860801
0.505239 0.848646
0.513603 0.846482
0.522859 0.841790
0.522482 0.839680
0.528496 0.836691
0.530333 0.838852
0.533329 0.846796
0.544231 0.865203
0.544501 0.869580
0.535356 0.877340
0.535765 0.881968
0.531083 0.878677
0.517607 0.876790
0.513947 0.882693
0.516315 0.883875
0.527704 0.890743
0.539046 0.903046
0.523872 0.905228
0.515590 0.908928
0.519020 0.919560
0.506193 0.917954
0.499852 0.914048
0.460631 0.926475
0.448967 0.928771
0.439752 0.947645
0.455998 0.963582
0.463819 0.956101
0.473734 0.963654
0.478038 0.946463
0.480890 0.953700
0.488531 0.954536
0.493387 0.957496
0.491596 0.975309
0.486900 0.980255
0.487457 0.982590
0.485504 0.987263
0.474590 0.983280
0.469370 0.978366
0.446496 0.976186
0.450190 0.994815
0.482420 0.990701
0.483760 0.994372
0.491576 0.998095
0.502335 0.989394
0.505387 0.994033
0.512803 0.994834
0.517532 0.987584
0.511682 0.984354
0.504564 0.960740
0.505843 0.960304
0.514477 0.968051
0.522129 0.965419
0.528412 0.956361
0.517972 0.951168
0.512470 0.942937
0.518058 0.945663
0.524755 0.941515
0.525575 0.931884
0.527524 0.932415
0.532841 0.941564
0.539282 0.941517
0.554527 0.942066
0.550415 0.949687
0.541400 0.963301
0.545450 0.973661
0.549956 0.985486
0.546710 0.993356
0.536136 0.999780
0.564035 0.995663
0.569406 0.998226
0.575732 0.993522
0.575942 0.992491
0.571055 0.980344
0.581404 0.977357
0.579917 0.975923
0.569799 0.969709
0.570707 0.966968
0.569082 0.963823
0.564516 0.961388
0.566871 0.961170
0.575004 0.950991
0.577796 0.938119
0.585846 0.947403
0.589719 0.940393
0.598968 0.937226
0.604379 0.938610
0.627722 0.956093
0.627261 0.972136
0.630387 0.976653
0.620003 0.977737
0.613725 0.979399
0.607100 0.976025
0.604540 0.974815
0.612962 0.983154
0.605761 0.999322
0.635345 0.995585
0.640883 0.994888
0.666843 0.984063
0.662339 0.972431
0.652221 0.967063
0.651548 0.960407
0.629139 0.937709
0.637532 0.924376
0.630608 0.912908
0.628112 0.908224
0.612578 0.909367
0.615511 0.919172
0.609720 0.916290
0.600790 0.920420
0.599249 0.925058
0.598882 0.930239
0.582091 0.930771
0.582534 0.928742
0.585709 0.922921
0.594782 0.907474
0.602324 0.907285
0.610007 0.900634
0.616032 0.899371
0.612529 0.889775
0.620193 0.896331
0.622688 0.895010
0.626952 0.886182
0.625434 0.882961
0.627473 0.876772
0.636772 0.867777
0.628466 0.860581
0.614245 0.858814
0.609648 0.849652
0.599408 0.847059
0.611452 0.833542
0.620227 0.845755
0.637760 0.845265
0.644654 0.839418
0.654198 0.871140
0.643783 0.881598
0.639566 0.892529
0.635657 0.902961
0.646312 0.892779
0.656093 0.895602
0.659149 0.894281
0.665755 0.896362
0.663424 0.912678
0.653993 0.914039
0.648440 0.938079
0.649133 0.941742
0.654888 0.942552
0.661162 0.938507
0.661386 0.928876
0.670454 0.933864
0.670497 0.938299
0.684580 0.931222
0.698089 0.933468
0.699463 0.950203
0.700799 0.954591
0.705793 0.959911
0.697631 0.955026
0.697109 0.952785
0.687779 0.946625
0.687957 0.947508
0.685596 0.965098
0.684504 0.982289
0.681298 0.982533
0.676174 0.991193
0.669694 0.999080
0.691308 0.991686
0.699083 0.998322
0.705544 0.984928
0.707825 0.981841
0.724858 0.997009
0.725516 0.979111
0.707702 0.961745
0.718778 0.957617
0.725725 0.965360
0.736757 0.962966
0.742982 0.960246
0.734496 0.948042
0.733013 0.946727
0.733870 0.943219
0.739547 0.937152
0.741758 0.932171
0.731187 0.933183
0.722498 0.928738
0.732611 0.921659
0.741978 0.916420
0.744199 0.909440
0.732208 0.900549
0.731154 0.896088
0.746977 0.896436
0.743010 0.882727
0.753783 0.888010
0.757920 0.886102
0.761800 0.888345
0.757581 0.881141
0.767374 0.879152
0.764407 0.871258
0.750989 0.872065
0.751612 0.862775
0.752754 0.843379
0.754668 0.839976
0.754795 0.836146
0.751155 0.836349
0.739015 0.832003
0.732532 0.830813
0.712679 0.830067
0.707585 0.842251
0.693430 0.852561
0.704025 0.848535
0.710718 0.844383
0.718256 0.840060
0.734148 0.851016
0.731150 0.865654
0.737055 0.870872
0.728303 0.880950
0.710847 0.889773
0.722567 0.906283
0.721505 0.907965
0.717515 0.909503
0.705587 0.909983
0.706173 0.907517
0.705540 0.906747
0.702700 0.906413
0.695542 0.904274
0.684729 0.902508
0.678231 0.894619
0.691360 0.888482
0.691281 0.882153
0.699044 0.877633
0.698573 0.873579
0.694746 0.860556
0.688793 0.870290
0.682992 0.872905
0.669479 0.867435
0.669744 0.853150
0.661122 0.852065
0.668079 0.840867
0.662097 0.820879
0.662421 0.818669
0.655104 0.818277
0.651935 0.815430
0.642722 0.818204
0.625059 0.811610
0.634626 0.809582
0.649747 0.809379
0.671001 0.806583
0.675951 0.806642
0.680508 0.811858
0.682081 0.812722
0.692817 0.816195
0.695666 0.813275
0.708465 0.805121
0.699828 0.799812
0.708720 0.779142
0.715188 0.802360
0.721235 0.804752
0.739052 0.799192
0.743219 0.807604
0.752258 0.797675
0.764289 0.779156
0.754540 0.768033
0.755455 0.763046
0.767557 0.772670
0.779009 0.776127
0.792073 0.767472
0.789627 0.765372
0.781744 0.764447
0.772305 0.743513
0.770134 0.745042
0.758266 0.743940
0.744366 0.731525
0.730539 0.721527
0.735778 0.714803
0.741789 0.717372
0.753658 0.729157
0.765531 0.719387
0.765531 0.721548
0.763122 0.725781
0.761670 0.733405
0.770797 0.739180
0.774441 0.734765
0.783914 0.726687
0.783910 0.739091
0.786960 0.741016
0.791190 0.741926
0.796731 0.755478
0.804493 0.741758
0.800905 0.737254
0.808950 0.730478
0.807981 0.727443
0.812850 0.720549
0.817764 0.722641
0.818986 0.740906
0.823238 0.742862
0.827929 0.740105
0.832119 0.743122
0.829847 0.750649
0.821186 0.754579
0.824218 0.757539
0.811492 0.778222
0.802792 0.784197
0.792891 0.788897
0.788288 0.791200
0.774498 0.798466
0.764927 0.799519
0.761694 0.823335
0.790328 0.831431
0.784943 0.840251
0.791352 0.848818
0.772650 0.852211
0.775415 0.866114
0.781387 0.872381
0.792580 0.862639
0.797358 0.867021
0.799655 0.896383
0.798731 0.901430
0.801525 0.908740
0.807308 0.915800
0.824402 0.913171
0.825569 0.920773
0.823861 0.928111
0.826296 0.932060
0.832105 0.933474
0.830112 0.939904
0.819718 0.947401
0.803493 0.947943
0.801107 0.920614
0.793241 0.924831
0.773665 0.901476
0.763272 0.922427
0.760416 0.931709
0.755782 0.933508
0.758136 0.958528
0.760409 0.963220
0.757201 0.965995
0.747848 0.961270
0.744321 0.978355
0.743744 0.982834
0.738890 0.986430
0.756428 0.988671
0.764638 0.989833
0.767489 0.971324
0.774207 0.968064
0.777715 0.960905
0.776955 0.947817
0.792439 0.985999
0.797177 0.974446
0.813731 0.969385
0.814604 0.961165
0.822396 0.964798
0.828697 0.957657
0.833483 0.959985
0.825764 0.968899
0.824009 0.970373
0.814154 0.994221
0.821242 0.993578
0.826140 0.998556
0.858591 0.996444
0.858067 0.986894
0.856524 0.972065
0.872372 0.971103
0.871240 0.967164
0.860756 0.959895
0.849726 0.959892
0.851120 0.951156
0.843173 0.944172
0.862116 0.939872
0.848419 0.928331
0.865413 0.911039
0.870748 0.903897
0.860696 0.900501
0.849682 0.902889
0.847842 0.896614
0.838052 0.905811
0.832601 0.900782
0.832090 0.898430
0.837810 0.896194
0.857277 0.881324
0.862369 0.884079
0.865550 0.894711
0.871810 0.880473
0.874283 0.888669
0.875914 0.890651
0.892579 0.892885
0.887685 0.902400
0.883416 0.904977
0.890156 0.912648
0.889875 0.913298
0.884508 0.916684
0.881149 0.917003
0.888131 0.918413
0.907197 0.921202
0.922302 0.924292
0.926414 0.938588
0.913821 0.932495
0.901180 0.948157
0.900879 0.956789
0.895534 0.956896
0.886387 0.957617
0.884702 0.960964
0.889447 0.963529
0.894276 0.991198
0.911235 0.997141
0.917692 0.994472
0.914699 0.983825
0.909529 0.985148
0.910916 0.977827
0.906811 0.968789
0.907499 0.959727
0.912018 0.958997
0.917790 0.967724
0.918213 0.967526
0.930478 0.955772
0.932784 0.969481
0.924086 0.974957
0.920614 0.987011
0.926906 0.988399
0.950737 0.981797
0.950038 0.984327
0.951516 0.985709
0.953470 0.994211
0.974416 0.989553
0.977637 0.980782
0.994371 0.989136
0.991194 0.973803
0.996273 0.957086
0.999711 0.953375
0.993758 0.957360
0.984826 0.959712
0.977585 0.963416
0.962619 0.967739
0.965383 0.963504
0.969643 0.951291
0.974510 0.950652
0.978523 0.939963
0.968314 0.950059
0.954739 0.953291
0.952915 0.955750
0.952089 0.968817
0.941226 0.959356
0.939511 0.935161
0.950811 0.937816
0.955885 0.918828
0.978284 0.924755
0.982597 0.929442
0.984352 0.934526
0.990794 0.940512
0.999793 0.934565
0.992556 0.926566
0.979186 0.912406
0.978658 0.908139
0.984580 0.901145
0.988257 0.895898
0.992283 0.895772
0.995116 0.880614
0.978802 0.879061
0.982002 0.870548
0.974607 0.868680
0.977173 0.863802
0.985072 0.862871
0.991038 0.859742
0.981444 0.855938
0.981727 0.853732
0.970225 0.844328
0.967950 0.851636
0.962418 0.862211
0.953672 0.853979
0.945589 0.870209
0.959097 0.873940
0.961954 0.877542
0.965019 0.880048
0.949626 0.893496
0.937020 0.893350
0.926637 0.909332
0.920946 0.915181
0.906388 0.902870
0.898385 0.894166
0.914562 0.892179
0.910008 0.880931
0.915494 0.879097
0.908257 0.870472
0.921908 0.863901
0.931031 0.857930
0.923972 0.853390
0.936378 0.818153
0.933750 0.806992
0.942787 0.810493
0.955095 0.801090
0.953902 0.812761
0.950481 0.814915
0.950134 0.827553
0.951996 0.843606
0.955799 0.840668
0.956736 0.832248
0.960225 0.819078
0.962492 0.818894
0.965575 0.818691
0.994224 0.803668
0.999665 0.764473
0.992570 0.771227
0.983301 0.782270
0.977278 0.785466
0.975142 0.793565
0.963097 0.786751
0.960759 0.782502
0.958193 0.778450
0.947052 0.780436
0.926376 0.787692
0.923270 0.787201
0.919697 0.799959
0.919398 0.800486
0.918930 0.805352
0.915738 0.803174
0.904191 0.788625
0.910443 0.783649
0.915107 0.761912
0.912554 0.760592
0.909942 0.763565
0.894365 0.787870
0.889188 0.795413
0.892011 0.812587
0.906869 0.819442
0.906976 0.827566
0.892114 0.833796
0.894780 0.837919
0.890510 0.848624
0.908230 0.860152
0.893876 0.876887
0.892965 0.878456
0.886285 0.882690
0.887501 0.872218
0.883586 0.864931
0.886314 0.862770
0.883888 0.850982
0.880482 0.849650
0.870149 0.838232
0.864645 0.832228
0.875310 0.823697
0.868189 0.818423
0.857922 0.820497
0.845801 0.803496
0.838703 0.800786
0.829172 0.808356
0.831150 0.811655
0.832527 0.816769
0.831666 0.818603
0.838361 0.818380
0.836899 0.833038
0.839636 0.834799
0.835907 0.847740
0.848710 0.845262
0.849935 0.845172
0.862013 0.851629
0.862230 0.862648
0.876785 0.860184
0.871668 0.869397
0.851392 0.871205
0.837756 0.875832
0.824062 0.877986
0.821487 0.868618
0.826681 0.864753
0.836382 0.861645
0.828469 0.856065
0.813115 0.844796
0.803604 0.837930
0.821072 0.828267
0.818700 0.823227
0.815101 0.821062
0.802466 0.812449
0.800055 0.813963
0.783564 0.819684
0.794400 0.802147
0.808213 0.783454
0.819685 0.788944
0.834939 0.771407
0.836916 0.761879
0.851105 0.745906
0.864392 0.738611
0.856277 0.739780
0.851165 0.737539
0.846592 0.726677
0.863611 0.719965
0.856767 0.708433
0.861991 0.703630
0.854522 0.702215
0.827814 0.719082
0.821063 0.719617
0.819540 0.705297
0.796888 0.701667
0.785256 0.708542
0.783235 0.710041
0.784060 0.700884
0.782060 0.687619
0.771973 0.694206
0.763878 0.696981
0.762079 0.702102
0.750490 0.699629
0.751946 0.689953
0.733584 0.677925
0.724081 0.673868
0.716017 0.671412
0.728003 0.658072
0.737696 0.656543
0.738867 0.656942
0.744890 0.651911
0.744905 0.667227
0.742469 0.672579
0.750152 0.668375
0.753842 0.668088
0.762710 0.668554
0.766483 0.681168
0.771262 0.672612
0.774420 0.671694
0.786424 0.677396
0.796626 0.668452
0.800784 0.661220
0.801046 0.655618
0.794337 0.657747
0.787029 0.645291
0.791826 0.633195
0.782965 0.624599
0.789719 0.621762
0.785023 0.616963
0.787978 0.611261
0.791918 0.614850
0.794168 0.614016
0.795293 0.625002
0.814663 0.622675
0.818094 0.619160
0.816462 0.624972
0.814448 0.643489
0.811796 0.654409
0.817130 0.653667
0.817775 0.657885
0.818666 0.660298
0.845271 0.656481
0.832714 0.680102
0.828876 0.680437
0.828362 0.683387
0.815270 0.684752
0.808277 0.682590
0.820825 0.691213
0.832406 0.691602
0.836912 0.686133
0.844641 0.694598
0.849596 0.690892
0.861463 0.682923
0.862767 0.679832
0.869212 0.693428
0.889255 0.697418
0.892201 0.707996
0.890672 0.715207
0.888060 0.733259
0.881225 0.728966
0.869060 0.744701
0.864536 0.748006
0.867048 0.770499
0.849075 0.781374
0.858551 0.791798
0.859343 0.783857
0.865444 0.783749
0.879581 0.764152
0.882980 0.761170
0.876793 0.757283
0.890538 0.744802
0.904071 0.734956
0.906811 0.734881
0.909810 0.720534
0.918968 0.716252
0.920804 0.712307
0.905884 0.707946
0.906134 0.700775
0.904373 0.684304
0.894594 0.663490
0.899364 0.658022
0.890864 0.655892
0.881269 0.679456
0.876140 0.681383
0.867791 0.664107
0.863790 0.663746
0.870743 0.648690
0.880186 0.635187
0.870585 0.636927
0.863310 0.648647
0.859424 0.643929
0.847717 0.646984
0.849828 0.623063
0.847292 0.621503
0.857466 0.603282
0.858714 0.589262
0.863514 0.580059
0.889519 0.565056
0.910103 0.565787
0.919308 0.576075
0.920197 0.576179
0.924892 0.579072
0.926165 0.598303
0.914514 0.588004
0.904051 0.597739
0.895572 0.601424
0.901998 0.591549
0.895606 0.584972
0.893103 0.581890
0.880479 0.586328
0.882536 0.591590
0.874296 0.608632
0.881418 0.621451
0.903432 0.611219
0.906629 0.630432
0.917994 0.626934
0.922115 0.621083
0.926344 0.614407
0.948762 0.592872
0.952686 0.594994
0.968876 0.603862
0.980225 0.603238
0.982478 0.604036
0.981822 0.604777
0.978769 0.615841
0.964121 0.619728
0.958473 0.624151
0.948633 0.627109
0.945375 0.630865
0.943720 0.628213
0.941333 0.630191
0.932442 0.632509
0.935226 0.633535
0.937149 0.637017
0.941793 0.653451
0.948435 0.653329
0.950357 0.654397
0.945948 0.668200
0.952771 0.674191
0.955454 0.685060
0.950803 0.694274
0.942978 0.697927
0.946098 0.690854
0.946623 0.679521
0.947500 0.677551
0.927263 0.676791
0.921946 0.675672
0.918810 0.679585
0.940159 0.707443
0.939329 0.714151
0.940828 0.716991
0.952365 0.724662
0.952495 0.729793
0.954412 0.746035
0.940635 0.750179
0.932132 0.746832
0.930768 0.753597
0.933430 0.753986
0.951992 0.759091
0.951456 0.760612
0.955453 0.769368
0.955055 0.761603
0.961676 0.753711
0.974011 0.749611
0.978604 0.753493
0.977008 0.746589
0.982854 0.743037
0.997775 0.737040
0.985812 0.727780
0.982017 0.729171
0.978404 0.735603
0.978903 0.725440
0.960028 0.715476
0.959649 0.712374
0.958781 0.692905
0.962651 0.682611
0.974922 0.692205
0.983127 0.701194
0.987710 0.692760
0.988674 0.680161
0.997707 0.670465
0.995861 0.669009
0.980203 0.671002
0.967303 0.668283
0.969159 0.644660
0.965228 0.643783
0.963067 0.633902
0.968557 0.641667
0.990568 0.644148
0.989365 0.637752
0.997106 0.628257
0.998537 0.619199
0.997782 0.618630
0.999964 0.602282
0.995858 0.602534
0.988441 0.592720
0.988026 0.589323
0.979967 0.582080
0.981835 0.580506
0.973622 0.569152
0.970238 0.553929
0.973481 0.550269
0.975844 0.552137
0.985720 0.556494
0.990523 0.551672
0.998219 0.567412
0.999397 0.567999
0.999481 0.552828
0.991018 0.525831
0.987830 0.517239
0.991484 0.506008
0.986733 0.497032
0.969345 0.504822
0.955480 0.514784
0.953550 0.525690
0.969449 0.520686
0.970839 0.520514
0.972281 0.525860
0.975703 0.528449
0.960652 0.537207
0.948448 0.554375
0.943869 0.560577
0.945950 0.569616
0.952228 0.565450
0.956331 0.577045
0.954793 0.581364
0.933002 0.574956
0.926947 0.557896
0.931136 0.544615
0.925914 0.543969
0.922585 0.549424
0.916240 0.553415
0.906137 0.542046
0.898697 0.544104
0.892016 0.531327
0.883167 0.537054
0.881346 0.541101
0.865101 0.544793
0.864808 0.553759
0.862797 0.561585
0.844801 0.548892
0.844019 0.552865
0.849683 0.562864
0.848483 0.565100
0.860753 0.574790
0.850527 0.583396
0.841790 0.581605
0.826400 0.571710
0.828150 0.576165
0.829043 0.578355
0.829291 0.595680
0.821037 0.598347
0.818310 0.589988
0.808452 0.595156
0.804998 0.604646
0.787237 0.589272
0.769365 0.589922
0.770723 0.595959
0.758316 0.601297
0.774745 0.610671
0.755727 0.634694
0.741069 0.621439
0.725466 0.623567
0.718583 0.625022
0.720593 0.607272
0.709813 0.603814
0.710417 0.602708
0.700860 0.595929
0.722965 0.600516
0.729377 0.591884
0.736153 0.590186
0.739497 0.585713
0.743814 0.591227
0.746852 0.603927
0.752148 0.601735
0.751714 0.599282
0.750431 0.588058
0.742398 0.577492
0.736502 0.577896
0.737580 0.561219
