0.973232 0.698422
0.979180 0.694065
0.984834 0.690991
0.977565 0.682570
0.973063 0.682403
0.968118 0.677034
0.966778 0.670056
0.963982 0.660217
0.962448 0.652403
0.955489 0.659432
0.956279 0.672845
0.947932 0.681097
0.942052 0.693099
0.937299 0.688619
0.939402 0.686314
0.933665 0.684534
0.922532 0.689342
0.912609 0.703817
0.907447 0.694103
0.912267 0.686511
0.901760 0.688127
0.896019 0.680137
0.893377 0.678809
0.894653 0.664973
0.902116 0.668999
0.909075 0.672346
0.912705 0.673568
0.924224 0.667886
0.900360 0.654226
0.893961 0.644299
0.893123 0.643777
0.896122 0.640027
0.902035 0.635044
0.912593 0.635884
0.920403 0.638050
0.921119 0.645577
0.921633 0.654422
0.939251 0.661923
0.943299 0.641221
0.951085 0.638103
0.950238 0.633676
0.953312 0.627967
0.943757 0.621059
0.931301 0.625293
0.932392 0.632976
0.914828 0.626202
0.906414 0.621988
0.900981 0.622999
0.897856 0.621135
0.893281 0.619551
0.878698 0.629582
0.878629 0.641720
0.866536 0.635418
0.858675 0.620629
0.854578 0.621592
0.850195 0.616790
0.852055 0.613428
0.862162 0.609416
0.866628 0.601395
0.867735 0.605223
0.865420 0.608143
0.868868 0.614851
0.871653 0.608101
0.876365 0.608610
0.884312 0.595340
0.890727 0.599662
0.896580 0.590099
0.903146 0.586663
0.909026 0.595652
0.918742 0.595908
0.918290 0.590409
0.916060 0.581726
0.922869 0.566426
0.926014 0.571769
0.927191 0.571627
0.931014 0.587097
0.938746 0.590582
0.934596 0.601881
0.930922 0.610667
0.955319 0.606823
0.955196 0.596254
0.966029 0.578629
0.950004 0.564251
0.942886 0.564651
0.939427 0.557357
0.935867 0.558707
0.923648 0.553702
0.916623 0.550671
0.925744 0.532942
0.917173 0.537499
0.903429 0.532628
0.910170 0.541424
0.911393 0.544428
0.909698 0.553792
0.907030 0.561149
0.893145 0.555417
0.898493 0.545030
0.884752 0.533457
0.879714 0.531811
0.879073 0.530515
0.876635 0.533177
0.848488 0.538294
0.841044 0.527536
0.843270 0.515399
0.833374 0.502364
0.835618 0.499572
0.852494 0.481672
0.862139 0.490444
0.874846 0.491180
0.882651 0.487981
0.884033 0.497088
0.904397 0.490531
0.903089 0.503362
0.903830 0.508347
0.903873 0.513132
0.899556 0.516550
0.918409 0.516674
0.919251 0.516018
0.922782 0.517295
0.916977 0.503574
0.913949 0.497411
0.927162 0.502391
0.934580 0.502073
0.933632 0.482442
0.932620 0.479293
0.925513 0.458407
0.936301 0.459329
0.944530 0.476572
0.962422 0.484024
0.971571 0.475210
0.959477 0.453940
0.953247 0.452080
0.943412 0.451928
0.947474 0.425969
0.948619 0.416092
0.955266 0.403326
0.983950 0.382368
0.979650 0.386714
0.967612 0.401969
0.965205 0.413903
0.959944 0.415750
0.966098 0.423543
0.971423 0.432638
0.968456 0.442574
0.974416 0.448333
0.980834 0.450544
0.993255 0.434017
0.993563 0.416509
0.997582 0.411193
0.998639 0.432088
0.993516 0.435803
0.996331 0.473630
0.998696 0.491806
0.998209 0.493005
0.994434 0.515186
0.985927 0.528073
0.991901 0.532323
0.990167 0.536225
0.982656 0.533689
0.979827 0.528764
0.978267 0.528834
0.976017 0.521912
0.984166 0.515516
0.992688 0.505605
0.984590 0.495895
0.977129 0.495031
0.948810 0.512910
0.953534 0.518192
0.950257 0.530273
0.948340 0.543416
0.966229 0.534456
0.966368 0.543121
0.962375 0.550232
0.983124 0.554864
0.979307 0.562054
0.980563 0.572069
0.994023 0.584478
0.996451 0.594791
0.997387 0.596281
0.970640 0.593894
0.962374 0.594095
0.965480 0.602989
0.982884 0.620274
0.990423 0.636192
0.979148 0.635446
0.976589 0.662134
0.985849 0.668766
0.990840 0.659300
0.993584 0.659827
0.991646 0.665581
0.991710 0.684381
0.999649 0.694204
0.995829 0.709286
0.991632 0.710629
0.974452 0.710668
0.964726 0.705399
0.965029 0.722607
0.978715 0.734085
0.978823 0.736481
0.979131 0.749436
0.962893 0.740455
0.955268 0.728696
0.948082 0.724831
0.945991 0.726584
0.949665 0.743307
0.959696 0.751033
0.949211 0.752018
0.940458 0.751560
0.931969 0.764013
0.953356 0.775113
0.934027 0.791884
0.943668 0.796908
0.945521 0.811413
0.940240 0.810499
0.938086 0.813590
0.937261 0.820057
0.937146 0.822194
0.947875 0.832804
0.955916 0.836030
0.959994 0.846567
0.958542 0.851151
0.958560 0.863522
0.951047 0.866221
0.949622 0.866641
0.955375 0.868595
0.962703 0.869678
0.969009 0.856610
0.967046 0.845510
0.984168 0.824602
0.980582 0.814712
0.974080 0.821218
0.973109 0.820574
0.960463 0.807236
0.955809 0.808068
0.959171 0.806476
0.962780 0.806284
0.962413 0.804698
0.969521 0.794573
0.976349 0.785727
0.980507 0.765225
0.999813 0.770248
0.982358 0.784684
0.987048 0.788713
0.990909 0.784459
0.994135 0.784298
0.997345 0.788789
0.998870 0.798727
0.993358 0.802749
0.997691 0.809661
0.996106 0.818857
0.989637 0.831527
0.988942 0.832550
0.983927 0.845496
0.992236 0.849599
0.989171 0.862444
0.989059 0.877036
0.982306 0.891740
0.979110 0.890534
0.966013 0.894900
0.954258 0.905240
0.953444 0.909148
0.946804 0.918235
0.943765 0.907908
0.941750 0.904724
0.930070 0.902354
0.918150 0.908428
0.909976 0.906586
0.922094 0.902127
0.933930 0.890517
0.941434 0.882810
0.938719 0.882231
0.923981 0.869281
0.913345 0.871443
0.911966 0.874047
0.900518 0.863596
0.906919 0.859050
0.910853 0.852466
0.912293 0.844553
0.929583 0.834695
0.932558 0.827710
0.926691 0.829126
0.923427 0.817719
0.914667 0.817082
0.922277 0.828534
0.902701 0.843684
0.894771 0.847332
0.891317 0.856625
0.889021 0.847150
0.881686 0.839686
0.885449 0.831781
0.889336 0.839131
0.900823 0.836139
0.897304 0.825124
0.887001 0.827059
0.876615 0.822371
0.866226 0.821151
0.867864 0.824231
0.869532 0.830130
0.861553 0.829403
0.863597 0.844738
0.862813 0.852655
0.857241 0.852160
0.852895 0.871415
0.849093 0.870124
0.844245 0.866526
0.838233 0.867318
0.828207 0.861099
0.833536 0.882827
0.832889 0.890415
0.862989 0.895709
0.863734 0.894155
0.869348 0.899778
0.875123 0.902960
0.863567 0.907059
0.869720 0.913682
0.888171 0.920061
0.890972 0.923033
0.886388 0.909965
0.891441 0.908046
0.894306 0.896902
0.889083 0.894996
0.889024 0.882551
0.885144 0.869973
0.886900 0.870742
0.894688 0.868390
0.902182 0.893793
0.894200 0.911811
0.898200 0.919069
0.903019 0.930346
0.918974 0.936409
0.920940 0.926267
0.937000 0.919782
0.945950 0.923559
0.956781 0.933500
0.960565 0.923057
0.978812 0.918832
0.985743 0.916670
0.994399 0.919849
0.988143 0.928359
0.989750 0.931983
0.949687 0.955475
0.946531 0.957883
0.955226 0.962321
0.955737 0.966108
0.964328 0.970539
0.969410 0.965603
0.975325 0.967188
0.987378 0.986055
0.963389 0.982713
0.961170 0.992655
0.953185 0.985080
0.942130 0.984421
0.940521 0.970944
0.937127 0.974730
0.933013 0.973530
0.930360 0.979320
0.935315 0.999492
0.917300 0.991713
0.915261 0.992030
0.913306 0.982605
0.911865 0.985072
0.898590 0.990635
0.897740 0.989334
0.888562 0.991631
0.886852 0.992440
0.872200 0.997592
0.855117 0.999003
0.855822 0.993192
0.852595 0.989845
0.828028 0.994346
0.814755 0.998868
0.815517 0.988483
0.817931 0.983134
0.834268 0.971734
0.835314 0.971546
0.834326 0.969077
0.843660 0.963913
0.845846 0.966516
0.852213 0.967010
0.852401 0.973139
0.850889 0.978695
0.853736 0.982910
0.883286 0.977209
0.884698 0.983567
0.890736 0.981377
0.893319 0.978880
0.893062 0.968136
0.922391 0.969571
0.930071 0.966892
0.925618 0.955140
0.914955 0.962122
0.897485 0.944024
0.894527 0.941170
0.893904 0.944665
0.887821 0.954384
0.885078 0.958007
0.880784 0.963210
0.868105 0.963437
0.878530 0.949962
0.872046 0.949549
0.864026 0.948411
0.866347 0.940590
0.849573 0.940237
0.838040 0.948318
0.827962 0.945512
0.825346 0.941691
0.844090 0.941513
0.847971 0.937532
0.853177 0.933313
0.841103 0.908882
0.821003 0.919852
0.826234 0.906427
0.830654 0.901100
0.835178 0.901965
0.833116 0.898893
0.834194 0.895669
0.815081 0.885088
0.807779 0.877204
0.797252 0.891378
0.789672 0.886461
0.781284 0.869797
0.781420 0.858346
0.785671 0.845454
0.794559 0.832231
0.776248 0.838222
0.777760 0.846449
0.773641 0.846213
0.763026 0.842046
0.743293 0.831491
0.749208 0.804526
0.761942 0.816127
0.762246 0.815302
0.791790 0.814909
0.795945 0.811289
0.803987 0.827628
0.802623 0.810529
0.800756 0.808084
0.804088 0.806507
0.802898 0.785395
0.809809 0.784254
0.808853 0.771843
0.815928 0.780946
0.822240 0.784466
0.824162 0.779361
0.828594 0.771466
0.836980 0.790718
0.820999 0.804372
0.818243 0.812930
0.821105 0.826061
0.820586 0.831781
0.822912 0.836109
0.843076 0.828919
0.846683 0.828515
0.854849 0.832238
0.853552 0.827257
0.852794 0.826970
0.849110 0.823046
0.843116 0.805363
0.849645 0.806510
0.850554 0.803837
0.864129 0.798024
0.868262 0.792030
0.877285 0.796313
0.879329 0.801025
0.871805 0.806143
0.887779 0.812894
0.889455 0.801381
0.890660 0.798701
0.886314 0.779895
0.910198 0.791045
0.918005 0.769742
0.901371 0.769549
0.903592 0.762851
0.911831 0.746531
0.907538 0.747519
0.907450 0.747600
0.885204 0.751678
0.886439 0.757340
0.884735 0.758218
0.877979 0.760714
0.888447 0.773505
0.874966 0.777336
0.860617 0.773066
0.863759 0.769567
0.862642 0.768037
0.861516 0.753663
0.827295 0.766401
0.817933 0.760225
0.816597 0.749843
0.805667 0.765958
0.785719 0.763308
0.786640 0.759249
0.774425 0.743298
0.773367 0.742358
0.764953 0.744784
0.765971 0.751038
0.762697 0.750440
0.760705 0.750322
0.756045 0.751275
0.753932 0.751230
0.750553 0.758002
0.765445 0.762626
0.770709 0.772087
0.789211 0.777724
0.789019 0.781012
0.786366 0.793473
0.763757 0.791740
0.739359 0.796519
0.729772 0.780490
0.727678 0.777003
0.721598 0.776968
0.726459 0.785107
0.726407 0.790308
0.719074 0.794916
0.725796 0.807635
0.723241 0.813382
0.718980 0.814222
0.727293 0.821326
0.727828 0.840390
0.734886 0.847002
0.724626 0.868394
0.738488 0.861047
0.741088 0.861960
0.742304 0.853132
0.747100 0.850228
0.753089 0.854181
0.755797 0.849959
0.759232 0.852164
0.763808 0.849898
0.765547 0.856332
0.763000 0.867200
0.751094 0.866915
0.746690 0.871131
0.748436 0.883643
0.744258 0.884842
0.751495 0.894340
0.765383 0.884954
0.776362 0.891738
0.795199 0.898701
0.804578 0.901795
0.793276 0.912716
0.788379 0.920969
0.780740 0.930461
0.772590 0.927712
0.769238 0.918649
0.767629 0.915527
0.760216 0.913760
0.760046 0.920061
0.769149 0.927625
0.773309 0.936495
0.772971 0.936860
0.768369 0.948057
0.761087 0.954845
0.764300 0.955592
0.764477 0.960341
0.777844 0.952956
0.787634 0.954392
0.790685 0.950574
0.791248 0.943716
0.794643 0.941588
0.797978 0.928272
0.801338 0.924016
0.799802 0.920717
0.821428 0.924068
0.820097 0.924614
0.817611 0.925270
0.812551 0.930713
0.810485 0.942737
0.802391 0.943165
0.804196 0.951894
0.809964 0.954838
0.794905 0.961407
0.798430 0.969410
0.791614 0.974606
0.790969 0.976308
0.791255 0.982177
0.800103 0.987224
0.789216 0.997025
0.777799 0.982741
0.765605 0.992105
0.737302 0.995744
0.734000 0.991434
0.726260 0.981708
0.718682 0.977642
0.719157 0.975644
0.713480 0.967920
0.711735 0.966598
0.733454 0.957723
0.744995 0.950131
0.753547 0.951910
0.749517 0.944474
0.742205 0.925709
0.737418 0.916896
0.724497 0.904555
0.729992 0.897478
0.720155 0.896302
0.714019 0.906113
0.711742 0.905493
0.711108 0.902100
0.696520 0.896439
0.706957 0.890623
0.716775 0.894458
0.717070 0.891582
0.720970 0.883993
0.718825 0.867337
0.706893 0.863621
0.702138 0.845348
0.696856 0.844488
0.701432 0.833550
0.697831 0.825506
0.693742 0.826258
0.680319 0.841325
0.683959 0.844918
0.685141 0.850961
0.684896 0.853126
0.681521 0.863154
0.682558 0.866318
0.695009 0.877101
0.685056 0.873878
0.676048 0.869673
0.662652 0.851560
0.654895 0.849784
0.657520 0.840661
0.662074 0.842814
0.660958 0.840581
0.664914 0.824293
0.670144 0.804755
0.658603 0.796925
0.653145 0.797143
0.646237 0.792047
0.639564 0.787909
0.633221 0.790602
0.638928 0.793125
0.642817 0.812603
0.636023 0.808788
0.618101 0.793539
0.612570 0.795294
0.617739 0.782411
0.620005 0.777425
0.611864 0.772224
0.599622 0.778772
0.592088 0.780279
0.591704 0.780066
0.576628 0.768820
0.568438 0.766918
0.577918 0.760205
0.569376 0.755841
0.560087 0.752779
0.558234 0.739402
0.578383 0.738302
0.578924 0.735563
0.580794 0.732379
0.585362 0.738755
0.588246 0.739492
0.597513 0.740697
0.610361 0.756369
0.614548 0.738062
0.620823 0.744139
0.636606 0.747616
0.638736 0.750750
0.641640 0.748292
0.643417 0.743812
0.646654 0.743454
0.637328 0.734515
0.648699 0.729891
0.649058 0.713879
0.640261 0.715237
0.633594 0.717304
0.635574 0.701103
0.632185 0.701175
0.605313 0.715542
0.573854 0.698324
0.563170 0.706125
0.558394 0.714859
0.551090 0.694924
0.581891 0.683963
0.585212 0.681926
0.592221 0.687089
0.593286 0.672538
0.616651 0.680961
0.637853 0.677247
0.635453 0.674855
0.625827 0.670993
0.605808 0.653568
0.608358 0.648638
0.612843 0.648944
0.620986 0.632073
0.609663 0.639330
0.609625 0.638649
0.607192 0.637623
0.598613 0.637717
0.593601 0.624884
0.579094 0.642937
0.570086 0.635108
0.564022 0.635492
0.557346 0.642310
0.579619 0.649349
0.587384 0.650459
0.589307 0.657810
0.592167 0.662485
0.578790 0.662418
0.573013 0.665682
0.564497 0.658597
0.547121 0.656086
0.528983 0.668407
0.526930 0.672125
0.527573 0.673375
0.530277 0.675758
0.540291 0.696992
0.520013 0.723178
0.507167 0.706476
0.508954 0.703325
0.501168 0.698316
0.505336 0.704162
0.503867 0.715948
0.500036 0.714312
0.487716 0.717807
0.475256 0.725172
0.482462 0.724145
0.492727 0.724438
0.491471 0.733881
0.489060 0.747352
0.480339 0.743443
0.469075 0.754924
0.481939 0.763377
0.484745 0.761113
0.498031 0.771856
0.490669 0.748412
0.495607 0.749080
0.504327 0.744646
0.501501 0.750831
0.503874 0.751316
0.506028 0.754700
0.515990 0.757466
0.528090 0.752382
0.528252 0.732047
0.535492 0.727604
0.535382 0.727326
0.537306 0.720137
0.545042 0.723878
0.546279 0.745781
0.536986 0.750505
0.532187 0.749231
0.540057 0.756536
0.548054 0.775975
0.558680 0.787223
0.564490 0.790985
0.592580 0.794866
0.600719 0.796704
0.595139 0.813034
0.609683 0.809769
0.615050 0.814241
0.618147 0.839821
0.617114 0.845615
0.622716 0.852451
0.609310 0.851862
0.596093 0.850282
0.596085 0.840988
0.588697 0.843568
0.580557 0.826173
0.570983 0.818219
0.563844 0.817915
0.564378 0.817030
0.563697 0.814900
0.559841 0.816299
0.557101 0.816122
0.556994 0.821516
0.559775 0.828609
0.559572 0.829643
0.555077 0.836330
0.550608 0.837644
0.540367 0.818490
0.530199 0.792466
0.521328 0.790316
0.524730 0.783557
0.511939 0.775251
0.505438 0.769364
0.504208 0.774096
0.499281 0.800728
0.483087 0.809744
0.476820 0.797682
0.476371 0.792455
0.469788 0.787769
0.462558 0.786496
0.460836 0.786403
0.456762 0.782465
0.447423 0.792299
0.448038 0.802617
0.448924 0.803008
0.464968 0.810279
0.473436 0.809473
0.482755 0.820082
0.485645 0.823089
0.498800 0.826992
0.504463 0.829230
0.503868 0.816921
0.502139 0.810866
0.513901 0.813306
0.522553 0.819583
0.516770 0.824539
0.524182 0.833122
0.528629 0.831556
0.532441 0.836025
0.542482 0.848709
0.546440 0.848772
0.547876 0.842025
0.551970 0.842448
0.560516 0.850732
0.563059 0.851845
0.573243 0.857087
0.573337 0.866615
0.571396 0.870202
0.567014 0.872287
0.539181 0.878498
0.540659 0.861545
0.527094 0.851346
0.527614 0.853578
0.525465 0.857622
0.519105 0.855394
0.519745 0.840356
0.509438 0.834183
0.501700 0.849452
0.503545 0.862852
0.504432 0.866172
0.502823 0.868032
0.499450 0.868392
0.499927 0.875894
0.507090 0.880470
0.493116 0.883304
0.492936 0.881224
0.493713 0.880025
0.490384 0.872166
0.480555 0.872884
0.479539 0.888762
0.466523 0.896735
0.459808 0.913413
0.468289 0.914279
0.486032 0.900137
0.486382 0.908641
0.493229 0.912982
0.498494 0.903668
0.502276 0.897260
0.507037 0.896506
0.515673 0.897466
0.517457 0.902745
0.546431 0.907835
0.550263 0.919886
0.560725 0.912653
0.567273 0.920417
0.575754 0.924917
0.569662 0.937609
0.571951 0.938338
0.573573 0.938854
0.588027 0.933459
0.594245 0.927045
0.585561 0.914078
0.586984 0.912126
0.581967 0.899679
0.609906 0.882989
0.617012 0.871211
0.622530 0.864436
0.635689 0.849931
0.642647 0.849861
0.644889 0.866906
0.644024 0.872507
0.637522 0.874276
0.644872 0.879530
0.651714 0.880069
0.650024 0.893395
0.654787 0.894968
0.658488 0.898995
0.643138 0.909858
0.639603 0.920058
0.638638 0.917611
0.626759 0.910944
0.625051 0.920888
0.612999 0.915910
0.617757 0.921843
0.618266 0.930412
0.620458 0.930579
0.632842 0.934569
0.640370 0.927251
0.655744 0.916734
0.659274 0.915988
0.665129 0.899663
0.679284 0.900868
0.675810 0.913544
0.676957 0.925834
0.661189 0.928710
0.662661 0.937321
0.662875 0.943493
0.656167 0.959294
0.667564 0.969216
0.665639 0.960577
0.668558 0.948631
0.673293 0.951377
0.679950 0.945963
0.687512 0.954519
0.689202 0.950609
0.689943 0.950116
0.700028 0.925849
0.705255 0.928362
0.712901 0.924520
0.724789 0.942401
0.716182 0.952103
0.701462 0.955513
0.694808 0.957188
0.696908 0.961642
0.695062 0.962365
0.685751 0.962551
0.682151 0.971371
0.692135 0.977793
0.694231 0.989659
0.711362 0.994627
0.711756 0.999856
0.689779 0.997769
0.674773 0.991967
0.675825 0.988479
0.657885 0.986208
0.653644 0.986539
0.657035 0.975655
0.653918 0.972710
0.654593 0.970737
0.651013 0.967649
0.646654 0.958966
0.627562 0.942828
0.637297 0.972192
0.637281 0.987452
0.623542 0.988302
0.622110 0.998825
0.607831 0.982720
0.590553 0.967689
0.601298 0.960047
0.598267 0.954535
0.607458 0.950913
0.613869 0.940238
0.614964 0.936465
0.597879 0.933666
0.587857 0.943571
0.580846 0.968084
0.576348 0.968254
0.585701 0.988094
0.569970 0.980365
0.560947 0.980566
0.567328 0.995251
0.564684 0.992819
0.553294 0.988948
0.546849 0.997070
0.539416 0.988789
0.541273 0.985560
0.536130 0.979162
0.534897 0.972982
0.534229 0.964079
0.527357 0.966526
0.527898 0.988241
0.514321 0.981213
0.509726 0.953705
0.514445 0.949383
0.515104 0.951226
0.530858 0.949457
0.544396 0.956323
0.551623 0.944645
0.543936 0.941661
0.543871 0.945818
0.543123 0.944407
0.536016 0.940314
0.526333 0.939169
0.510458 0.932517
0.511440 0.914297
0.507035 0.911879
0.504320 0.925796
0.503074 0.939994
0.493744 0.936186
0.479050 0.944646
0.465042 0.926227
0.461163 0.926670
0.461158 0.928887
0.450845 0.937255
0.446180 0.953895
0.445904 0.960889
0.451019 0.971803
0.465980 0.957393
0.466718 0.960984
0.484130 0.972732
0.498606 0.977347
0.497082 0.986962
0.482175 0.980326
0.472261 0.985293
0.464546 0.977898
0.453926 0.987769
0.452132 0.985361
0.442476 0.987231
0.435624 0.988507
0.437129 0.985091
0.434369 0.983882
0.437223 0.977985
0.434870 0.971071
0.433583 0.966529
0.419093 0.974880
0.431000 0.941440
0.435404 0.932291
0.438946 0.922931
0.443098 0.915384
0.436684 0.910782
0.436768 0.898216
0.441267 0.886181
0.434150 0.893069
0.431837 0.902142
0.428227 0.912427
0.416084 0.913866
0.405322 0.915765
0.409259 0.917085
0.416763 0.926327
0.414223 0.936356
0.411877 0.944961
0.410653 0.947932
0.413643 0.948680
0.413996 0.952666
0.412939 0.961976
0.403471 0.960942
0.395772 0.948267
0.406680 0.941297
0.403331 0.940223
0.394480 0.940566
0.388426 0.931173
0.381117 0.923550
0.373438 0.904275
0.369230 0.927246
0.368332 0.941414
0.389776 0.962251
0.393281 0.965251
0.400501 0.970928
0.397789 0.983719
0.397415 0.990759
0.391112 0.998940
0.387695 0.992621
0.380829 0.987531
0.374244 0.982730
0.368003 0.980742
0.361442 0.991707
0.356863 0.992677
0.355014 0.964927
0.356723 0.959207
0.355369 0.960845
0.338570 0.977472
0.334752 0.972883
0.328224 0.966287
0.333402 0.958380
0.327195 0.957835
0.326786 0.941830
0.332299 0.939383
0.343239 0.949026
0.354132 0.935803
0.355600 0.934890
0.353046 0.930107
0.357792 0.911557
0.353784 0.894815
0.359149 0.898024
0.378408 0.893514
0.382035 0.890468
0.381870 0.887634
0.399645 0.890801
0.402364 0.871464
0.411851 0.869740
0.437254 0.879365
0.454241 0.881903
0.450515 0.873503
0.454807 0.872125
0.453418 0.869839
0.446784 0.865022
0.452765 0.847132
0.457345 0.849078
0.464420 0.843326
0.475825 0.856351
0.487151 0.860209
0.482466 0.846987
0.494908 0.842724
0.486972 0.839321
0.483488 0.836942
0.480190 0.836907
0.469431 0.831471
0.462094 0.827881
0.449090 0.832479
0.437133 0.852353
0.426488 0.864494
0.415915 0.844824
0.403588 0.825109
0.425306 0.827229
0.438492 0.818657
0.441356 0.807898
0.438305 0.798266
0.430535 0.802249
0.428593 0.801718
0.433586 0.793311
0.438601 0.775220
0.432308 0.759781
0.428347 0.750038
0.418042 0.758206
0.412840 0.768303
0.410634 0.773652
0.415847 0.772861
0.425632 0.777737
0.412237 0.802036
0.403155 0.781563
0.398124 0.781854
0.394791 0.784779
0.391282 0.770300
0.374012 0.775040
0.378057 0.781244
0.379970 0.789200
0.374900 0.790229
0.374024 0.798393
0.376362 0.799354
0.389351 0.816815
0.389001 0.819368
0.381628 0.814539
0.367279 0.813628
0.367543 0.827915
0.372143 0.828059
0.380676 0.834185
0.375222 0.851639
0.393732 0.869036
0.377466 0.875221
0.372297 0.875580
0.365359 0.872474
0.364801 0.868220
0.364235 0.861688
0.372385 0.861087
0.366782 0.848028
0.353103 0.842806
0.350699 0.831601
0.330481 0.822739
0.323166 0.820023
0.317533 0.820730
0.318125 0.843694
0.333550 0.845675
0.336193 0.842143
0.340204 0.833277
0.340705 0.846373
0.354312 0.850255
0.338070 0.867866
0.330131 0.868480
0.327978 0.879758
0.328533 0.880106
0.343763 0.895938
0.337092 0.900775
0.307312 0.908046
0.307164 0.907565
0.303224 0.894338
0.304306 0.889453
0.294595 0.886492
0.307878 0.880801
0.304303 0.863856
0.311804 0.852678
0.293165 0.856052
0.289387 0.857846
0.294860 0.871551
0.282147 0.881014
0.280761 0.885017
0.270567 0.915553
0.250587 0.898265
0.258726 0.893088
0.257573 0.892025
0.253581 0.883026
0.250394 0.871628
0.248353 0.870198
0.245595 0.870524
0.248214 0.868825
0.248283 0.856160
0.268584 0.862861
0.275782 0.855440
0.258464 0.854401
0.250621 0.836613
0.262390 0.825267
0.247799 0.793813
0.239144 0.776872
0.239618 0.776833
0.241343 0.771030
0.245041 0.763083
0.249426 0.761620
0.258203 0.775891
0.272005 0.762791
0.269267 0.740977
0.267347 0.736413
0.265663 0.727806
0.270461 0.725885
0.283707 0.724907
0.284182 0.736807
0.284504 0.742033
0.290872 0.734125
0.294459 0.729863
0.295963 0.736440
0.304842 0.740121
0.309556 0.751991
0.313255 0.744731
0.308429 0.726748
0.316106 0.717516
0.300054 0.709831
0.295464 0.706845
0.286714 0.707909
0.277005 0.712378
0.276491 0.703607
0.278422 0.693269
0.286850 0.689087
0.288968 0.689542
0.306828 0.692283
0.321074 0.694965
0.336541 0.699242
0.341308 0.696649
0.354054 0.695484
0.345832 0.708559
0.342802 0.707528
0.336347 0.704232
0.335499 0.714076
0.339189 0.720365
0.340880 0.720279
0.343963 0.719817
0.338554 0.730768
0.326271 0.718965
0.320952 0.717381
0.327224 0.728346
0.331177 0.731219
0.332595 0.743673
0.331933 0.755830
0.328760 0.759164
0.321391 0.761398
0.316456 0.774805
0.319796 0.780457
0.315566 0.779357
0.289018 0.790684
0.270269 0.786613
0.267319 0.797000
0.271744 0.828002
0.280059 0.824891
0.290307 0.835033
0.296119 0.826757
0.286633 0.816142
0.296312 0.817012
0.300452 0.816214
0.305979 0.820597
0.307400 0.810790
0.304324 0.807872
0.315078 0.800746
0.316966 0.799363
0.319830 0.805574
0.329214 0.797312
0.337694 0.778877
0.346266 0.768252
0.352753 0.767983
0.339654 0.758156
0.342349 0.756037
0.357068 0.752444
0.369246 0.755825
0.386458 0.756628
0.382788 0.742502
0.362115 0.730652
0.386546 0.726120
0.399949 0.731685
0.408195 0.740378
0.413616 0.740114
0.416211 0.727397
0.436121 0.741872
0.438661 0.751322
0.451946 0.752937
0.441529 0.738597
0.455456 0.738991
0.460705 0.737588
0.457602 0.728393
0.449029 0.723220
0.436633 0.719211
0.432761 0.720754
0.430343 0.718847
0.424079 0.714578
0.452411 0.700097
0.444701 0.693001
0.450078 0.683471
0.456647 0.681517
0.445191 0.677375
0.430877 0.688603
0.422258 0.685739
0.416113 0.694374
0.413043 0.689423
0.406782 0.667699
0.401568 0.687211
0.407482 0.694959
0.412943 0.718222
0.394386 0.717119
0.387232 0.716096
0.382677 0.710354
0.368861 0.712295
0.369574 0.702904
0.361858 0.695067
0.375316 0.686208
0.373867 0.669818
0.365678 0.676046
0.362745 0.673909
0.355518 0.670835
0.342948 0.675191
0.343472 0.667174
0.334534 0.649468
0.326193 0.647468
0.329816 0.655487
0.335250 0.674525
0.327319 0.681344
0.322009 0.683640
0.318226 0.676083
0.312591 0.681795
0.297814 0.684971
0.269277 0.668263
0.261056 0.671123
0.256014 0.677367
0.258307 0.684217
0.249675 0.684973
0.242364 0.679452
0.235212 0.679415
0.236194 0.690372
0.230902 0.701557
0.240956 0.709177
0.241727 0.711986
0.246495 0.716942
0.250459 0.727805
0.256131 0.741954
0.240346 0.747687
0.224137 0.752381
0.227693 0.757305
0.227932 0.761479
0.215846 0.774135
0.218558 0.778024
0.212008 0.788331
0.210169 0.804742
0.211761 0.807506
0.213088 0.821403
0.200359 0.814277
0.199156 0.826263
0.206730 0.851033
0.207863 0.862319
0.213333 0.860342
0.227219 0.852547
0.225544 0.833386
0.223813 0.825810
0.230906 0.823106
0.237053 0.844506
0.231531 0.845913
0.230960 0.862536
0.225336 0.874281
0.215723 0.878982
0.228664 0.888354
0.232988 0.884264
0.235327 0.886057
0.239182 0.891139
0.239063 0.901880
0.232869 0.898373
0.214984 0.902779
0.213848 0.909088
0.213425 0.911243
0.209250 0.919265
0.215828 0.929505
0.216327 0.940993
0.215179 0.951148
0.212223 0.954340
0.214785 0.964411
0.220501 0.962754
0.226656 0.959250
0.231178 0.956047
0.226146 0.949195
0.226819 0.942104
0.225055 0.939953
0.235321 0.938555
0.239617 0.951980
0.252381 0.946235
0.262972 0.953024
0.287678 0.948890
0.283107 0.940151
0.287996 0.925230
0.289140 0.915771
0.301862 0.915575
0.305778 0.912481
0.300379 0.926150
0.301754 0.941643
0.296791 0.950973
0.287013 0.953159
0.287368 0.956979
0.291748 0.968408
0.315084 0.974078
0.327035 0.997090
0.315633 0.990683
0.296955 0.990769
0.289200 0.999112
0.285917 0.973768
0.275841 0.974319
0.252597 0.957160
0.237264 0.966989
0.240290 0.970732
0.258328 0.987240
0.241784 0.993446
0.238416 0.979702
0.216188 0.970004
0.207984 0.973283
0.204064 0.970707
0.201056 0.969051
0.210735 0.958517
0.204155 0.955843
0.208541 0.950206
0.205171 0.948972
0.196370 0.940769
0.183840 0.933801
0.175827 0.934695
0.170393 0.942798
0.173430 0.945683
0.177198 0.945099
0.175506 0.950889
0.184792 0.969286
0.194879 0.983096
0.215862 0.991722
0.209484 0.990040
0.194656 0.986690
0.183606 0.988845
0.154494 0.993293
0.152773 0.993061
0.149478 0.992657
0.154704 0.983140
0.149279 0.984424
0.141746 0.977999
0.139323 0.973014
0.136270 0.967312
0.137546 0.978066
0.125740 0.986423
0.120053 0.975134
0.104637 0.982712
0.103987 0.986103
0.100209 0.995641
0.072247 0.986285
0.095688 0.984771
0.107291 0.976224
0.113057 0.960019
0.127814 0.960545
0.132341 0.960878
0.142057 0.947996
0.144224 0.941459
0.130200 0.939110
0.140272 0.927628
0.141671 0.919275
0.141369 0.919200
0.146587 0.903095
0.134507 0.917341
0.127268 0.916401
0.123721 0.925879
0.119032 0.928859
0.116211 0.936103
0.101998 0.928703
0.099606 0.923301
0.091088 0.931590
0.079807 0.925882
0.071033 0.921850
0.078999 0.934543
0.074873 0.945490
0.081531 0.943516
0.085067 0.950218
0.095401 0.945539
0.107173 0.948735
0.094554 0.956387
0.084698 0.966015
0.085103 0.966183
0.087321 0.973318
0.082657 0.968316
0.061125 0.963470
0.058498 0.967213
0.053569 0.973302
0.050926 0.975936
0.058572 0.996072
0.035979 0.992512
0.020849 0.993760
0.018095 0.989696
0.013296 0.995636
0.007976 0.988360
0.003071 0.976495
0.026130 0.976824
0.036372 0.981820
0.040969 0.981236
0.041611 0.961003
0.046689 0.964076
0.050097 0.962757
0.049682 0.950257
0.054022 0.940994
0.026841 0.940730
0.008865 0.950054
0.015280 0.928688
0.021184 0.917229
0.023342 0.912353
0.023356 0.901891
0.041985 0.908923
0.059134 0.921557
0.032634 0.893375
0.029106 0.887652
0.031514 0.878139
0.032525 0.881143
0.049844 0.892463
0.063650 0.892575
0.066228 0.895915
0.069028 0.898137
0.064038 0.911095
0.072343 0.906464
0.078859 0.902514
0.080649 0.907984
0.103105 0.901488
0.106467 0.900200
0.123414 0.897745
0.128382 0.890518
0.131612 0.887893
0.119765 0.890705
0.108958 0.892100
0.107542 0.890417
0.097289 0.888282
0.101470 0.881538
0.091484 0.877902
0.092048 0.876729
0.091420 0.865335
0.103388 0.855368
0.106589 0.858667
0.114214 0.859645
0.125852 0.860216
0.122346 0.864954
0.124851 0.872439
0.142177 0.871293
0.138496 0.880663
0.147499 0.886152
0.174058 0.896217
0.171883 0.900413
0.155786 0.917775
0.162640 0.921371
0.170596 0.914153
0.181051 0.904734
0.192231 0.910663
0.194813 0.914519
0.180668 0.922976
0.178041 0.926442
0.183730 0.928278
0.185669 0.929647
0.194226 0.934258
0.196663 0.934737
0.197979 0.931587
0.206181 0.927430
0.205767 0.921672
0.200742 0.898599
0.210142 0.888094
0.198277 0.885130
0.189740 0.882634
0.186309 0.869904
0.184781 0.870660
0.173975 0.866127
0.185419 0.862504
0.182202 0.853936
0.185789 0.846247
0.189809 0.833642
0.188552 0.817607
0.180643 0.824660
0.160715 0.834671
0.151548 0.830927
0.151073 0.833215
0.131442 0.838770
0.122902 0.837452
0.123960 0.829116
0.124533 0.828151
0.113203 0.807722
0.094599 0.818591
0.087798 0.825354
0.093045 0.846065
0.076494 0.845415
0.072286 0.847142
0.059607 0.843855
0.068933 0.854002
0.067476 0.867494
0.067481 0.875992
0.059907 0.874106
0.039604 0.855684
0.021006 0.864949
0.001266 0.890553
0.013063 0.869147
0.015293 0.862819
0.020037 0.854585
0.003663 0.842924
0.016554 0.839364
0.029631 0.843898
0.030867 0.843906
0.039565 0.838947
0.032005 0.829856
0.019059 0.830303
0.015593 0.828732
0.010918 0.828870
0.008437 0.829375
0.005298 0.828723
0.002427 0.820133
0.004982 0.818671
0.010810 0.813988
0.005560 0.808330
0.016393 0.785112
0.025744 0.792053
0.024154 0.793018
0.026416 0.801531
0.032909 0.798804
0.028754 0.792063
0.031907 0.783281
0.037225 0.792439
0.041485 0.793559
0.050794 0.799499
0.051927 0.800128
0.050951 0.805891
0.041923 0.813517
0.034991 0.817637
0.043698 0.818769
0.065839 0.814302
0.080346 0.813274
0.079953 0.805776
0.089139 0.797392
0.083448 0.788177
0.068618 0.762294
0.062690 0.763390
0.044970 0.770162
0.021086 0.761115
0.001813 0.753342
0.008712 0.736832
0.030934 0.747782
0.044494 0.747816
0.047091 0.732596
0.055136 0.731590
0.063726 0.729686
0.065847 0.708587
0.065943 0.702841
0.062699 0.708450
0.058678 0.712228
0.055268 0.713352
0.044322 0.717732
0.023844 0.722927
0.019326 0.726153
0.012838 0.726868
0.017370 0.722913
0.028185 0.703417
0.005607 0.699119
0.016108 0.682867
0.021736 0.686276
0.028439 0.682307
0.037013 0.690471
0.046530 0.694705
0.062943 0.676481
0.067267 0.672459
0.066466 0.682290
0.073182 0.696083
0.080747 0.712726
0.089034 0.728001
0.082741 0.727518
0.073381 0.739331
0.090273 0.740716
0.081791 0.755056
0.078651 0.768986
0.098392 0.766775
0.094261 0.776406
0.105811 0.789049
0.110043 0.790573
0.110189 0.794414
0.132318 0.790176
0.140551 0.780719
0.154726 0.770609
0.156936 0.770341
0.157862 0.794152
0.150475 0.796866
0.143321 0.796026
0.143821 0.800799
0.135741 0.805523
0.140057 0.822723
0.146400 0.818331
0.156270 0.821772
0.158276 0.802598
0.166455 0.796656
0.174582 0.795234
0.179284 0.792199
0.192188 0.805943
0.196651 0.800449
0.195393 0.798040
0.201178 0.795370
0.194779 0.791525
0.177924 0.783354
0.187029 0.773093
0.183143 0.770236
0.167289 0.761036
0.164180 0.760263
0.140702 0.756810
0.129270 0.762591
0.113796 0.764986
0.118418 0.756766
0.127369 0.755638
0.140405 0.748006
0.136922 0.738518
0.152059 0.733959
0.139526 0.724669
0.126072 0.731683
0.122744 0.726954
0.119576 0.723759
0.116617 0.725805
0.121460 0.734396
0.099781 0.733857
0.107710 0.724242
0.115658 0.712558
0.115234 0.710545
0.109397 0.706196
0.112190 0.700751
0.101076 0.697714
0.104214 0.687606
0.099543 0.676910
0.100133 0.673421
0.106046 0.668316
0.103818 0.665890
0.104364 0.660648
0.091044 0.654279
0.081325 0.638451
0.092496 0.633557
0.085635 0.621133
0.073677 0.619920
0.056122 0.637095
0.028178 0.663768
0.004443 0.676181
0.002153 0.677039
0.010419 0.657054
0.016709 0.649337
0.011534 0.643423
0.008240 0.645660
0.008095 0.639944
0.012041 0.633738
0.012136 0.627221
0.007202 0.627353
0.005644 0.622208
0.007147 0.620154
0.000229 0.607826
0.012185 0.606190
0.009996 0.614800
0.022498 0.625346
0.030283 0.627449
0.046931 0.626584
0.056310 0.599980
0.059676 0.599473
0.067930 0.603429
0.072162 0.603948
0.083261 0.594780
0.086066 0.596696
0.094504 0.591228
0.081995 0.591258
0.080383 0.592392
0.073953 0.589105
0.073268 0.588638
0.077509 0.579463
0.076875 0.565751
0.080449 0.559731
0.068117 0.553101
0.061497 0.551605
0.065796 0.532335
0.061053 0.536390
0.051846 0.534946
0.046329 0.520882
0.046454 0.519592
0.051295 0.508533
0.050227 0.503830
0.069717 0.490211
0.071289 0.480233
0.077051 0.473625
0.079860 0.485737
0.086575 0.494712
0.091539 0.486545
0.096857 0.484769
0.098677 0.481153
0.098400 0.488114
0.103128 0.494534
0.110198 0.485539
0.118899 0.488649
0.130589 0.479960
0.132343 0.491884
0.134287 0.490091
0.142477 0.487110
0.150035 0.482971
0.152836 0.476480
0.144463 0.476002
0.141416 0.471379
0.128091 0.476246
0.121706 0.476037
0.114936 0.473550
0.100423 0.459305
0.096683 0.450321
0.086761 0.440800
0.083972 0.436346
0.080963 0.441640
0.076050 0.446225
0.072415 0.445161
0.072657 0.429736
0.075857 0.425424
0.073839 0.422886
0.074905 0.416274
0.062852 0.419582
0.048027 0.435258
0.036991 0.438077
0.035774 0.442692
0.063135 0.441857
0.064027 0.469723
0.057646 0.464029
0.041550 0.463096
0.041726 0.460894
0.034332 0.457581
0.038547 0.480734
0.032817 0.487342
0.028603 0.491417
0.023428 0.494033
0.023030 0.498960
0.032038 0.500926
0.037239 0.505102
0.031232 0.507880
0.031666 0.525488
0.030954 0.560538
0.047884 0.561537
0.048842 0.566275
0.041863 0.567177
0.027404 0.581090
0.020334 0.584691
0.001339 0.577825
0.002388 0.562185
0.000385 0.556880
0.006051 0.540793
0.017741 0.530855
0.014082 0.509807
0.001104 0.504650
0.003177 0.497216
0.001745 0.491694
0.006712 0.490671
0.018365 0.493997
0.012937 0.471812
0.014027 0.471352
0.021559 0.462129
0.011895 0.461158
0.008018 0.438888
0.002046 0.439729
0.002055 0.439352
0.003301 0.431743
0.009884 0.426331
0.010642 0.411252
0.026257 0.411956
0.024228 0.404382
0.005090 0.394235
0.002256 0.375791
0.009338 0.371197
0.031019 0.382142
0.034223 0.391398
0.037408 0.394778
0.035956 0.398715
0.042921 0.398686
0.053631 0.401987
0.063737 0.411583
0.067215 0.413370
0.071089 0.412190
0.091358 0.401425
0.095668 0.395218
0.085908 0.395039
0.088821 0.390458
0.076469 0.379038
0.083795 0.358066
0.084974 0.351305
0.106025 0.365565
0.102225 0.373710
0.098781 0.383302
0.122697 0.392344
0.129613 0.389875
0.132724 0.393108
0.137028 0.387279
0.150374 0.390128
0.159542 0.383446
0.150494 0.401875
0.142602 0.419854
0.127004 0.420185
0.120974 0.413768
0.119250 0.426902
0.110709 0.419853
0.099532 0.417271
0.100269 0.419105
0.109480 0.423446
0.110036 0.433543
0.129249 0.448100
0.146626 0.431894
0.151618 0.420640
0.158300 0.422894
0.162470 0.419464
0.168449 0.441532
0.180771 0.435407
0.188425 0.437530
0.181674 0.426871
0.179519 0.423599
0.180871 0.422948
0.184863 0.419269
0.176264 0.413606
0.177647 0.402150
0.189172 0.406685
0.188463 0.404522
0.181052 0.385878
0.185761 0.380516
0.186796 0.381355
0.202921 0.378631
0.209155 0.378811
0.209655 0.404493
0.223717 0.390896
0.231682 0.387637
0.240573 0.390558
0.256391 0.403881
0.246469 0.413449
0.242071 0.418809
0.263880 0.425472
0.275493 0.413149
0.297095 0.406102
0.307859 0.401826
0.310778 0.413593
0.314164 0.424485
0.321885 0.419617
0.321860 0.417327
0.316242 0.396851
0.315334 0.390553
0.319739 0.384876
0.325513 0.366450
0.335879 0.372214
0.324786 0.394261
0.329602 0.404541
0.333072 0.395656
0.332264 0.392232
0.339360 0.390975
0.348177 0.395619
0.353574 0.398868
0.354757 0.387583
0.366716 0.378712
0.374807 0.397227
0.375491 0.401580
0.386674 0.397939
0.394493 0.396501
0.402360 0.384064
0.401287 0.371974
0.405327 0.372792
0.416871 0.371826
0.419339 0.366160
0.427647 0.369846
0.423893 0.375622
0.425587 0.393305
0.437086 0.401406
0.438765 0.403612
0.454186 0.398478
0.452142 0.393741
0.457970 0.388007
0.464439 0.394829
0.473448 0.393870
0.479281 0.398297
0.482589 0.390578
0.490898 0.394103
0.505032 0.391028
0.507392 0.388239
0.517133 0.392077
0.517793 0.379795
0.510269 0.374520
0.502611 0.364814
0.502990 0.362996
0.500618 0.363688
0.486617 0.356564
0.480150 0.359513
0.484621 0.349287
0.480781 0.346571
0.472853 0.346251
0.477288 0.341954
0.484936 0.339863
0.501538 0.344208
0.486526 0.333508
0.482306 0.332020
0.485545 0.328981
0.486860 0.316045
0.479239 0.326397
0.477545 0.332875
0.463163 0.338798
0.461719 0.340020
0.459128 0.340497
0.458383 0.347119
0.463233 0.348737
0.453636 0.378810
0.452395 0.373456
0.447966 0.351263
0.438875 0.347842
0.433497 0.356374
0.430926 0.346248
0.426953 0.340718
0.427457 0.338276
0.416354 0.329430
0.431828 0.317022
0.437163 0.318022
0.437018 0.331826
0.446699 0.333882
0.458827 0.319543
0.433860 0.300890
0.420851 0.303249
0.425928 0.314996
0.405442 0.318427
0.401745 0.332092
0.404954 0.332544
0.415519 0.353062
0.400532 0.356524
0.395861 0.348828
0.389776 0.354505
0.391642 0.367225
0.385806 0.363491
0.382681 0.365083
0.371140 0.356404
0.375248 0.350896
0.367026 0.328938
0.361733 0.310364
0.361923 0.303665
0.353009 0.306613
0.345966 0.321919
0.340874 0.340986
0.324057 0.354084
0.323926 0.344050
0.322004 0.335001
0.316586 0.317099
0.319077 0.314610
0.294999 0.304522
0.301631 0.288716
0.308739 0.290678
0.308806 0.278396
0.304742 0.260292
0.327910 0.251099
0.341560 0.257355
0.330879 0.266166
0.327557 0.264950
0.323899 0.266156
0.316717 0.267403
0.330325 0.293735
0.342651 0.299370
0.344130 0.301979
0.360591 0.290913
0.365777 0.294147
0.372136 0.292126
0.361847 0.284302
0.366012 0.277321
0.356512 0.279114
0.353936 0.268873
0.355215 0.265644
0.347979 0.258349
0.358718 0.248769
0.357513 0.246407
0.360906 0.231150
0.373531 0.243649
0.365347 0.244757
0.361517 0.260136
0.369221 0.268022
0.385062 0.269503
0.393991 0.287787
0.394092 0.294212
0.416349 0.286314
0.423852 0.284813
0.433809 0.281938
0.434754 0.291496
0.450060 0.288157
0.459736 0.267547
0.443113 0.262197
0.429268 0.255267
0.414977 0.264063
0.415608 0.269061
0.410101 0.270448
0.397269 0.230244
0.398241 0.228718
0.415428 0.234759
0.415654 0.235776
0.426762 0.225159
0.426209 0.241029
0.435722 0.242483
0.436078 0.235844
0.443858 0.238629
0.447254 0.235387
0.450688 0.243744
0.457163 0.246448
0.456507 0.236765
0.471804 0.238686
0.468926 0.232947
0.467786 0.230152
0.463270 0.221217
0.471581 0.210585
0.497672 0.204693
0.492769 0.224737
0.487986 0.225072
0.487526 0.226169
0.494262 0.243198
0.487163 0.251161
0.478507 0.280393
0.473901 0.278554
0.468031 0.293502
0.477045 0.295196
0.481778 0.295534
0.480524 0.306723
0.489453 0.314046
0.503478 0.312947
0.503203 0.308570
0.503607 0.304982
0.503068 0.301205
0.521439 0.300417
0.502081 0.285940
0.497959 0.283224
0.510971 0.258362
0.521849 0.266737
0.518546 0.275522
0.529793 0.280680
0.535151 0.285444
0.543585 0.289267
0.539587 0.276530
0.564191 0.265343
0.583065 0.274105
0.572156 0.261622
0.573048 0.258896
0.581120 0.246879
0.574932 0.240390
0.580606 0.240977
0.602633 0.236437
0.623932 0.221203
0.625695 0.212573
0.640127 0.234692
0.632302 0.237996
0.635218 0.254975
0.626320 0.261996
0.623847 0.266450
0.616521 0.253856
0.612087 0.255505
0.603770 0.256552
0.610681 0.262015
0.615510 0.266671
0.613188 0.275418
0.614194 0.278882
0.612288 0.283863
0.614361 0.284411
0.629941 0.268786
0.638758 0.273057
0.641683 0.272013
0.640489 0.266586
0.652694 0.260787
0.660481 0.264182
0.665030 0.265196
0.662913 0.263529
0.654607 0.248965
0.665589 0.251837
0.669718 0.250686
0.688860 0.232552
0.705144 0.237899
0.702166 0.228512
0.703801 0.211705
0.686549 0.207650
0.663109 0.229673
0.652148 0.238045
0.645197 0.229232
0.643369 0.215879
0.648115 0.211273
0.642482 0.200889
0.647591 0.196816
0.637320 0.191534
0.636919 0.180425
0.654896 0.176085
0.661900 0.179542
0.663691 0.194981
0.686990 0.189857
0.681592 0.185194
0.685939 0.158215
0.670143 0.150851
0.660483 0.145349
0.660659 0.137079
0.654256 0.137696
0.652270 0.149858
0.645519 0.155523
0.641590 0.146707
0.631052 0.145540
0.628471 0.148103
0.621716 0.157858
0.615600 0.155869
0.619739 0.177019
0.611025 0.178674
0.600654 0.192846
0.598548 0.200628
0.598766 0.209406
0.591708 0.203080
0.588061 0.202203
0.579112 0.197415
0.578064 0.195864
0.563436 0.186774
0.567934 0.185724
0.581158 0.182611
0.586920 0.168312
0.579765 0.165879
0.569742 0.166807
0.565677 0.168137
0.562765 0.170947
0.558470 0.152796
0.554699 0.150024
0.551878 0.148283
0.556133 0.155587
0.554416 0.169726
0.553703 0.175513
0.549067 0.172982
0.539052 0.169796
0.535753 0.163848
0.529155 0.165785
0.532822 0.168269
0.531303 0.188711
0.539000 0.185517
0.544027 0.190878
0.550168 0.187069
0.558363 0.190411
0.551327 0.192263
0.545256 0.210535
0.547183 0.222033
0.565591 0.213647
0.571524 0.218934
0.580275 0.224149
0.568713 0.230314
0.561929 0.227933
0.549024 0.232507
0.545161 0.235546
0.547605 0.243576
0.548702 0.244349
0.562539 0.248258
0.552813 0.252376
0.537457 0.250724
0.535246 0.227222
0.526526 0.235557
0.523942 0.234040
0.521502 0.235951
0.517235 0.245195
0.513688 0.246303
0.508021 0.231245
0.523419 0.206472
0.534415 0.201075
0.527735 0.197300
0.525397 0.193677
0.515486 0.191960
0.514335 0.178831
0.499764 0.179400
0.498642 0.172125
0.494749 0.178122
0.487616 0.178778
0.482032 0.180421
0.475843 0.175106
0.474924 0.173417
0.472954 0.174385
0.467383 0.183161
0.461475 0.185460
0.453755 0.198635
0.447619 0.183581
0.442316 0.186817
0.432320 0.176838
0.432284 0.187219
0.434990 0.205159
0.421802 0.201868
0.404106 0.206799
0.415983 0.193744
0.414592 0.190749
0.414149 0.176605
0.403028 0.180290
0.405965 0.165460
0.397279 0.161970
0.392278 0.156437
0.389930 0.188836
0.396893 0.201688
0.390637 0.210330
0.379588 0.206756
0.372387 0.202554
0.371785 0.201397
0.381542 0.195544
0.371176 0.186268
0.362957 0.187124
0.366249 0.197453
0.361490 0.204548
0.335612 0.206580
0.336024 0.208536
0.313549 0.219273
0.307633 0.207511
0.299328 0.201733
0.299816 0.200630
0.308446 0.189013
0.312665 0.196851
0.317783 0.200539
0.320858 0.186590
0.329499 0.190636
0.327413 0.185771
0.323523 0.185979
0.321338 0.183150
0.325943 0.168416
0.341691 0.152530
0.338824 0.145360
0.334389 0.144750
0.324038 0.146318
0.326095 0.140708
0.322848 0.141251
0.308390 0.122308
0.305693 0.129215
0.301615 0.143532
0.310240 0.152795
0.313994 0.156116
0.306622 0.162822
0.310422 0.174277
0.291531 0.181391
0.278769 0.177453
0.287747 0.173293
0.284624 0.154465
0.277870 0.156892
0.270270 0.159619
0.267185 0.160371
0.254292 0.156809
0.254942 0.158103
0.265042 0.185831
0.266073 0.191382
0.276432 0.193315
0.277324 0.194921
0.289033 0.191558
0.294845 0.199499
0.285393 0.206623
0.278127 0.200882
0.269813 0.205755
0.266320 0.202895
0.259620 0.194219
0.250483 0.191227
0.241909 0.203720
0.236360 0.185653
0.238210 0.177615
0.237293 0.172349
0.228210 0.151885
0.211692 0.143476
0.204196 0.147955
0.210365 0.155375
0.215528 0.169317
0.207633 0.171442
0.214324 0.179534
0.221222 0.183231
0.220652 0.191397
0.212604 0.195368
0.208525 0.198045
0.206102 0.194881
0.204289 0.185197
0.189553 0.172095
0.173102 0.181477
0.180572 0.182332
0.191283 0.184563
0.195989 0.213774
0.199316 0.213127
0.212754 0.228327
0.207804 0.229366
0.197338 0.242671
0.212304 0.240465
0.215365 0.241146
0.218676 0.242320
0.226884 0.246843
0.230344 0.249286
0.235855 0.238778
0.226406 0.231022
0.245866 0.217138
0.251098 0.234099
0.238641 0.248228
0.240019 0.250250
0.263981 0.262478
0.270064 0.249462
0.276992 0.246097
0.274088 0.243878
0.267838 0.228875
0.276793 0.232019
0.281770 0.226955
0.289495 0.224039
0.301100 0.217041
0.307341 0.227448
0.285693 0.243062
0.286316 0.245105
0.291582 0.258651
0.290043 0.260794
0.285902 0.265912
0.283431 0.268486
0.257325 0.273566
0.247314 0.271871
0.241818 0.279235
0.235921 0.282886
0.225745 0.273861
0.224372 0.272124
0.229198 0.265839
0.214286 0.259265
0.206013 0.246572
0.196060 0.264688
0.198583 0.265309
0.211848 0.269300
0.219897 0.275912
0.214260 0.284488
0.210516 0.299110
0.198541 0.302913
0.217646 0.307570
0.218475 0.323456
0.221379 0.335489
0.225628 0.326652
0.234251 0.309910
0.231793 0.300324
0.238155 0.292498
0.257807 0.293658
0.257491 0.297876
0.251496 0.299063
0.251259 0.301494
0.249071 0.313189
0.246242 0.315810
0.245303 0.324009
0.258369 0.318010
0.258683 0.318865
0.273028 0.319981
0.266809 0.331471
0.267437 0.337502
0.275096 0.343730
0.272273 0.364450
0.279062 0.365824
0.298235 0.354931
0.303706 0.363637
0.305151 0.364106
0.297245 0.376853
0.270959 0.375453
0.265345 0.384049
0.262762 0.376016
0.265049 0.371613
0.257396 0.375359
0.248789 0.357547
0.245470 0.348658
0.243266 0.346305
0.245446 0.358142
0.245780 0.361198
0.235498 0.368073
0.219120 0.354841
0.212700 0.346516
0.210166 0.357749
0.213087 0.361215
0.203535 0.360566
0.198373 0.351468
0.189185 0.342395
0.182084 0.335575
0.167257 0.321242
0.179235 0.304527
0.174519 0.294547
0.160822 0.300226
0.155707 0.300558
0.151356 0.320630
0.139079 0.322119
0.145719 0.325183
0.153308 0.333013
0.165841 0.339114
0.170724 0.337366
0.173719 0.350403
0.178735 0.361153
0.182241 0.365689
0.179078 0.373190
0.153938 0.376955
0.148686 0.361239
0.160551 0.352681
0.156655 0.343642
0.151830 0.346743
0.139908 0.351776
0.134347 0.352963
0.132023 0.341781
0.121640 0.348068
0.121191 0.358678
0.114882 0.345943
0.110043 0.342962
0.108473 0.340955
0.112549 0.339604
0.103942 0.319722
0.113142 0.309328
0.122614 0.306711
0.129071 0.305481
0.133181 0.282882
0.145100 0.277410
0.152330 0.284205
0.156658 0.281549
0.163896 0.278503
0.176486 0.270370
0.168247 0.261446
0.163574 0.249089
0.155117 0.248312
0.152385 0.252812
0.150070 0.249689
0.152392 0.244914
0.152937 0.239440
0.155436 0.235936
0.160593 0.239276
0.165270 0.224797
0.170405 0.207702
0.163315 0.201126
0.152257 0.221743
0.148970 0.224655
0.150358 0.225947
0.141098 0.246158
0.123089 0.262358
0.125254 0.264658
0.123913 0.272068
0.120433 0.275685
0.116204 0.284300
0.114904 0.280454
0.111681 0.264438
0.111255 0.255322
0.106448 0.264522
0.107818 0.267269
0.105910 0.276168
0.100666 0.275378
0.101518 0.282035
0.104071 0.291005
0.097728 0.297871
0.085789 0.314272
0.073853 0.318591
0.066160 0.316725
0.068870 0.319841
0.077765 0.333382
0.059974 0.335425
0.058955 0.338222
0.061704 0.347433
0.063493 0.347086
0.065174 0.354763
0.072522 0.365999
0.071234 0.370578
0.058964 0.378797
0.057626 0.375886
0.040439 0.367934
0.030776 0.354091
0.038083 0.348025
0.047073 0.334435
0.049802 0.329690
0.039659 0.321056
0.035034 0.320151
0.030389 0.321404
0.005732 0.318388
0.001789 0.318972
0.003367 0.311915
0.004719 0.294378
0.004331 0.285694
0.002210 0.273754
0.012804 0.277609
0.015133 0.286546
0.018229 0.285141
0.028555 0.294308
0.028261 0.285619
0.033747 0.275774
0.041653 0.285359
0.054899 0.303801
0.058917 0.296530
0.067412 0.299970
0.074500 0.301399
0.077110 0.299845
0.071382 0.270221
0.094554 0.274111
0.096436 0.272742
0.095434 0.265953
0.096568 0.254607
0.096586 0.254006
0.110640 0.239787
0.099988 0.243600
0.099874 0.244165
0.087917 0.248191
0.085814 0.255188
0.070380 0.249170
0.059625 0.244005
0.048673 0.264781
0.027069 0.257242
0.016390 0.259054
0.016405 0.266355
0.012277 0.260277
0.006437 0.261528
0.008818 0.257200
0.001697 0.245940
0.003901 0.243248
0.008174 0.233258
0.012398 0.227240
0.012874 0.221072
0.028738 0.246070
0.028991 0.248925
0.044896 0.250673
0.051861 0.241515
0.051295 0.229206
0.031212 0.209726
0.008361 0.197693
0.030208 0.190867
0.031409 0.191278
0.036102 0.188066
0.038192 0.197888
0.050939 0.190598
0.054913 0.201313
0.057968 0.207976
0.060897 0.217061
0.058793 0.223608
0.069075 0.226914
0.071624 0.226987
0.072874 0.227575
0.071279 0.221073
0.085556 0.219541
0.084316 0.216083
0.087844 0.215009
0.069607 0.183538
0.069389 0.181378
0.067258 0.172906
0.055579 0.172981
0.062954 0.164187
0.051980 0.157875
0.051321 0.157978
0.061595 0.144428
0.066627 0.145074
0.062971 0.141204
0.056938 0.138065
0.043649 0.146724
0.044592 0.154714
0.037735 0.162999
0.035819 0.164182
0.041535 0.182758
0.028054 0.174531
0.025170 0.172775
0.021091 0.174958
0.019485 0.183385
0.005530 0.170271
0.003855 0.163769
0.022871 0.156793
0.016817 0.149653
0.019302 0.139978
0.024481 0.142198
0.036129 0.131559
0.028040 0.116013
0.035477 0.118197
0.036776 0.122147
0.049226 0.122700
0.050871 0.123187
0.051539 0.123650
0.048419 0.116177
0.049933 0.096943
0.040935 0.104275
0.031190 0.101283
0.017470 0.116484
0.013629 0.107506
0.010212 0.111070
0.003406 0.105260
0.010557 0.089771
0.023310 0.084804
0.010157 0.076949
0.014275 0.056062
0.013338 0.054177
0.025272 0.051124
0.029359 0.049442
0.035240 0.039214
0.015156 0.027640
0.004004 0.013407
0.010565 0.003000
0.022854 0.005744
0.050920 0.002420
0.052257 0.019386
0.066802 0.021531
0.074306 0.017007
0.070416 0.011944
0.080379 0.000415
0.103039 0.000437
0.090716 0.004901
0.084934 0.007071
0.080375 0.026106
0.073091 0.028311
0.064698 0.031459
0.060816 0.036751
0.055810 0.044598
0.051606 0.045259
0.036870 0.056570
0.042239 0.062844
0.025424 0.076565
0.033563 0.092950
0.041559 0.090940
0.042594 0.082053
0.061828 0.093445
0.073603 0.080454
0.084252 0.064662
0.087228 0.065151
0.088382 0.056801
0.088292 0.054850
0.087037 0.044991
0.091784 0.065641
0.099268 0.077008
0.092053 0.093702
0.086651 0.091792
0.077655 0.087774
0.073314 0.091929
0.071278 0.097093
0.067795 0.098032
0.067579 0.113119
0.062993 0.115411
0.084473 0.133518
0.086375 0.123674
0.094332 0.118953
0.099949 0.100356
0.124481 0.106981
0.142223 0.110754
0.145837 0.116096
0.150438 0.131301
0.136813 0.132633
0.128568 0.125750
0.126806 0.125388
0.133902 0.134532
0.135083 0.136142
0.134261 0.141718
0.123948 0.139497
0.100950 0.146229
0.086332 0.155330
0.098464 0.159785
0.103449 0.176567
0.103255 0.195147
0.113194 0.202936
0.116654 0.210143
0.108503 0.214878
0.120857 0.217563
0.127180 0.207083
0.132781 0.211841
0.142859 0.193648
0.124912 0.192636
0.120309 0.185321
0.112370 0.157081
0.127333 0.163887
0.126964 0.159180
0.145128 0.143667
0.147424 0.151044
0.155803 0.154744
0.167434 0.160238
0.166986 0.162040
0.172538 0.165793
0.178624 0.159060
0.191228 0.155886
0.193705 0.145600
0.196910 0.131464
0.205431 0.137277
0.209736 0.130440
0.196445 0.123545
0.200741 0.119049
0.194779 0.112933
0.192281 0.115211
0.189596 0.117107
0.174466 0.126693
0.173466 0.137768
0.162157 0.118314
0.172949 0.113026
0.175873 0.108708
0.177606 0.101045
0.176369 0.102440
0.164795 0.107242
0.164004 0.104384
0.157208 0.084481
0.142251 0.095939
0.124840 0.081160
0.115609 0.084846
0.114918 0.082496
0.122173 0.078559
0.133303 0.064346
0.132346 0.055900
0.118171 0.059634
0.116935 0.056775
0.120037 0.049058
0.110305 0.038141
0.119726 0.040804
0.141927 0.053860
0.155361 0.049302
0.164303 0.046904
0.166128 0.032850
0.166262 0.031610
0.169223 0.033206
0.168723 0.024897
0.162299 0.021587
0.149659 0.031929
0.147061 0.022034
0.122061 0.011209
0.117339 0.008713
0.133601 0.005037
0.138054 0.005610
0.152703 0.008555
0.167287 0.011944
0.167410 0.012895
0.182997 0.009652
0.193160 0.018170
0.203596 0.017168
0.206762 0.021275
0.207608 0.006527
0.219794 0.001607
0.257335 0.001505
0.266917 0.008346
0.263922 0.016900
0.245125 0.020803
0.233623 0.015999
0.233825 0.024460
0.219319 0.023627
0.209795 0.036387
0.195658 0.036177
0.188778 0.058484
0.195854 0.062437
0.199171 0.064212
0.207013 0.067040
0.195147 0.074517
0.170722 0.066535
0.153773 0.078942
0.171264 0.077122
0.175529 0.076938
0.188987 0.096406
0.195687 0.091923
0.195348 0.088305
0.197477 0.086414
0.207933 0.096451
0.216793 0.113013
0.217934 0.117388
0.218075 0.118402
0.233558 0.103789
0.220628 0.102128
0.210593 0.085253
0.204749 0.082011
0.212363 0.079759
0.209900 0.067339
0.215802 0.074259
0.220194 0.075027
0.220263 0.077128
0.224728 0.075520
0.238275 0.074556
0.232768 0.067196
0.230824 0.060724
0.225890 0.046582
0.233695 0.051635
0.242073 0.062264
0.241925 0.059859
0.251382 0.042684
0.259680 0.051297
0.260055 0.051255
0.265449 0.064755
0.265209 0.076239
0.246157 0.078678
0.239669 0.083280
0.243167 0.096397
0.248117 0.094037
0.252591 0.101013
0.251463 0.106901
0.236116 0.103709
0.239404 0.111437
0.244610 0.113727
0.248342 0.115310
0.263378 0.113746
0.261670 0.122781
0.255567 0.124655
0.257213 0.141799
0.273788 0.125999
0.287685 0.119825
0.291175 0.113616
0.301162 0.100434
0.313215 0.108239
0.317065 0.102813
0.319133 0.088402
0.313833 0.080867
0.311937 0.083084
0.302188 0.092504
0.293631 0.090087
0.292772 0.075830
0.280082 0.074445
0.274212 0.058706
0.289493 0.058641
0.303691 0.057760
0.304767 0.055390
0.319836 0.056996
0.308680 0.052202
0.307717 0.047521
0.307182 0.031754
0.291138 0.026222
0.289527 0.029171
0.280464 0.025076
0.273296 0.023245
0.279883 0.019918
0.283394 0.019578
0.287158 0.003885
0.291967 0.002302
0.297326 0.023406
0.307170 0.021899
0.318298 0.000649
0.340545 0.005144
0.334731 0.007766
0.333279 0.009283
0.327533 0.014717
0.322533 0.028187
0.313908 0.044212
0.323925 0.045369
0.333672 0.033814
0.339809 0.045811
0.337767 0.066482
0.342194 0.076954
0.346577 0.071251
0.346723 0.060187
0.343910 0.055376
0.347318 0.046215
0.352761 0.040868
0.350923 0.034540
0.344593 0.030594
0.355416 0.031202
0.364314 0.021105
0.348252 0.013414
0.357209 0.000433
0.366407 0.006779
0.368240 0.009698
0.392628 0.005664
0.417951 0.001990
0.413869 0.013186
0.417666 0.022186
0.400728 0.025585
0.394085 0.034583
0.375513 0.026754
0.368718 0.026943
0.371693 0.031570
0.363481 0.037447
0.369122 0.044064
0.365683 0.047366
0.380977 0.069089
0.362637 0.076580
0.355221 0.077760
0.367568 0.085841
0.365114 0.088624
0.368653 0.098425
0.362421 0.094996
0.356566 0.097733
0.355603 0.094645
0.348051 0.088379
0.347009 0.086542
0.341633 0.096633
0.333572 0.094449
0.332732 0.096371
0.328412 0.096820
0.340020 0.105147
0.341164 0.112894
0.343704 0.124536
0.340758 0.125058
0.332488 0.128096
0.343342 0.130376
0.350296 0.139709
0.363194 0.120024
0.377859 0.120905
0.372324 0.133702
0.368257 0.156927
0.373987 0.147241
0.374875 0.141692
0.377556 0.132656
0.394139 0.123067
0.409663 0.123978
0.414350 0.124520
0.412813 0.140496
0.422271 0.137131
0.429251 0.156415
0.424656 0.162117
0.436776 0.164658
0.442430 0.163215
0.455164 0.178040
0.461722 0.170506
0.460256 0.162975
0.460210 0.160858
0.469051 0.150019
0.467160 0.136023
0.447416 0.134460
0.446756 0.126132
0.437816 0.128550
0.424245 0.105782
0.416086 0.107025
0.409794 0.106956
0.405121 0.107892
0.402632 0.091306
0.397468 0.098084
0.391266 0.096079
0.397295 0.109607
0.393649 0.110620
0.390917 0.115105
0.385031 0.112834
0.376784 0.104072
0.383955 0.090378
0.396584 0.081860
0.421572 0.079143
0.410796 0.062617
0.403290 0.064184
0.400213 0.053431
0.411005 0.059410
0.416614 0.053431
0.423813 0.061592
0.423537 0.053773
0.424690 0.049105
0.434017 0.053886
0.441225 0.058565
0.459738 0.047717
0.457427 0.044836
0.443992 0.029710
0.440344 0.012916
0.434640 0.005170
0.466455 0.007271
0.469603 0.001894
0.482960 0.007849
0.470102 0.013646
0.469640 0.037217
0.471128 0.042740
0.484059 0.051702
0.463512 0.056448
0.470929 0.073220
0.470818 0.084500
0.462161 0.088267
0.461752 0.084747
0.460042 0.083811
0.457282 0.068121
0.451400 0.063979
0.433389 0.080106
0.440355 0.095557
0.449210 0.090964
0.454855 0.100048
0.466388 0.119513
0.470273 0.118329
0.474847 0.130727
0.481962 0.134431
0.477523 0.141389
0.490852 0.157344
0.503012 0.158440
0.505741 0.157946
0.511604 0.163200
0.515824 0.160111
0.519130 0.151440
0.506593 0.145587
0.502999 0.136903
0.500347 0.135466
0.488137 0.116949
0.485141 0.114714
0.480163 0.112295
0.485715 0.092544
0.492860 0.101658
0.503352 0.108527
0.508371 0.112219
0.511060 0.105099
0.517507 0.103743
0.520976 0.103831
0.529496 0.106082
0.524711 0.108506
0.516899 0.122323
0.503884 0.126685
0.507876 0.129134
0.516841 0.138270
0.519823 0.133675
0.528184 0.139832
0.532983 0.139163
0.532404 0.135735
0.550189 0.138548
0.556153 0.130913
0.551311 0.124552
0.553657 0.122764
0.563047 0.117891
0.575754 0.110368
0.579197 0.115935
0.571210 0.124461
0.575194 0.131008
0.574381 0.132303
0.586186 0.145134
0.589212 0.144015
0.593142 0.145575
0.593527 0.130659
0.587332 0.120917
0.584278 0.103664
0.599117 0.100319
0.600950 0.089684
0.593567 0.093518
0.588536 0.090259
0.586651 0.087707
0.587618 0.098167
0.559542 0.100379
0.552448 0.105228
0.545045 0.110736
0.551519 0.098166
0.557929 0.086698
0.563761 0.083019
0.558454 0.079085
0.550702 0.086450
0.535428 0.085899
0.524739 0.085938
0.520812 0.091819
0.516383 0.088967
0.509564 0.093516
0.513800 0.080928
0.516556 0.068655
0.522802 0.075902
0.529140 0.080037
0.535236 0.076160
0.536506 0.071061
0.530206 0.067764
0.516566 0.056038
0.500085 0.059048
0.505496 0.054649
0.507715 0.049909
0.523877 0.042628
0.541883 0.035338
0.513319 0.019629
0.501501 0.019302
0.519164 0.005871
0.529982 0.001027
0.535104 0.003136
0.540867 0.016626
0.543172 0.017011
0.544925 0.016510
0.551437 0.020220
0.578445 0.006701
0.578422 0.007825
0.574877 0.020726
0.563088 0.033803
0.552420 0.034254
0.549456 0.039567
0.561718 0.054471
0.566628 0.044948
0.585429 0.040099
0.607106 0.027574
0.613819 0.016490
0.602992 0.002789
0.613736 0.006473
0.627490 0.018667
0.642932 0.001532
0.652431 0.007147
0.647485 0.020508
0.644696 0.023977
0.657958 0.031561
0.654168 0.038513
0.643002 0.037159
0.640279 0.033250
0.631409 0.045809
0.637437 0.050916
0.632295 0.051845
0.625920 0.053377
0.615499 0.056556
0.614639 0.048865
0.615035 0.045197
0.615931 0.045174
0.617228 0.039924
0.605830 0.036352
0.600520 0.039873
0.600897 0.040073
0.603317 0.048829
0.595558 0.048067
0.589039 0.051456
0.586733 0.059303
0.569309 0.062655
0.576776 0.070607
0.597470 0.068141
0.602076 0.069336
0.614829 0.068620
0.615537 0.070111
0.610080 0.089889
0.620270 0.088907
0.629765 0.085201
0.634600 0.082508
0.628474 0.096781
0.638641 0.100043
0.647648 0.099324
0.640343 0.108494
0.636362 0.111662
0.615962 0.124667
0.628310 0.132699
0.634471 0.118216
0.638405 0.116930
0.641277 0.117759
0.660208 0.116664
0.671119 0.098303
0.673392 0.095954
0.663776 0.085796
0.644946 0.071718
0.649367 0.065605
0.654377 0.059499
0.666033 0.068634
0.673348 0.063593
0.675739 0.065235
0.678211 0.061775
0.682437 0.050067
0.662957 0.042164
0.679709 0.029278
0.667832 0.014230
0.693189 0.011068
0.703159 0.005631
0.703524 0.005925
0.693982 0.015645
0.702255 0.028534
0.698980 0.033351
0.695867 0.040284
0.697864 0.051799
0.701171 0.059843
0.714871 0.071159
0.715144 0.064052
0.711896 0.063067
0.716417 0.053311
0.717253 0.043889
0.723979 0.038803
0.722261 0.051870
0.725139 0.051764
0.733408 0.070777
0.729861 0.073781
0.733662 0.075704
0.736446 0.078250
0.734273 0.080714
0.725385 0.112139
0.728062 0.112058
0.740793 0.119617
0.749465 0.129507
0.756217 0.133580
0.761077 0.126108
0.765114 0.139912
0.767529 0.144223
0.760226 0.148785
0.749799 0.138822
0.743163 0.141953
0.736120 0.139859
0.737839 0.132195
0.723767 0.133883
0.714891 0.132073
0.710214 0.119220
0.708833 0.112544
0.704348 0.106017
0.705991 0.090853
0.691696 0.092717
0.692697 0.087880
0.697358 0.072141
0.696511 0.072103
0.689459 0.066949
0.689053 0.080088
0.679802 0.090309
0.678584 0.111991
0.688069 0.123951
0.699673 0.126203
0.686985 0.133183
0.679046 0.130547
0.690426 0.148978
0.698303 0.142670
0.711418 0.148774
0.714468 0.155122
0.708210 0.175966
0.718837 0.171565
0.732236 0.161240
0.737857 0.173568
0.729122 0.174325
0.723466 0.174472
0.724757 0.195300
0.739434 0.181980
0.741039 0.180572
0.745801 0.183026
0.753990 0.199009
0.756024 0.189275
0.762083 0.185385
0.760799 0.182555
0.756140 0.175293
0.753142 0.177080
0.751308 0.170137
0.759099 0.157620
0.764690 0.163641
0.758117 0.166613
0.765195 0.177835
0.769445 0.183280
0.784795 0.180688
0.781803 0.167565
0.788056 0.159848
0.789235 0.162776
0.797722 0.179359
0.796954 0.180278
0.794542 0.181050
0.795116 0.186002
0.783843 0.201643
0.808914 0.206197
0.815136 0.193203
0.813085 0.189611
0.813454 0.184345
0.805125 0.173191
0.805221 0.163092
0.816286 0.168815
0.821090 0.149080
0.818434 0.143241
0.801329 0.140790
0.791751 0.127542
0.781446 0.126269
0.774208 0.125162
0.773712 0.117222
0.785291 0.110317
0.792477 0.110794
0.792469 0.101814
0.783706 0.097719
0.797206 0.083395
0.781790 0.078111
0.774895 0.079837
0.770737 0.075196
0.768058 0.090227
0.754949 0.090837
0.751510 0.088566
0.752672 0.081650
0.751801 0.074261
0.747219 0.054073
0.760577 0.069939
0.771122 0.065418
0.771975 0.065841
0.780463 0.055810
0.788367 0.042025
0.765933 0.035666
0.761194 0.038094
0.734530 0.025598
0.728961 0.026016
0.717205 0.014989
0.737379 0.001562
0.739429 0.002605
0.759572 0.006476
0.762491 0.013164
0.767053 0.014997
0.770136 0.021554
0.781735 0.029258
0.783246 0.031249
0.794899 0.032252
0.790468 0.013427
0.794065 0.003502
0.798006 0.006657
0.808141 0.007707
0.809604 0.008408
0.813797 0.004809
0.826839 0.011116
0.809930 0.015549
0.803014 0.036537
0.811050 0.027942
0.819088 0.028765
0.818080 0.035377
0.822790 0.035726
0.826374 0.041539
0.831964 0.019726
0.836729 0.019523
0.855418 0.032758
0.858187 0.033443
0.857450 0.022815
0.859407 0.014110
0.858683 0.001935
0.882548 0.008875
0.887958 0.020861
0.892015 0.026515
0.897163 0.017377
0.895732 0.015043
0.905485 0.001703
0.910226 0.001906
0.928224 0.013013
0.933421 0.014967
0.907132 0.012356
0.899516 0.026238
0.900983 0.032386
0.904123 0.034471
0.893359 0.037793
0.891700 0.038468
0.874000 0.037713
0.876559 0.042366
0.878390 0.054713
0.870738 0.059879
0.863987 0.057502
0.861831 0.048459
0.850368 0.059649
0.834209 0.063470
0.816425 0.069290
0.807497 0.072520
0.815086 0.071715
0.828394 0.073782
0.832948 0.079519
0.852517 0.068808
0.856104 0.062611
0.876283 0.070907
0.874331 0.075781
0.868605 0.085085
0.862905 0.094433
0.867762 0.102435
0.855266 0.103901
0.856460 0.084746
0.847191 0.088918
0.839505 0.105609
0.829754 0.117381
0.814825 0.114026
0.807936 0.113951
0.817181 0.123624
0.826390 0.123190
0.839113 0.123988
0.840244 0.121105
0.851057 0.132073
0.872487 0.124029
0.871601 0.133328
0.860805 0.143044
0.866046 0.150149
0.856133 0.158200
0.850585 0.152153
0.845353 0.148189
0.839806 0.152754
0.828517 0.160179
0.832942 0.165004
0.831121 0.166905
0.832502 0.171978
0.834059 0.183688
0.833012 0.183398
0.827263 0.185944
0.831381 0.192539
0.825020 0.194963
0.826696 0.208503
0.819563 0.217673
0.819417 0.221556
0.815950 0.242038
0.806398 0.246723
0.816421 0.250473
0.822402 0.249174
0.822640 0.257549
0.826993 0.261451
0.825732 0.277333
0.815320 0.283945
0.807492 0.271963
0.799484 0.262818
0.788397 0.253285
0.777475 0.261111
0.767274 0.260822
0.760478 0.257145
0.746605 0.256995
0.745625 0.252947
0.748834 0.244689
0.759536 0.249625
0.767823 0.248574
0.768468 0.249306
0.772398 0.238967
0.786021 0.231403
0.782077 0.226253
0.769590 0.236246
0.766041 0.235783
0.754193 0.218326
0.741654 0.207644
0.718599 0.210658
0.733875 0.236375
0.712638 0.254210
0.698887 0.248401
0.698837 0.254543
0.695939 0.266083
0.704808 0.268458
0.703950 0.275949
0.699795 0.278480
0.682705 0.270028
0.670323 0.279115
0.659094 0.277998
0.658545 0.279690
0.647239 0.290237
0.665417 0.285733
0.669411 0.292540
0.674130 0.294326
0.670300 0.296924
0.662071 0.295230
0.666760 0.308554
0.681554 0.302252
0.698733 0.307255
0.710223 0.293735
0.714708 0.277356
0.716915 0.275992
0.712360 0.273837
0.717876 0.271415
0.722626 0.268523
0.726131 0.263981
0.732891 0.267411
0.747645 0.270702
0.749178 0.282160
0.748861 0.291645
0.748062 0.297898
0.742133 0.301678
0.741510 0.302797
0.736996 0.305112
0.731893 0.304480
0.732226 0.309911
0.747781 0.321716
0.765794 0.312750
0.759698 0.309634
0.760364 0.308729
0.764673 0.300694
0.755494 0.299536
0.760332 0.290807
0.760921 0.282279
0.765249 0.275290
0.774392 0.286328
0.789709 0.286781
0.797730 0.299163
0.784209 0.302133
0.777134 0.312965
0.770985 0.316167
0.779130 0.327498
0.781103 0.329566
0.777292 0.337058
0.783244 0.332026
0.788598 0.325869
0.806945 0.316387
0.815375 0.322157
0.828132 0.324759
0.828631 0.321959
0.838632 0.320295
0.849236 0.320434
0.851071 0.314191
0.834667 0.310754
0.820751 0.303632
0.826732 0.300497
0.833436 0.288799
0.838197 0.291949
0.846093 0.296292
0.843796 0.300893
0.846619 0.304488
0.852725 0.301694
0.854201 0.298791
0.859105 0.298606
0.859356 0.287392
0.861354 0.282835
0.846734 0.274478
0.845204 0.273483
0.845259 0.267068
0.837147 0.260215
0.841754 0.241728
0.846996 0.250438
0.849022 0.247794
0.858116 0.251490
0.858703 0.249815
0.861953 0.247902
0.870753 0.248880
0.868609 0.233636
0.869363 0.229454
0.864220 0.232459
0.860616 0.232586
0.860089 0.226003
0.857358 0.218293
0.847562 0.220906
0.855319 0.205755
0.876479 0.190181
0.879093 0.188739
0.874518 0.186618
0.866817 0.183926
0.855833 0.181131
0.848535 0.187098
0.840733 0.189464
0.850679 0.180492
0.853521 0.174820
0.864906 0.170530
0.871113 0.177649
0.872307 0.169799
0.878185 0.166060
0.888371 0.177699
0.896922 0.177366
0.893391 0.174016
0.882947 0.153796
0.898646 0.155533
0.904496 0.153869
0.902205 0.153014
0.897850 0.145692
0.894475 0.139635
0.919038 0.134903
0.916123 0.144460
0.929493 0.150714
0.927022 0.159321
0.920886 0.159656
0.911978 0.160359
0.915161 0.171609
0.916478 0.175458
0.920631 0.177205
0.932859 0.174359
0.942580 0.167058
0.938754 0.158138
0.949904 0.151467
0.955369 0.144776
0.943810 0.147228
0.931736 0.124957
0.929605 0.125861
0.917657 0.115899
0.914040 0.106628
0.912193 0.114767
0.912540 0.115201
0.897011 0.121077
0.882840 0.106102
0.880504 0.094645
0.889283 0.101045
0.901148 0.100598
0.906398 0.099779
0.901547 0.094294
0.909363 0.092459
0.905897 0.084200
0.893768 0.072062
0.904999 0.059664
0.905449 0.054591
0.901739 0.047118
0.914361 0.052893
0.918373 0.045806
0.921098 0.041560
0.937250 0.036556
0.941788 0.024800
0.950595 0.026218
0.947128 0.001856
0.951160 0.004892
0.965508 0.005110
0.969285 0.014855
0.970317 0.027675
0.990463 0.009123
0.989968 0.037066
0.983725 0.046146
0.984175 0.047190
0.987270 0.046665
0.992335 0.050776
0.999560 0.055206
0.988637 0.057770
0.984707 0.057314
0.997299 0.079666
0.974301 0.091782
0.970235 0.071883
0.969090 0.055605
0.960999 0.059678
0.942400 0.053813
0.939065 0.060606
0.934654 0.062548
0.931863 0.050589
0.926885 0.056282
0.913386 0.073081
0.927694 0.064609
0.936322 0.068677
0.940789 0.075808
0.943326 0.073510
0.946668 0.077560
0.941679 0.081103
0.946385 0.085195
0.948129 0.100437
0.958233 0.106256
0.992795 0.125745
0.997501 0.127614
0.973555 0.141886
0.976132 0.149218
0.978900 0.158567
0.971628 0.159552
0.962420 0.159450
0.967854 0.172055
0.976391 0.173432
0.986777 0.173942
0.983817 0.182969
0.972761 0.189975
0.971636 0.191206
0.956625 0.175159
0.948164 0.182864
0.952044 0.187560
0.959972 0.197401
0.949911 0.207469
0.954392 0.216689
0.964771 0.226899
0.965542 0.216320
0.972758 0.216012
0.974030 0.211321
0.984144 0.213023
0.997026 0.197966
0.994344 0.206469
0.993450 0.236307
0.989043 0.236225
0.976382 0.240836
0.962790 0.242574
0.974318 0.249676
0.977543 0.253789
0.971486 0.252987
0.964300 0.261249
0.956692 0.275658
0.948473 0.297679
0.953757 0.293594
0.958114 0.293601
0.957975 0.290895
0.980697 0.285163
0.971800 0.274665
0.980976 0.270835
0.986675 0.262463
0.991079 0.252717
0.996486 0.267757
0.998403 0.292888
0.996317 0.299832
0.993255 0.315813
0.995102 0.319744
0.997825 0.320183
0.986819 0.327062
0.996767 0.336642
0.999101 0.344621
0.990912 0.350401
0.977176 0.356996
0.977649 0.360626
0.966702 0.366017
0.964168 0.371480
0.955470 0.372007
0.956410 0.357501
0.951901 0.349814
0.966313 0.336455
0.966917 0.329605
0.978363 0.316615
0.968087 0.316604
0.968708 0.319745
0.955459 0.329293
0.950566 0.321067
0.949706 0.319826
0.935999 0.325282
0.932658 0.316764
0.934286 0.315030
0.941635 0.302319
0.943070 0.290545
0.937282 0.288557
0.923154 0.292281
0.920404 0.272318
0.923941 0.267964
0.933928 0.268605
0.940168 0.269611
0.935890 0.251497
0.927398 0.244769
0.928016 0.240086
0.942561 0.236583
0.951353 0.224018
0.941742 0.212903
0.940076 0.202553
0.929216 0.194235
0.924791 0.194977
0.926362 0.182994
0.918333 0.188561
0.921613 0.198722
0.927208 0.212191
0.928971 0.214977
0.920854 0.219417
0.915170 0.226023
0.903169 0.215986
0.903710 0.212755
0.896850 0.205631
0.898222 0.202780
0.891566 0.199536
0.884866 0.219335
0.881549 0.226126
0.880102 0.225081
0.871446 0.228425
0.895957 0.236033
0.901795 0.226894
0.912294 0.241638
0.911186 0.244392
0.902152 0.247926
0.909419 0.251534
0.912831 0.256053
0.918381 0.257794
0.928511 0.259225
0.913440 0.263943
0.902067 0.281261
0.890567 0.272889
0.888867 0.272745
0.889486 0.280597
0.884225 0.282886
0.879550 0.284724
0.870890 0.300960
0.871010 0.301867
0.871449 0.308875
0.880108 0.310839
0.879651 0.302258
0.886920 0.304345
0.895807 0.296918
0.900928 0.290178
0.907906 0.285976
0.915468 0.294450
0.911985 0.311406
0.920648 0.318189
0.920921 0.322376
0.909340 0.333284
0.901169 0.339273
0.903863 0.344242
0.906998 0.345991
0.919666 0.344586
0.944339 0.359192
0.938050 0.372962
0.933350 0.374435
0.930531 0.357493
0.926167 0.358200
0.914335 0.350652
0.897911 0.361655
0.894992 0.363850
0.906651 0.366974
0.909621 0.374842
0.919439 0.382502
0.915609 0.394204
0.922454 0.408774
0.927225 0.415072
0.922371 0.423011
0.915413 0.422122
0.901474 0.396566
0.898251 0.402113
0.894924 0.399940
0.888113 0.397888
0.880801 0.379328
0.867738 0.389004
0.854903 0.385234
0.856736 0.401568
0.848202 0.404122
0.843151 0.402732
0.834209 0.397025
0.824255 0.381787
0.832194 0.380031
0.833818 0.376853
0.832656 0.376593
0.833197 0.372159
0.841394 0.375054
0.861388 0.364175
0.865307 0.370216
0.886474 0.370396
0.884158 0.361176
0.889603 0.353243
0.869251 0.346622
0.880823 0.329835
0.888528 0.330318
0.881433 0.324567
0.867340 0.326092
0.856779 0.335124
0.851219 0.342682
0.839520 0.337394
0.822350 0.332020
0.820021 0.334920
0.817360 0.339067
0.811165 0.344133
0.800721 0.350147
0.799153 0.352210
0.810306 0.355779
0.805174 0.374418
0.803095 0.376173
0.793041 0.377126
0.790620 0.372399
0.785083 0.379021
0.782903 0.375864
0.784399 0.375558
0.785529 0.367569
0.783419 0.364396
0.777883 0.369309
0.769554 0.369853
0.772319 0.365272
0.772708 0.350267
0.768433 0.350673
0.754976 0.353107
0.753018 0.348652
0.751647 0.346707
0.752046 0.335375
0.744083 0.343801
0.738474 0.336588
0.737853 0.336201
0.727223 0.321588
0.708503 0.316669
0.710271 0.324315
0.720901 0.326838
0.720151 0.332725
0.725524 0.337169
0.725418 0.338750
0.728462 0.344324
0.727940 0.348018
0.739135 0.355270
0.736845 0.358616
0.746358 0.371292
0.764977 0.369428
0.757158 0.393626
0.756985 0.395890
0.753543 0.401683
0.772787 0.406213
0.773889 0.390338
0.789864 0.394601
0.796651 0.390505
0.801131 0.404375
0.811129 0.404739
0.817132 0.413546
0.805656 0.417421
0.807172 0.419851
0.805642 0.426573
0.815615 0.423238
0.823773 0.426447
0.832532 0.410256
0.847678 0.424459
0.865032 0.405413
0.879385 0.421006
0.875995 0.425234
0.881672 0.438444
0.888659 0.425555
0.910866 0.434796
0.911563 0.446386
0.908850 0.445819
0.893614 0.453436
0.892479 0.459594
0.893146 0.459432
0.894626 0.461841
0.899178 0.472540
0.894869 0.475078
0.885481 0.467589
0.873101 0.478906
0.873899 0.456722
0.848260 0.457230
0.852009 0.441651
0.848642 0.429378
0.842649 0.434352
0.838860 0.446565
0.837468 0.443382
0.833455 0.439304
0.826483 0.430835
0.821137 0.432570
0.812917 0.440564
0.814673 0.442504
0.809132 0.445345
0.807067 0.449310
0.816222 0.446736
0.822658 0.450004
0.824345 0.447877
0.832358 0.452882
0.830366 0.459914
0.825101 0.473739
0.829766 0.490724
0.820313 0.508806
0.813333 0.507000
0.799160 0.497969
0.802536 0.482486
0.801335 0.473890
0.805706 0.462666
0.803490 0.457013
0.798125 0.447528
0.803282 0.443990
0.780777 0.424992
0.776492 0.429456
0.763833 0.437045
0.752843 0.432370
0.756045 0.437823
0.763999 0.447347
0.762449 0.478493
0.755141 0.480157
0.764393 0.487688
0.762342 0.498225
0.762979 0.503241
0.771787 0.514702
0.780556 0.519360
0.782756 0.513770
0.780096 0.504935
0.778171 0.487677
0.781959 0.482595
0.780563 0.473867
0.782754 0.469500
0.791031 0.487332
0.794323 0.495474
0.800411 0.509643
0.796360 0.518239
0.794887 0.519565
0.819629 0.515089
0.823365 0.517339
0.818716 0.525636
0.817433 0.528356
0.824576 0.535584
0.841419 0.553540
0.850083 0.549820
0.851513 0.546444
0.856821 0.556749
0.862216 0.554739
0.882740 0.561129
0.877803 0.569173
0.869127 0.573179
0.866684 0.574252
0.871172 0.579998
0.863636 0.587843
0.856362 0.581707
0.853667 0.584389
0.853104 0.585241
0.828221 0.582719
0.822529 0.572621
0.831051 0.564109
0.801153 0.561506
0.796501 0.556437
0.796784 0.536711
0.788464 0.540723
0.781059 0.543403
0.787039 0.551218
0.787208 0.562747
0.789274 0.572150
0.802792 0.575971
0.804098 0.576533
0.779376 0.585537
0.778587 0.595079
0.773214 0.595867
0.764090 0.585812
0.758145 0.599735
0.750627 0.601402
0.730504 0.595052
0.722371 0.584750
0.713078 0.571351
0.709896 0.559503
0.704696 0.550826
0.721391 0.547183
0.742052 0.563046
0.736547 0.568436
0.732728 0.583207
0.742213 0.587509
0.758175 0.588950
0.757050 0.573832
0.756386 0.564648
0.764904 0.559844
0.771313 0.561718
0.770415 0.543155
0.753222 0.539769
0.748866 0.536614
0.731294 0.543956
0.740819 0.517907
0.720347 0.522253
0.717400 0.502116
0.714928 0.497796
0.716918 0.494144
0.733026 0.502674
0.737458 0.475247
0.726307 0.477111
0.727298 0.462288
0.706784 0.453161
0.708856 0.448210
0.697670 0.442325
0.686702 0.442108
0.685362 0.442218
0.675569 0.444641
0.671171 0.451803
0.665878 0.452463
0.655594 0.447433
0.659812 0.441469
0.652138 0.437980
0.644046 0.438153
0.637296 0.435687
0.657276 0.435974
0.655981 0.422844
0.662955 0.421372
0.667728 0.415668
0.666539 0.427849
0.677025 0.436065
0.682507 0.429690
0.687650 0.429767
0.680930 0.420450
0.692211 0.417590
0.693749 0.412969
0.696468 0.412390
0.710729 0.405357
0.710684 0.412661
0.704969 0.429747
0.704415 0.436300
0.717226 0.434589
0.729576 0.422597
0.738274 0.414989
0.742000 0.403291
0.734110 0.404209
0.727537 0.392361
0.723129 0.383465
0.716560 0.379267
0.707400 0.378842
0.702710 0.387095
0.704407 0.388932
0.701766 0.400593
0.693359 0.395191
0.682504 0.398382
0.667818 0.389873
0.657192 0.393439
0.652898 0.383732
0.624858 0.392063
0.622445 0.392066
0.603922 0.377695
0.616803 0.377157
0.621962 0.367669
0.620426 0.364110
0.614865 0.357469
0.631694 0.352401
0.638730 0.374695
0.641287 0.371410
0.660532 0.368744
0.663192 0.377603
0.668995 0.381458
0.674857 0.389444
0.686419 0.386710
0.679617 0.379804
0.681182 0.361152
0.682658 0.359764
0.689609 0.350220
0.691009 0.345042
0.696227 0.341292
0.689957 0.343905
0.680577 0.343688
0.682932 0.338356
0.679830 0.333853
0.680778 0.328278
0.697354 0.324948
0.683012 0.322181
0.678357 0.311521
0.672121 0.317307
0.673947 0.323280
0.660836 0.334056
0.655699 0.345653
0.652945 0.338818
0.646861 0.338530
0.645806 0.347416
0.631563 0.332266
0.629964 0.332265
0.631673 0.326639
0.617660 0.333666
0.618914 0.341347
0.607127 0.343142
0.606454 0.343872
0.593410 0.349697
0.588353 0.355267
0.592931 0.342349
0.595608 0.341053
0.609691 0.320993
0.609939 0.318412
0.613491 0.311093
0.607471 0.308149
0.602717 0.309535
0.591278 0.295692
0.581543 0.282671
0.563584 0.289140
0.563870 0.292054
0.557996 0.302017
0.571713 0.309698
0.578732 0.312386
0.581490 0.319860
0.584758 0.325922
0.575564 0.323295
0.571048 0.324821
0.565238 0.324387
0.554790 0.327949
0.549514 0.337705
0.541860 0.330611
0.549405 0.319670
0.547156 0.311254
0.523732 0.321266
0.536316 0.335533
0.522768 0.356113
0.523382 0.358979
0.528593 0.365135
0.524180 0.373058
0.545913 0.375338
0.549637 0.362117
0.553601 0.356795
0.548462 0.351340
0.562120 0.332211
0.577029 0.353777
0.574991 0.369350
0.552837 0.371721
0.559809 0.380961
0.568422 0.385884
0.575554 0.395689
0.587483 0.392918
0.600606 0.407614
0.612451 0.404168
0.618481 0.417730
0.615790 0.418604
0.621778 0.450957
0.612251 0.452860
0.601965 0.451885
0.599271 0.453498
0.591527 0.441680
0.588735 0.439849
0.589252 0.429927
0.586977 0.427145
0.579050 0.415533
0.551893 0.400180
0.535177 0.381802
0.524817 0.420550
0.497759 0.407027
0.490822 0.408368
0.501676 0.416362
0.503354 0.429384
0.496368 0.424370
0.479983 0.437781
0.477637 0.433102
0.467147 0.434222
0.477926 0.457618
0.471524 0.474010
0.478327 0.472490
0.486761 0.477089
0.514744 0.475282
0.518074 0.479848
0.520609 0.468146
0.524690 0.451557
0.520096 0.447570
0.515513 0.446783
0.496074 0.446203
0.516588 0.432409
0.521784 0.430053
0.527926 0.434462
0.529189 0.420658
0.541636 0.420255
0.549354 0.427022
0.563543 0.425906
0.547099 0.438772
0.542428 0.444489
0.553429 0.444964
0.558429 0.438815
0.575217 0.440712
0.578514 0.447879
0.573046 0.458940
0.577743 0.460434
0.584509 0.463949
0.585036 0.464703
0.584004 0.465744
0.582604 0.473912
0.570595 0.464713
0.570348 0.474822
0.562179 0.496889
0.558592 0.486333
0.543876 0.478067
0.541419 0.491732
0.539759 0.504377
0.540515 0.513308
0.523581 0.514575
0.535060 0.517773
0.545277 0.521157
0.546238 0.521211
0.543620 0.526953
0.538928 0.528485
0.543327 0.535673
0.548739 0.548683
0.549405 0.540602
0.554882 0.527819
0.556099 0.525430
0.565245 0.511377
0.571382 0.511365
0.576220 0.518587
0.573347 0.525047
0.573292 0.527843
0.582324 0.538469
0.577706 0.537246
0.577143 0.536854
0.574938 0.539221
0.570340 0.538497
0.566617 0.548998
0.563878 0.560593
0.552077 0.557768
0.539794 0.570014
0.528450 0.560880
0.530229 0.559614
0.529532 0.544872
0.519867 0.539920
0.511983 0.516417
0.505113 0.519832
0.500984 0.527435
0.489816 0.529631
0.489023 0.515076
0.498115 0.508047
0.501627 0.502858
0.480614 0.502159
0.475240 0.491066
0.465630 0.490189
0.461291 0.482340
0.437506 0.448975
0.431059 0.460658
0.419837 0.464911
0.433970 0.474586
0.443754 0.487210
0.451823 0.492708
0.443495 0.505111
0.471854 0.513751
0.470720 0.525585
0.469492 0.533616
0.466774 0.534546
0.458975 0.548109
0.451363 0.533475
0.448713 0.518776
0.439457 0.509093
0.434142 0.499852
0.427191 0.499812
0.415234 0.490335
0.413712 0.493438
0.398907 0.500429
0.380923 0.487518
0.412020 0.488963
0.416389 0.479570
0.416926 0.474758
0.418145 0.467345
0.411320 0.469684
0.402856 0.447217
0.392150 0.455841
0.390397 0.456864
0.383621 0.442753
0.373111 0.434686
0.385331 0.433217
0.396967 0.436357
0.404147 0.424685
0.407164 0.429360
0.422168 0.427749
0.424071 0.431429
0.424279 0.444913
0.437421 0.426151
0.442389 0.421502
0.432660 0.421618
0.433718 0.414950
0.417791 0.408223
0.418726 0.404702
0.403042 0.397839
0.402300 0.403558
0.403070 0.405529
0.404817 0.412554
0.391753 0.424454
0.384743 0.405617
0.374830 0.408278
0.361330 0.426591
0.344719 0.429985
0.337943 0.446644
0.326172 0.449522
0.322800 0.452832
0.315220 0.458444
0.313758 0.448835
0.311128 0.450613
0.292230 0.436816
0.292568 0.424206
0.283629 0.424247
0.279751 0.427619
0.274586 0.426367
0.277063 0.430673
0.267630 0.442025
0.273445 0.445901
0.292709 0.452366
0.282198 0.462131
0.278950 0.464290
0.272294 0.453788
0.270870 0.454571
0.259733 0.465076
0.251122 0.465922
0.250766 0.471272
0.239718 0.463190
0.245228 0.457287
0.258415 0.450975
0.260141 0.432216
0.246138 0.436512
0.245584 0.442569
0.238651 0.448136
0.236647 0.445861
0.238820 0.439008
0.232658 0.431336
0.216918 0.437424
0.203975 0.439688
0.194035 0.459864
0.191992 0.466558
0.205048 0.465117
0.206879 0.470268
0.203967 0.473551
0.208102 0.481078
0.189687 0.474423
0.185509 0.467037
0.175736 0.478275
0.171571 0.483429
0.172650 0.485188
0.169168 0.489388
0.165448 0.490186
0.161979 0.503968
0.153141 0.498342
0.150542 0.511003
0.144807 0.509986
0.141820 0.516754
0.138561 0.522088
0.137046 0.513568
0.123831 0.506768
0.117949 0.505946
0.127409 0.517306
0.122748 0.532056
0.116241 0.523502
0.113663 0.519992
0.097569 0.505101
0.086504 0.505036
0.063486 0.510579
0.068844 0.520485
0.079447 0.530440
0.088821 0.518735
0.089256 0.526210
0.090800 0.536578
0.082010 0.544090
0.086404 0.553406
0.101944 0.566218
0.101167 0.552855
0.109561 0.549501
0.121226 0.549973
0.126611 0.541210
0.132515 0.554529
0.133078 0.565719
0.110857 0.563609
0.115834 0.574760
0.124766 0.586280
0.130963 0.575977
0.136342 0.576875
0.138015 0.579486
0.144650 0.579875
0.149294 0.584251
0.150776 0.605595
0.151527 0.606450
0.136101 0.605320
0.135161 0.603176
0.118246 0.601063
0.107723 0.617304
0.105515 0.626102
0.108730 0.629459
0.124573 0.627637
0.131773 0.628353
0.120193 0.649959
0.118961 0.657448
0.131792 0.655070
0.142026 0.650768
0.146257 0.644691
0.148553 0.662919
0.148507 0.668398
0.136502 0.668780
0.130151 0.677137
0.130118 0.680756
0.118350 0.670255
0.116964 0.662356
0.111744 0.671151
0.121914 0.684933
0.127277 0.685579
0.132495 0.690308
0.138860 0.687214
0.138885 0.686587
0.140382 0.681205
0.144381 0.687872
0.156595 0.679820
0.167228 0.682664
0.168519 0.681163
0.173896 0.680777
0.179147 0.688784
0.163821 0.687782
0.162750 0.688867
0.162219 0.693522
0.157178 0.698869
0.150301 0.710459
0.152142 0.713418
0.171196 0.723829
0.169029 0.735026
0.164838 0.737364
0.174719 0.745047
0.176300 0.741588
0.183302 0.737058
0.190995 0.731074
0.197509 0.749696
0.202904 0.745473
0.208990 0.740780
0.212327 0.742926
0.218166 0.743532
0.217426 0.742024
0.227760 0.722650
0.183697 0.709322
0.201654 0.703066
0.202987 0.699647
0.198086 0.688027
0.207231 0.692709
0.208686 0.697611
0.210070 0.694732
0.219472 0.690924
0.218049 0.683187
0.215917 0.660885
0.190780 0.666674
0.183547 0.675436
0.176395 0.667278
0.168654 0.674434
0.162845 0.673084
0.163290 0.671927
0.164952 0.668087
0.164077 0.659345
0.174836 0.648871
0.159156 0.629545
0.155608 0.632182
0.145424 0.628814
0.157192 0.628527
0.171490 0.620022
0.173668 0.615141
0.168520 0.609424
0.171789 0.597646
0.176327 0.596511
0.184468 0.609870
0.191343 0.619787
0.196085 0.619167
0.197751 0.630521
0.200635 0.636137
0.201679 0.637846
0.209701 0.633860
0.204176 0.646069
0.209956 0.647217
0.223673 0.643579
0.220776 0.634984
0.229419 0.620683
0.236207 0.622928
0.236656 0.623471
0.246162 0.647752
0.236467 0.646200
0.230748 0.659887
0.237035 0.658418
0.242572 0.657899
0.254274 0.647050
0.277064 0.666559
0.289762 0.646300
0.288724 0.634760
0.286281 0.641411
0.283508 0.642600
0.279085 0.644326
0.265247 0.646706
0.264266 0.642863
0.272203 0.625953
0.276732 0.618222
0.279970 0.620082
0.279786 0.616533
0.281822 0.608502
0.284559 0.608229
0.300352 0.614860
0.306566 0.632525
0.309836 0.628011
0.310800 0.615928
0.315866 0.612579
0.313921 0.604135
0.328088 0.603158
0.327185 0.612877
0.345738 0.609510
0.358107 0.614600
0.361171 0.609007
0.368798 0.596107
0.369073 0.590087
0.358906 0.588743
0.358022 0.588092
0.352947 0.581803
0.369945 0.577278
0.372197 0.574183
0.385654 0.601582
0.376067 0.605591
0.373744 0.611463
0.376891 0.617331
0.390340 0.617676
0.401312 0.618419
0.395299 0.627066
0.382894 0.633581
0.382287 0.634787
0.385067 0.641179
0.384963 0.644088
0.366574 0.642168
0.344167 0.634365
0.337828 0.640545
0.349278 0.645926
0.353418 0.647472
0.353618 0.648503
0.360200 0.648940
0.365407 0.660188
0.388995 0.667139
0.392150 0.670627
0.391953 0.660856
0.391361 0.648461
0.400431 0.642480
0.401227 0.643817
0.414599 0.643206
0.424764 0.626804
0.411751 0.629526
0.412200 0.627967
0.404946 0.619694
0.414878 0.607679
0.428351 0.604370
0.412082 0.598356
0.409814 0.591896
0.386298 0.573324
0.362754 0.548422
0.350359 0.557846
0.339005 0.554152
0.321779 0.561412
0.335429 0.567226
0.329678 0.573810
0.331130 0.585907
0.330543 0.586942
0.328361 0.585689
0.324097 0.591408
0.313414 0.593747
0.308951 0.589122
0.307011 0.578584
0.297288 0.596609
0.295638 0.583785
0.289071 0.581170
0.274245 0.583659
0.270528 0.570559
0.284926 0.566384
0.280627 0.558443
0.277938 0.551510
0.270276 0.549523
0.250782 0.559574
0.248963 0.574256
0.240584 0.573470
0.245042 0.580014
0.262817 0.600586
0.264460 0.602385
0.254361 0.599295
0.252996 0.602077
0.240059 0.588548
0.226303 0.594068
0.221022 0.605163
0.219710 0.583785
0.186383 0.581226
0.174464 0.580714
0.164565 0.566597
0.159828 0.565192
0.156855 0.561215
0.144086 0.572746
0.146462 0.563843
0.154015 0.555765
0.147542 0.550121
0.155036 0.542980
0.157193 0.533071
0.169737 0.562481
0.175173 0.562991
0.198308 0.558197
0.212918 0.556394
0.220646 0.563009
0.219533 0.556686
0.221948 0.548370
0.222820 0.540030
0.197976 0.538075
0.194243 0.534909
0.189969 0.545575
0.177504 0.528850
0.175280 0.527358
0.192709 0.509218
0.197838 0.500179
0.216236 0.506867
0.213950 0.523974
0.227597 0.530328
0.228749 0.514870
0.223836 0.504724
0.239248 0.486650
0.248340 0.503665
0.261654 0.490078
0.261615 0.506279
0.263549 0.521712
0.239381 0.526091
0.241769 0.544813
0.252152 0.535341
0.263300 0.541456
0.268688 0.543776
0.276670 0.535620
0.278877 0.538899
0.286805 0.549397
0.311013 0.547861
0.317303 0.538748
0.336622 0.545844
0.347671 0.541002
0.343610 0.515530
0.338164 0.515516
0.325689 0.509368
0.322650 0.501696
0.309044 0.504417
0.312638 0.506847
0.318297 0.523281
0.307951 0.521303
0.303341 0.526478
0.300317 0.528022
0.302697 0.517776
0.288708 0.515978
0.282075 0.518394
0.270523 0.524508
0.288946 0.508577
0.298262 0.501483
0.289754 0.496179
0.273287 0.483818
0.309727 0.484624
0.310623 0.487433
0.319860 0.484741
0.322742 0.494123
0.338377 0.495587
0.346125 0.468797
0.337731 0.465339
0.352228 0.446921
0.360076 0.452233
0.360338 0.456765
0.372056 0.463897
0.358912 0.471542
0.363400 0.488574
0.363755 0.498215
0.358447 0.500953
0.357113 0.513302
0.360413 0.518836
0.374860 0.524675
0.392083 0.532853
0.402513 0.544784
0.405573 0.550804
0.413352 0.570565
0.417212 0.556285
0.417225 0.549162
0.417244 0.541436
0.416901 0.537407
0.411607 0.538197
0.409346 0.532481
0.421741 0.521828
0.433133 0.519589
0.433623 0.530345
0.434053 0.539440
0.426506 0.544949
0.441236 0.559659
0.448149 0.557191
0.442671 0.579592
0.448535 0.575945
0.466274 0.582429
0.459270 0.598374
0.454490 0.601228
0.448581 0.610121
0.447136 0.614826
0.444979 0.623172
0.443472 0.626821
0.465583 0.611076
0.470443 0.615632
0.475127 0.621063
0.463576 0.636373
0.473301 0.646776
0.484399 0.640447
0.490314 0.636800
0.496835 0.624700
0.489717 0.624354
0.488385 0.614572
0.485764 0.603135
0.478631 0.600947
0.480939 0.595208
0.477807 0.573355
0.494340 0.591544
0.496373 0.598974
0.497103 0.587274
0.506277 0.570849
0.521413 0.578601
0.529092 0.580976
0.538798 0.580988
0.554230 0.581726
0.548683 0.585127
0.536094 0.607498
0.529341 0.602762
0.532546 0.588967
0.528826 0.586422
0.514001 0.584885
0.518797 0.596556
0.516860 0.604835
0.517718 0.619277
0.509040 0.627791
0.511665 0.629471
0.504175 0.647323
0.492464 0.651785
0.490106 0.666706
0.468930 0.669223
0.468584 0.669790
0.468402 0.680838
0.471291 0.689725
0.474530 0.685377
0.481719 0.682832
0.498033 0.687597
0.503642 0.677752
0.517792 0.676662
0.523808 0.649321
0.528707 0.646992
0.546079 0.643749
0.533143 0.637494
0.534829 0.624602
0.553935 0.618894
0.567881 0.610485
0.566833 0.608973
0.559668 0.605891
0.565278 0.592054
0.571172 0.583836
0.563816 0.573962
0.586979 0.578150
0.600277 0.596135
0.614071 0.590000
0.622633 0.583448
0.612374 0.565141
0.609226 0.556705
0.603605 0.549121
0.600782 0.544995
0.594352 0.529725
0.584858 0.516313
0.599608 0.518824
0.602715 0.514468
0.601307 0.500578
0.598535 0.491472
0.593777 0.486478
0.586142 0.485701
0.583869 0.477360
0.604610 0.483257
0.601956 0.485859
0.607285 0.502544
0.626617 0.507816
0.627857 0.491362
0.637337 0.479866
0.636316 0.474161
0.639721 0.463655
0.649337 0.460999
0.653250 0.458427
0.654427 0.483051
0.659817 0.485550
0.650273 0.495592
0.671054 0.499904
0.670441 0.490479
0.677914 0.490188
0.688944 0.467392
0.687332 0.462368
0.693491 0.458430
0.703923 0.473058
0.700556 0.509651
0.697162 0.521804
0.694095 0.522980
0.695439 0.525670
0.702764 0.544995
0.694544 0.540355
0.674315 0.512461
0.660390 0.507523
0.661838 0.509583
0.660733 0.521917
0.663158 0.523831
0.661134 0.530469
0.652283 0.527082
0.637085 0.536989
0.626432 0.534149
0.620293 0.541148
0.615753 0.548216
0.630346 0.551974
0.637498 0.542778
0.653880 0.554961
0.648526 0.566458
0.656415 0.573156
0.660372 0.580305
0.667186 0.581710
0.662786 0.587966
0.644288 0.585648
0.633313 0.585254
0.622155 0.593310
0.611292 0.604341
0.610431 0.604705
0.609287 0.605001
0.610579 0.620806
0.627124 0.626025
0.634804 0.606702
0.647140 0.618393
0.650721 0.629217
0.648419 0.655754
0.646265 0.656559
0.647020 0.657055
0.658014 0.666434
0.659345 0.673035
0.651251 0.683264
0.663712 0.685546
0.665011 0.688168
0.682694 0.668607
0.695560 0.657756
0.676379 0.657317
0.664201 0.636522
0.684372 0.648179
0.688875 0.643002
0.701192 0.638025
0.685583 0.626532
0.678266 0.624850
0.656260 0.624885
0.661974 0.618975
0.661351 0.607749
0.668907 0.594346
0.675970 0.602102
0.677927 0.601138
0.686885 0.580136
0.681331 0.571163
0.674525 0.569587
0.670676 0.562724
0.680876 0.554184
0.678437 0.560215
0.680021 0.562789
0.683212 0.568423
0.686527 0.566030
0.696144 0.576651
0.696676 0.589156
0.696562 0.603977
0.692498 0.609590
0.701856 0.615832
0.711165 0.608682
0.725340 0.607834
0.725519 0.608435
0.729205 0.614027
0.720496 0.618625
0.735194 0.639621
0.740036 0.639861
0.746587 0.655891
0.750905 0.644988
0.744993 0.630471
0.741656 0.623628
0.749425 0.620001
0.760055 0.617318
0.766338 0.606055
0.770288 0.614688
0.770011 0.626534
0.774111 0.627845
0.778520 0.635247
0.771582 0.641030
0.782955 0.641787
0.802491 0.611461
0.811679 0.613899
0.814756 0.607431
0.825725 0.598163
0.822782 0.610786
0.814667 0.619336
0.817708 0.621612
0.812895 0.629281
0.801088 0.630590
0.794392 0.643113
0.802995 0.648034
0.812524 0.642055
0.834327 0.653907
0.836638 0.670839
0.819389 0.657255
0.809013 0.661303
0.799432 0.688757
0.795074 0.670647
0.798793 0.666499
0.796165 0.659536
0.795538 0.658792
0.786217 0.651294
0.781237 0.663558
0.776587 0.669535
0.763864 0.675010
0.758556 0.669353
0.758732 0.682265
0.767529 0.687444
0.767854 0.691327
0.769119 0.696377
0.763937 0.699516
0.755065 0.714050
0.742467 0.722619
0.740172 0.718795
0.734459 0.709898
0.734548 0.702749
0.727385 0.710192
0.722105 0.714656
0.724630 0.703718
0.724501 0.694031
0.746714 0.691229
0.745756 0.684981
0.723938 0.676750
0.717066 0.674381
0.723172 0.657711
0.708970 0.668377
0.701637 0.670900
0.696688 0.671304
0.704439 0.686542
0.697691 0.704374
0.693745 0.691241
0.680183 0.687624
0.678943 0.690388
0.685174 0.695751
0.678211 0.711892
0.672909 0.706846
0.667776 0.714532
0.671350 0.719090
0.669794 0.722265
0.682587 0.736593
0.687999 0.744520
0.692118 0.747354
0.682709 0.748272
0.683328 0.757655
0.665438 0.751627
0.664786 0.747794
0.659260 0.740403
0.659168 0.750772
0.654722 0.762133
0.652134 0.765366
0.647136 0.764164
0.653629 0.782508
0.667477 0.791133
0.673833 0.783687
0.676041 0.789270
0.695249 0.785049
0.693237 0.782306
0.688611 0.777333
0.677413 0.764958
0.692168 0.761118
0.706137 0.751172
0.723943 0.764014
0.735088 0.767662
0.740182 0.760481
0.730482 0.757435
0.728524 0.736844
0.741778 0.741031
0.753441 0.730525
0.763085 0.728372
0.765086 0.723074
0.770288 0.717951
0.772073 0.713138
0.775214 0.713487
0.794766 0.706704
0.793028 0.734298
0.792750 0.737150
0.800740 0.736322
0.808921 0.749766
0.814121 0.738144
0.821513 0.741055
0.830657 0.734629
0.809668 0.715149
0.804815 0.711839
0.811651 0.712715
0.823312 0.707738
0.818048 0.695959
0.826758 0.702892
0.829287 0.700840
0.866915 0.677235
0.844104 0.668291
0.850373 0.660992
0.848357 0.650286
0.854555 0.643729
0.854744 0.646039
0.856498 0.660995
0.862596 0.664137
0.872498 0.662239
0.877171 0.654932
0.885483 0.671819
0.871420 0.687208
0.876659 0.698620
0.864884 0.705048
0.872726 0.713169
0.870723 0.721177
0.854573 0.734667
0.878614 0.726247
0.892640 0.718850
0.899490 0.727327
0.904494 0.724189
0.909664 0.719775
0.919636 0.708457
0.939447 0.720683
0.944712 0.716827
0.942681 0.706376
0.944144 0.702055
0.959404 0.695686
