0.406491 0.785855
0.384462 0.764465
0.385158 0.757773
0.398575 0.745557
0.419334 0.746866
0.419061 0.742479
0.427895 0.724249
0.430276 0.722147
0.445328 0.732319
0.447816 0.743133
0.445164 0.749960
0.441474 0.751821
0.448539 0.753916
0.444466 0.772390
0.440066 0.773294
0.436879 0.783389
0.438397 0.787863
0.460701 0.785045
0.463084 0.783285
0.463581 0.780754
0.467585 0.781803
0.474561 0.774885
0.482911 0.765891
0.486393 0.764820
0.499503 0.779945
0.495281 0.780175
0.492084 0.781024
0.486342 0.777269
0.479265 0.780086
0.479378 0.794476
0.486737 0.808625
0.482483 0.814163
0.482812 0.832506
0.461194 0.838961
0.461827 0.841452
0.457615 0.845568
0.464134 0.854646
0.475115 0.856545
0.477107 0.847778
0.479269 0.847398
0.488589 0.843529
0.494887 0.844005
0.500174 0.845511
0.491870 0.852985
0.495314 0.862528
0.500919 0.857712
0.502920 0.861156
0.507573 0.856289
0.513960 0.847032
0.510901 0.838878
0.512733 0.835589
0.513894 0.828660
0.503002 0.836223
0.492340 0.833182
0.496399 0.817985
0.499803 0.813031
0.513598 0.807449
0.514277 0.796093
0.518579 0.793655
0.523179 0.802962
0.542626 0.792684
0.551770 0.783167
0.547279 0.774880
0.534274 0.773371
0.546875 0.771834
0.557163 0.769947
0.572493 0.771949
0.560469 0.767999
0.554422 0.762722
0.553976 0.752826
0.549298 0.755951
0.525614 0.753991
0.520721 0.755758
0.523499 0.763482
0.501294 0.756862
0.479891 0.759583
0.477372 0.750321
0.479447 0.744696
0.478461 0.734619
0.480019 0.726275
0.488401 0.722892
0.495684 0.712087
0.510647 0.714181
0.518735 0.720275
0.522678 0.717451
0.523543 0.717779
0.522826 0.745286
0.526730 0.741056
0.539245 0.720314
0.536835 0.719790
0.534135 0.711628
0.549215 0.716884
0.561036 0.717940
0.553570 0.696622
0.551756 0.693314
0.548269 0.686917
0.538979 0.677071
0.558170 0.687740
0.561768 0.690321
0.568305 0.687434
0.567609 0.692849
0.579278 0.699972
0.577098 0.717471
0.561240 0.734625
0.574159 0.750339
0.587710 0.742014
0.594056 0.739802
0.592569 0.733023
0.588350 0.707807
0.585098 0.692268
0.574892 0.680560
0.574238 0.677673
0.559441 0.676518
0.563230 0.665892
0.561470 0.654849
0.555899 0.646428
0.554724 0.658521
0.542588 0.667464
0.543676 0.652558
0.545570 0.647337
0.551191 0.632138
0.550379 0.625856
0.555715 0.618941
0.544532 0.623657
0.538908 0.625081
0.533574 0.626806
0.528452 0.646329
0.521134 0.671451
0.520782 0.677423
0.513196 0.690679
0.507821 0.686484
0.497086 0.702665
0.492806 0.694511
0.494740 0.677810
0.491856 0.675552
0.494157 0.674110
0.496993 0.659694
0.503719 0.644723
0.487448 0.656912
0.469876 0.652065
0.454330 0.644636
0.449957 0.646397
0.450625 0.654353
0.442252 0.649701
0.434775 0.665594
0.429892 0.671370
0.426950 0.679936
0.447940 0.676362
0.465235 0.681237
0.476521 0.691306
0.472376 0.696998
0.483979 0.701190
0.482273 0.703553
0.472559 0.723479
0.462302 0.716885
0.443631 0.710151
0.433661 0.693357
0.431568 0.695197
0.421271 0.696488
0.421309 0.701406
0.396451 0.703932
0.382320 0.725719
0.364206 0.735230
0.365620 0.743826
0.370850 0.754939
0.356441 0.759999
0.348938 0.762356
0.329712 0.772563
0.320403 0.755189
0.311459 0.763436
0.303601 0.767387
0.300023 0.767283
0.290144 0.766825
0.283205 0.769731
0.271040 0.774369
0.262048 0.787078
0.256130 0.774576
0.259290 0.772510
0.282896 0.757925
0.285080 0.756014
0.283431 0.753206
0.293328 0.750309
0.279267 0.745527
0.275138 0.740423
0.275209 0.739737
0.280459 0.741408
0.281413 0.738808
0.301509 0.722998
0.307798 0.724182
0.319861 0.714205
0.321840 0.699199
0.327917 0.699377
0.336880 0.703167
0.327719 0.708894
0.321997 0.726494
0.310285 0.733636
0.308704 0.735593
0.321891 0.746687
0.329213 0.752379
0.336619 0.758507
0.339259 0.755079
0.342900 0.758482
0.349644 0.749311
0.353199 0.732568
0.348089 0.724546
0.340365 0.721130
0.364268 0.700492
0.366663 0.696192
0.388487 0.701965
0.394397 0.693407
0.399634 0.680948
0.383540 0.664674
0.387765 0.653233
0.393694 0.643184
0.394683 0.638942
0.401538 0.639952
0.401970 0.652926
0.434718 0.646228
0.437112 0.646704
0.436761 0.644265
0.443349 0.624965
0.435066 0.620077
0.435083 0.619099
0.445267 0.599634
0.451630 0.595061
0.454043 0.598246
0.453106 0.604103
0.454874 0.604105
0.465755 0.595579
0.477972 0.593397
0.460472 0.617525
0.460914 0.627871
0.482997 0.622030
0.489238 0.621812
0.484502 0.604529
0.493401 0.599318
0.499452 0.605949
0.496795 0.598178
0.500799 0.585274
0.508564 0.576601
0.513365 0.574013
0.498405 0.571586
0.479442 0.557418
0.478125 0.547190
0.476277 0.556045
0.470116 0.563576
0.446829 0.563140
0.436682 0.573522
0.441632 0.583066
0.436629 0.582736
0.428423 0.585378
0.429542 0.598473
0.433860 0.600892
0.432131 0.605594
0.429535 0.614694
0.413519 0.630164
0.401077 0.626686
0.402234 0.619014
0.408905 0.606059
0.402516 0.603755
0.396340 0.605289
0.385836 0.592992
0.384547 0.594121
0.383388 0.592675
0.378591 0.594058
0.372628 0.588862
0.365058 0.591121
0.371849 0.576285
0.348002 0.564218
0.355301 0.559138
0.359644 0.541759
0.373543 0.541194
0.378781 0.547862
0.379569 0.560666
0.385953 0.572951
0.386924 0.575892
0.386450 0.579958
0.390540 0.583529
0.397798 0.577581
0.405310 0.582287
0.402935 0.574991
0.394965 0.570866
0.396615 0.570205
0.402738 0.556502
0.391116 0.555548
0.390848 0.532664
0.387419 0.530482
0.386865 0.527831
0.383139 0.537802
0.372306 0.528466
0.379130 0.512571
0.374318 0.503863
0.365631 0.497807
0.367358 0.491517
0.379583 0.487001
0.370008 0.466674
0.368190 0.463845
0.359583 0.473767
0.355976 0.472820
0.344426 0.482318
0.350193 0.484280
0.356912 0.487066
0.364352 0.495641
0.337931 0.507668
0.325698 0.488189
0.325488 0.476130
0.336340 0.475180
0.329259 0.443339
0.332091 0.436994
0.317923 0.428468
0.314513 0.431800
0.307962 0.430266
0.317340 0.418354
0.327599 0.418188
0.319310 0.407981
0.321608 0.395048
0.315553 0.385461
0.312105 0.383661
0.332540 0.376504
0.324176 0.364308
0.318986 0.366048
0.316735 0.358869
0.314798 0.365548
0.302043 0.368677
0.296604 0.372913
0.284802 0.361946
0.280156 0.363699
0.278950 0.357803
0.289358 0.348877
0.291392 0.349553
0.295764 0.338737
0.292228 0.333479
0.304183 0.337120
0.307462 0.319637
0.307123 0.317037
0.301501 0.312276
0.296080 0.311059
0.281658 0.313730
0.285823 0.304972
0.281986 0.292524
0.275146 0.287713
0.278818 0.287308
0.289765 0.284654
0.292300 0.262464
0.295977 0.276168
0.297325 0.298531
0.302090 0.306907
0.324367 0.302913
0.317506 0.314985
0.317857 0.327543
0.323410 0.331939
0.324341 0.333446
0.329023 0.334763
0.335889 0.343449
0.335128 0.344814
0.337338 0.345693
0.341840 0.339409
0.343912 0.357551
0.352454 0.347482
0.357726 0.324210
0.345083 0.325131
0.341070 0.308451
0.337131 0.302645
0.346578 0.309722
0.352073 0.306847
0.368237 0.310832
0.363532 0.302790
0.347783 0.292067
0.348202 0.287083
0.341038 0.284897
0.332104 0.272054
0.349627 0.264770
0.375006 0.263538
0.385172 0.265732
0.397233 0.264598
0.404135 0.260895
0.396426 0.253557
0.380747 0.251878
0.373119 0.224060
0.376272 0.220849
0.368719 0.213642
0.370391 0.193243
0.358369 0.195910
0.350146 0.202965
0.352854 0.215858
0.354056 0.222483
0.353676 0.233927
0.348171 0.237613
0.338364 0.210539
0.323150 0.204102
0.331562 0.219276
0.333096 0.241051
0.323784 0.239139
0.309502 0.241305
0.301790 0.248227
0.308259 0.233525
0.304251 0.229724
0.291840 0.221286
0.276437 0.227225
0.280269 0.235388
0.284888 0.238137
0.268976 0.250149
0.259318 0.251073
0.253338 0.248003
0.262297 0.261121
0.251845 0.278532
0.242580 0.291801
0.254072 0.288514
0.267767 0.306438
0.259999 0.307580
0.251242 0.304545
0.251750 0.313605
0.258461 0.325584
0.264941 0.332702
0.263406 0.354284
0.263106 0.373830
0.267843 0.375282
0.264696 0.385627
0.261817 0.386447
0.269807 0.397474
0.268881 0.399515
0.275125 0.399732
0.279117 0.395488
0.288755 0.391842
0.291814 0.389740
0.296033 0.391681
0.290549 0.397795
0.275821 0.426351
0.282544 0.428857
0.283532 0.431387
0.281486 0.438213
0.291015 0.435382
0.302603 0.434513
0.298034 0.452175
0.293208 0.455522
0.288327 0.450552
0.275779 0.464646
0.267513 0.465206
0.263038 0.465217
0.246970 0.471369
0.246043 0.458017
0.246996 0.448635
0.244470 0.442293
0.253675 0.437323
0.253079 0.428855
0.252307 0.413594
0.243471 0.403974
0.252700 0.396124
0.255759 0.397067
0.250609 0.379180
0.248632 0.378395
0.241888 0.373774
0.237341 0.381682
0.234842 0.388831
0.232560 0.380002
0.225569 0.361775
0.216270 0.362267
0.213196 0.378839
0.196505 0.365203
0.180291 0.381889
0.189561 0.399085
0.187367 0.404366
0.203068 0.407556
0.216604 0.410821
0.215871 0.418408
0.225666 0.419834
0.227739 0.424348
0.240463 0.414300
0.240401 0.432018
0.215299 0.439987
0.228273 0.461236
0.228571 0.461727
0.232698 0.473637
0.225862 0.472083
0.209143 0.469298
0.205886 0.479913
0.206912 0.480991
0.210281 0.486383
0.217482 0.486568
0.222659 0.485599
0.206949 0.493141
0.205718 0.494784
0.216720 0.506974
0.234923 0.524904
0.226008 0.538200
0.223724 0.547390
0.215156 0.561781
0.211705 0.579936
0.208534 0.590234
0.214791 0.596875
0.221866 0.592404
0.220747 0.597212
0.224925 0.610342
0.237775 0.609960
0.242007 0.610122
0.259408 0.612592
0.261063 0.607322
0.240896 0.597998
0.236107 0.600395
0.233709 0.596312
0.235592 0.590698
0.244393 0.590327
0.232582 0.573195
0.236170 0.565881
0.236368 0.557747
0.251642 0.561990
0.261119 0.549223
0.251441 0.550051
0.239966 0.532272
0.248901 0.525710
0.246973 0.521422
0.255616 0.520851
0.248755 0.515378
0.249888 0.512208
0.252062 0.510531
0.255450 0.497458
0.269507 0.515115
0.268548 0.523938
0.287579 0.528147
0.282996 0.506901
0.268890 0.501767
0.261119 0.492219
0.248889 0.488540
0.258070 0.486694
0.265774 0.488454
0.282945 0.477813
0.300444 0.485628
0.307793 0.491157
0.315855 0.488886
0.316497 0.494329
0.315418 0.498871
0.303205 0.506188
0.312545 0.523516
0.327024 0.527310
0.337443 0.521923
0.336425 0.524605
0.332868 0.535289
0.336796 0.542120
0.344724 0.549211
0.329394 0.550747
0.314601 0.556646
0.303203 0.550408
0.300725 0.555721
0.297784 0.554016
0.294136 0.552571
0.285621 0.554536
0.282061 0.555656
0.266359 0.558467
0.298010 0.566554
0.299353 0.568135
0.295760 0.569942
0.286058 0.584670
0.270737 0.584679
0.282998 0.590705
0.300590 0.588993
0.302878 0.579125
0.310095 0.582035
0.306348 0.595595
0.311424 0.597739
0.313587 0.608992
0.319738 0.595742
0.320014 0.583531
0.335283 0.564323
0.336593 0.584818
0.352875 0.611896
0.361107 0.609960
0.371630 0.637421
0.362091 0.630340
0.360320 0.631219
0.359451 0.633039
0.358129 0.634559
0.355953 0.641882
0.356955 0.658418
0.363032 0.662378
0.368748 0.677568
0.363271 0.674997
0.346839 0.662431
0.332912 0.672180
0.330219 0.671940
0.333483 0.684625
0.300683 0.672966
0.286398 0.682449
0.289285 0.682526
0.299764 0.688622
0.315422 0.691138
0.314538 0.694635
0.315512 0.701972
0.310706 0.697714
0.309627 0.698209
0.294353 0.706579
0.281360 0.717287
0.279347 0.718495
0.266988 0.715247
0.267505 0.706574
0.264742 0.698780
0.254306 0.695970
0.253396 0.703282
0.248442 0.729541
0.244825 0.736281
0.238709 0.726324
0.240657 0.715018
0.242254 0.709816
0.224781 0.689341
0.210076 0.697410
0.188918 0.699286
0.185645 0.691872
0.183069 0.695418
0.169082 0.702201
0.167196 0.699261
0.161821 0.683562
0.157927 0.674952
0.160598 0.672820
0.161424 0.668382
0.163493 0.664081
0.174851 0.661863
0.197519 0.676252
0.215450 0.673080
0.226965 0.682138
0.228369 0.687652
0.239064 0.682362
0.256148 0.685260
0.260498 0.679308
0.258162 0.656985
0.263183 0.661207
0.267957 0.659200
0.269194 0.658485
0.275577 0.646104
0.289615 0.657025
0.290983 0.646765
0.310965 0.648291
0.316893 0.641560
0.320016 0.641816
0.328605 0.648041
0.340787 0.637745
0.325998 0.640433
0.323695 0.638103
0.316266 0.634961
0.323929 0.623403
0.323609 0.616824
0.299498 0.616458
0.302041 0.627483
0.292208 0.624791
0.264127 0.624117
0.253559 0.637325
0.240624 0.642237
0.244755 0.663413
0.245385 0.670861
0.236795 0.673237
0.224501 0.668867
0.223194 0.665429
0.227502 0.662238
0.228053 0.642534
0.202361 0.659465
0.195527 0.653267
0.184499 0.650368
0.178610 0.646625
0.183643 0.640031
0.191821 0.638780
0.193878 0.629438
0.191060 0.626211
0.184331 0.633739
0.175067 0.625026
0.168826 0.633126
0.151203 0.624864
0.149128 0.624427
0.150216 0.638368
0.163375 0.651554
0.151640 0.645597
0.145598 0.646533
0.135104 0.649959
0.127189 0.664450
0.125883 0.669177
0.135929 0.676003
0.138580 0.684043
0.139085 0.692931
0.153720 0.705196
0.149819 0.721316
0.164114 0.727270
0.162370 0.730634
0.149460 0.730085
0.148163 0.733623
0.130888 0.726677
0.128448 0.727157
0.113422 0.708981
0.116860 0.701884
0.126554 0.700990
0.128010 0.692622
0.122766 0.687427
0.122110 0.679878
0.118634 0.685696
0.113268 0.683509
0.114998 0.688757
0.104250 0.701510
0.107191 0.720211
0.115611 0.723926
0.110793 0.746280
0.111466 0.748580
0.125172 0.730845
0.130744 0.734579
0.137178 0.735343
0.142494 0.754166
0.148283 0.762126
0.160021 0.757112
0.170318 0.776015
0.165183 0.774871
0.156423 0.775450
0.155129 0.780322
0.155320 0.792356
0.145903 0.797443
0.146576 0.779867
0.143146 0.776750
0.140668 0.781176
0.140447 0.788836
0.134077 0.794944
0.127379 0.812759
0.126055 0.813808
0.122960 0.812938
0.140499 0.838946
0.134187 0.849039
0.121742 0.845528
0.119246 0.841588
0.105454 0.841381
0.090241 0.833648
0.084827 0.839218
0.081278 0.843340
0.078765 0.842314
0.084485 0.833650
0.091417 0.815397
0.090400 0.807003
0.094692 0.800271
0.096746 0.792329
0.082092 0.804246
0.077274 0.801676
0.077215 0.799045
0.076390 0.789457
0.081197 0.789979
0.081386 0.784311
0.094547 0.775338
0.092318 0.767376
0.082626 0.768337
0.066306 0.752250
0.086870 0.736881
0.078473 0.720191
0.085876 0.715796
0.070209 0.695298
0.049796 0.696568
0.049134 0.698655
0.059362 0.705514
0.059552 0.713237
0.052378 0.717848
0.054313 0.728216
0.053659 0.740667
0.051704 0.756561
0.042590 0.770511
0.052377 0.778464
0.048621 0.784525
0.038402 0.782794
0.040658 0.789716
0.042258 0.796040
0.062239 0.803302
0.068059 0.819448
0.051299 0.830889
0.031041 0.853089
0.035816 0.855048
0.046409 0.887174
0.053560 0.891844
0.054251 0.883855
0.061441 0.875273
0.069847 0.877163
0.069042 0.891765
0.064403 0.891638
0.049861 0.915746
0.037209 0.906172
0.025805 0.904616
0.031097 0.891735
0.020204 0.894229
0.018702 0.901804
0.017239 0.906828
0.009683 0.899606
0.009798 0.896417
0.001713 0.896862
0.001772 0.890781
0.004541 0.878631
0.020033 0.869593
0.001414 0.866156
0.001132 0.851773
0.003696 0.851411
0.012728 0.851485
0.021487 0.841213
0.015008 0.825170
0.012904 0.824228
0.014572 0.820732
0.004868 0.804183
0.008111 0.791997
0.014555 0.792280
0.034046 0.804397
0.032775 0.800214
0.034395 0.796453
0.019147 0.786435
0.020938 0.775480
0.019102 0.774563
0.019874 0.763019
0.024260 0.756960
0.036162 0.749953
0.025299 0.749816
0.011425 0.752730
0.007688 0.745858
0.010898 0.729570
0.010570 0.727608
0.012745 0.710546
0.012573 0.700074
0.014388 0.698621
0.022535 0.697516
0.037636 0.696921
0.046259 0.683044
0.049479 0.667865
0.045614 0.663882
0.043471 0.663637
0.034993 0.660558
0.027090 0.665052
0.026800 0.671494
0.010809 0.684347
0.006001 0.673927
0.002651 0.663864
0.004569 0.663764
0.016761 0.643420
0.022262 0.640709
0.016193 0.631359
0.025004 0.626092
0.017325 0.617228
0.018318 0.609094
0.017224 0.603986
0.036555 0.611393
0.041558 0.607694
0.047622 0.603419
0.048100 0.604779
0.042560 0.628152
0.039423 0.641084
0.053774 0.645175
0.058020 0.641926
0.071917 0.664558
0.101577 0.662658
0.112509 0.663000
0.116741 0.656741
0.119777 0.654709
0.119885 0.653899
0.122672 0.645049
0.116362 0.643032
0.105563 0.640401
0.103433 0.643535
0.097794 0.635724
0.091551 0.642195
0.089416 0.640116
0.086332 0.646772
0.083764 0.638234
0.080600 0.630472
0.078504 0.634407
0.077359 0.643793
0.067144 0.641255
0.064045 0.640923
0.068368 0.623865
0.077843 0.610634
0.068370 0.602866
0.070589 0.597013
0.085059 0.604884
0.085070 0.609728
0.099058 0.610166
0.104511 0.601000
0.111772 0.596315
0.110781 0.603211
0.111843 0.605414
0.102324 0.620982
0.100814 0.631146
0.110135 0.623369
0.117152 0.616207
0.131921 0.619718
0.126792 0.611022
0.126604 0.590882
0.138424 0.584003
0.144040 0.586688
0.137073 0.594147
0.137920 0.606709
0.143498 0.603232
0.147642 0.596219
0.156500 0.597829
0.158185 0.608285
0.169215 0.598682
0.180461 0.612878
0.183451 0.612882
0.203606 0.614888
0.204663 0.611427
0.200938 0.609888
0.202884 0.603301
0.197883 0.607789
0.185989 0.601877
0.175290 0.582641
0.161840 0.561858
0.144277 0.567497
0.158732 0.542505
0.177537 0.545614
0.173620 0.551306
0.183480 0.560713
0.198872 0.554838
0.202536 0.544585
0.208745 0.547827
0.212798 0.533167
0.201689 0.517052
0.191749 0.515770
0.186954 0.522800
0.185005 0.508984
0.172724 0.512653
0.166988 0.506794
0.172509 0.500855
0.174004 0.498880
0.153768 0.496279
0.128872 0.497322
0.131056 0.512788
0.140844 0.523514
0.129179 0.533781
0.119404 0.531401
0.113821 0.534886
0.117729 0.545829
0.122637 0.544849
0.123800 0.544137
0.127863 0.549371
0.122992 0.569037
0.116482 0.570562
0.112967 0.571971
0.100725 0.570686
0.097255 0.573822
0.093147 0.586458
0.092018 0.591974
0.085112 0.590946
0.079108 0.587678
0.080588 0.574293
0.094134 0.551813
0.108575 0.548064
0.080587 0.537819
0.073041 0.533502
0.061061 0.554534
0.051675 0.542861
0.052474 0.540116
0.049096 0.539950
0.047163 0.547340
0.048823 0.555386
0.052024 0.561667
0.052778 0.566167
0.048074 0.567439
0.042863 0.570566
0.025347 0.561108
0.017402 0.567919
0.003682 0.580710
0.000344 0.582035
0.006710 0.571516
0.011534 0.567631
0.012602 0.558537
0.022016 0.534598
0.009763 0.520925
0.009326 0.520991
0.007250 0.504614
0.016192 0.505862
0.017688 0.506611
0.024844 0.506701
0.030577 0.504089
0.030295 0.507797
0.034131 0.519620
0.040542 0.527423
0.058984 0.528664
0.058864 0.515245
0.071040 0.520821
0.080687 0.521329
0.081063 0.521822
0.087194 0.508822
0.098126 0.519293
0.107099 0.514750
0.109131 0.508888
0.087702 0.493332
0.107962 0.496263
0.114394 0.491803
0.111175 0.489193
0.106109 0.475609
0.128859 0.476959
0.132913 0.478114
0.125432 0.462138
0.118595 0.454472
0.131810 0.452383
0.140531 0.471176
0.144081 0.470678
0.151941 0.463605
0.156259 0.456944
0.166864 0.459159
0.174675 0.470114
0.175186 0.476740
0.159017 0.479942
0.170707 0.482226
0.185598 0.496455
0.193784 0.490402
0.196702 0.484924
0.198134 0.483353
0.202688 0.478490
0.197501 0.477940
0.197179 0.469701
0.191409 0.443212
0.176405 0.432186
0.172986 0.433418
0.175712 0.443327
0.173420 0.446620
0.162285 0.449905
0.162299 0.447343
0.139288 0.435938
0.127228 0.430625
0.122909 0.432962
0.113070 0.428578
0.109442 0.440522
0.097666 0.437149
0.100287 0.424104
0.069369 0.411634
0.072910 0.418103
0.072258 0.425277
0.077040 0.431358
0.069794 0.437855
0.068809 0.437807
0.071945 0.442523
0.086970 0.445258
0.096886 0.460141
0.106993 0.467791
0.101695 0.474646
0.092941 0.471500
0.080115 0.468899
0.076482 0.469771
0.076911 0.477310
0.075326 0.479475
0.070767 0.480025
0.072412 0.488223
0.055746 0.487707
0.068321 0.481418
0.067402 0.468203
0.061467 0.461597
0.062147 0.459241
0.051914 0.460921
0.047388 0.452208
0.042816 0.461907
0.040608 0.462619
0.042587 0.465121
0.038750 0.465627
0.027345 0.462889
0.020161 0.473178
0.028186 0.483587
0.030420 0.483609
0.034418 0.493669
0.031331 0.495295
0.029838 0.494173
0.015069 0.482465
0.003985 0.470823
0.000006 0.464449
0.013544 0.457112
0.028965 0.455245
0.037929 0.442727
0.039140 0.445219
0.043520 0.446411
0.048817 0.431592
0.042886 0.431920
0.038412 0.431504
0.029185 0.435262
0.026404 0.423530
0.023846 0.421447
0.016122 0.428482
0.007535 0.436869
0.004494 0.427370
0.007957 0.400556
0.015458 0.406739
0.023715 0.398561
0.033232 0.409220
0.049276 0.415514
0.047836 0.414244
0.038157 0.402675
0.033318 0.384468
0.033503 0.367601
0.031199 0.365428
0.016202 0.368743
0.013037 0.376405
0.007706 0.374884
0.001577 0.362795
0.001894 0.355510
0.014813 0.352911
0.009579 0.343810
0.002551 0.332261
0.006616 0.327570
0.014970 0.334272
0.033672 0.346316
0.039018 0.345059
0.036722 0.337079
0.027838 0.327352
0.039704 0.323530
0.032154 0.306479
0.008862 0.293106
0.013243 0.283444
0.019574 0.280569
0.007221 0.272946
0.006893 0.253817
0.004389 0.243328
0.012311 0.260416
0.033902 0.272473
0.038745 0.270729
0.035459 0.258655
0.035228 0.255270
0.030397 0.238076
0.027342 0.227380
0.025941 0.225879
0.029360 0.223956
0.033649 0.220777
0.037927 0.226821
0.041591 0.241599
0.052335 0.244485
0.064209 0.248386
0.069004 0.260175
0.058032 0.270897
0.052628 0.274552
0.051448 0.288207
0.042862 0.299566
0.053547 0.296683
0.071028 0.306842
0.063717 0.318594
0.048323 0.316954
0.046594 0.315536
0.046737 0.329223
0.051534 0.342643
0.065860 0.337171
0.087698 0.331645
0.071282 0.343961
0.075648 0.349129
0.053459 0.360966
0.045827 0.379639
0.046873 0.382112
0.054911 0.381507
0.054138 0.388327
0.053633 0.393322
0.055395 0.391798
0.060673 0.389086
0.063090 0.386266
0.067965 0.372442
0.069909 0.374140
0.074653 0.370605
0.083922 0.384632
0.079573 0.385986
0.080508 0.392883
0.083390 0.401560
0.079813 0.405002
0.087490 0.407228
0.095299 0.414637
0.108439 0.408211
0.125929 0.408731
0.129198 0.410495
0.139590 0.416819
0.149203 0.432568
0.165667 0.417221
0.163161 0.408727
0.167664 0.395650
0.166708 0.391543
0.164341 0.388980
0.156586 0.385706
0.159576 0.380312
0.159128 0.377467
0.176197 0.363050
0.163434 0.343099
0.153241 0.336084
0.148494 0.328980
0.145866 0.334912
0.152729 0.355749
0.154929 0.366076
0.152087 0.367087
0.130066 0.381628
0.133196 0.392332
0.130822 0.391356
0.117203 0.392300
0.106239 0.398373
0.105409 0.397520
0.096380 0.386590
0.103927 0.387944
0.107608 0.386972
0.110850 0.380249
0.106512 0.367383
0.097845 0.362933
0.096454 0.361374
0.100524 0.353747
0.100472 0.343768
0.108789 0.346615
0.110613 0.348354
0.109487 0.352315
0.116087 0.346879
0.115366 0.350945
0.117626 0.363367
0.130463 0.357041
0.131315 0.354138
0.134193 0.352625
0.119368 0.348211
0.124441 0.334470
0.127163 0.330250
0.132637 0.318079
0.123769 0.305095
0.121478 0.310466
0.118285 0.318844
0.123765 0.323131
0.122104 0.332156
0.112089 0.333109
0.107613 0.321587
0.103168 0.328836
0.092986 0.323689
0.086654 0.300627
0.083611 0.301541
0.080981 0.296574
0.074756 0.288152
0.080878 0.292283
0.107393 0.295731
0.122391 0.287295
0.126228 0.272815
0.131137 0.255247
0.137668 0.251994
0.137764 0.249371
0.120912 0.249182
0.137638 0.230315
0.146792 0.224439
0.124404 0.214162
0.133492 0.212550
0.137108 0.205689
0.139834 0.189639
0.156849 0.202896
0.157759 0.217311
0.171263 0.208820
0.173424 0.202068
0.163142 0.185662
0.193473 0.179765
0.195223 0.178467
0.186914 0.171579
0.167933 0.169424
0.167860 0.160776
0.165515 0.157736
0.162619 0.155386
0.153812 0.167335
0.157342 0.172163
0.135434 0.184307
0.129237 0.170930
0.121116 0.147073
0.138033 0.153966
0.150111 0.146391
0.137363 0.146349
0.136996 0.145474
0.135180 0.141860
0.131853 0.131997
0.136738 0.126674
0.147112 0.118296
0.146267 0.125240
0.150007 0.128726
0.148160 0.132447
0.165981 0.149218
0.166544 0.147245
0.182878 0.143442
0.186332 0.139675
0.195201 0.138824
0.209160 0.149929
0.210509 0.154569
0.212723 0.168440
0.215787 0.165320
0.217350 0.163223
0.224276 0.162338
0.222104 0.173740
0.234271 0.184241
0.232585 0.186014
0.212889 0.180106
0.202907 0.191785
0.222511 0.188204
0.229613 0.202265
0.227632 0.214129
0.219166 0.201994
0.213064 0.206007
0.202505 0.209144
0.206025 0.224287
0.195854 0.229824
0.192692 0.226986
0.185914 0.238525
0.181935 0.223967
0.179116 0.223177
0.155006 0.237011
0.161071 0.247561
0.150565 0.252910
0.156808 0.255012
0.157510 0.256079
0.171356 0.271618
0.149856 0.287030
0.148177 0.285437
0.142818 0.295606
0.164134 0.306123
0.161423 0.321673
0.166573 0.324939
0.173054 0.332124
0.178554 0.332547
0.176387 0.320585
0.174701 0.316352
0.174955 0.309957
0.191829 0.315136
0.197069 0.303365
0.210712 0.305192
0.220461 0.325724
0.204732 0.334388
0.200596 0.325965
0.198566 0.332219
0.195565 0.333121
0.194655 0.346794
0.198600 0.348376
0.205682 0.341851
0.212295 0.355689
0.219650 0.340908
0.216029 0.339092
0.217855 0.336260
0.233596 0.317005
0.233257 0.307399
0.235966 0.286827
0.232331 0.280281
0.225725 0.283668
0.194645 0.301877
0.180836 0.290749
0.178963 0.286420
0.180527 0.275625
0.177693 0.270769
0.181520 0.269832
0.184841 0.266605
0.194957 0.273488
0.195155 0.255719
0.204916 0.255262
0.231702 0.250631
0.233669 0.229507
0.254837 0.228850
0.255491 0.215660
0.271104 0.206783
0.285453 0.212097
0.297294 0.212495
0.306476 0.210492
0.307010 0.208088
0.295660 0.209407
0.286081 0.197012
0.299089 0.199996
0.301759 0.203485
0.312233 0.199108
0.319662 0.196006
0.310852 0.186255
0.310941 0.178746
0.307005 0.173778
0.306187 0.172810
0.315680 0.174160
0.316257 0.164440
0.316268 0.153116
0.318331 0.153566
0.322537 0.158978
0.332983 0.155613
0.334055 0.157568
0.347366 0.156322
0.348810 0.166174
0.335182 0.166918
0.339737 0.173261
0.345786 0.187973
0.353685 0.185675
0.353888 0.185249
0.354970 0.157857
0.353583 0.152548
0.365068 0.151146
0.365480 0.147134
0.377096 0.137167
0.390256 0.131613
0.397330 0.128928
0.404067 0.136547
0.410486 0.138907
0.410779 0.155033
0.397394 0.148870
0.395700 0.154924
0.395173 0.160812
0.387096 0.154959
0.382687 0.160837
0.384019 0.167702
0.375630 0.160605
0.374015 0.167410
0.380371 0.182778
0.377983 0.187071
0.374910 0.191144
0.384557 0.187475
0.393947 0.199207
0.410061 0.180617
0.406672 0.175286
0.417789 0.176466
0.420657 0.164636
0.420621 0.161702
0.441385 0.168301
0.435874 0.152577
0.417830 0.144278
0.419886 0.127917
0.433818 0.137396
0.441892 0.128484
0.464884 0.132153
0.465298 0.127333
0.468537 0.123207
0.456571 0.117406
0.468892 0.112492
0.465854 0.098758
0.484558 0.089261
0.477480 0.078118
0.472590 0.063067
0.473279 0.035150
0.456916 0.056158
0.457725 0.062573
0.451649 0.078834
0.461740 0.082285
0.456666 0.089603
0.451283 0.096017
0.434978 0.092216
0.432393 0.091443
0.438695 0.103437
0.435668 0.108106
0.438200 0.121782
0.410657 0.115992
0.406839 0.105650
0.413445 0.094252
0.409177 0.090157
0.402936 0.095014
0.392645 0.096483
0.389146 0.098244
0.392086 0.103362
0.388285 0.100290
0.379757 0.101474
0.389287 0.086706
0.392421 0.085334
0.397958 0.071926
0.410749 0.063851
0.414227 0.064260
0.415983 0.067838
0.424546 0.070730
0.426087 0.069865
0.435945 0.076535
0.439583 0.061368
0.432315 0.056602
0.431775 0.052905
0.437874 0.051802
0.446217 0.051879
0.432087 0.039921
0.416487 0.037309
0.418859 0.042807
0.419053 0.044127
0.415808 0.051234
0.413072 0.054800
0.410742 0.048548
0.405167 0.044163
0.406821 0.052185
0.402617 0.057483
0.398979 0.059612
0.394928 0.064039
0.394445 0.058726
0.396450 0.047565
0.399086 0.038450
0.391707 0.041167
0.387727 0.034567
0.380849 0.043829
0.386749 0.053864
0.379382 0.060894
0.374247 0.071903
0.365346 0.073221
0.363290 0.070456
0.362744 0.055392
0.364279 0.038321
0.373370 0.030898
0.378509 0.030072
0.374997 0.025141
0.354315 0.031824
0.354060 0.041564
0.346412 0.040136
0.351035 0.034531
0.340570 0.020792
0.337268 0.034180
0.330751 0.038032
0.322686 0.048126
0.324074 0.052079
0.333257 0.070445
0.336096 0.071254
0.338664 0.078389
0.342269 0.063070
0.345551 0.064162
0.352469 0.075094
0.352030 0.092873
0.360055 0.096314
0.365507 0.093306
0.366711 0.088876
0.376059 0.093773
0.365016 0.100721
0.375864 0.109429
0.373043 0.112284
0.372091 0.116106
0.363532 0.120139
0.362742 0.130708
0.348066 0.118210
0.343859 0.124749
0.325181 0.133029
0.320915 0.122707
0.310583 0.119373
0.306345 0.117689
0.309380 0.122589
0.310949 0.126026
0.306899 0.126998
0.309464 0.134822
0.298685 0.127890
0.293247 0.138452
0.292303 0.143108
0.301926 0.146689
0.296392 0.150080
0.298730 0.152459
0.307823 0.154584
0.305267 0.160753
0.303535 0.159738
0.287608 0.168450
0.281612 0.164939
0.273314 0.174607
0.268113 0.183456
0.263401 0.181633
0.261660 0.189131
0.252534 0.184746
0.248232 0.188225
0.242802 0.172449
0.255346 0.166515
0.258693 0.165786
0.265815 0.155706
0.242818 0.151139
0.238073 0.144334
0.240714 0.139698
0.230599 0.136475
0.228187 0.137984
0.219159 0.134269
0.210821 0.133744
0.219299 0.122408
0.228745 0.119704
0.221017 0.113572
0.216872 0.112094
0.230192 0.104945
0.237302 0.104346
0.241310 0.105625
0.241758 0.121444
0.248349 0.127925
0.262297 0.132971
0.264511 0.123820
0.267731 0.110774
0.277859 0.126857
0.283526 0.120339
0.282222 0.108068
0.285097 0.109298
0.294226 0.107983
0.297703 0.107010
0.299410 0.102737
0.310962 0.104866
0.316026 0.110987
0.312231 0.094065
0.308203 0.095409
0.307948 0.093687
0.301090 0.092509
0.306336 0.075459
0.292721 0.072181
0.291516 0.076606
0.285550 0.073707
0.284429 0.065426
0.291031 0.062756
0.278453 0.054614
0.277207 0.064706
0.274852 0.070832
0.260562 0.076171
0.263800 0.064041
0.250703 0.054745
0.245463 0.068364
0.244547 0.072546
0.248856 0.086427
0.262093 0.100677
0.241839 0.089751
0.240778 0.083292
0.231513 0.088044
0.229019 0.089022
0.218417 0.098768
0.207212 0.100951
0.200149 0.107534
0.186121 0.102945
0.176345 0.101197
0.176278 0.084519
0.170501 0.080591
0.170486 0.076093
0.163069 0.068307
0.176295 0.058124
0.184123 0.058873
0.167574 0.045825
0.151218 0.051951
0.152659 0.093858
0.159177 0.115256
0.149317 0.111590
0.130902 0.104666
0.133412 0.114331
0.132661 0.123860
0.122635 0.128050
0.116143 0.125878
0.108228 0.113921
0.110934 0.091125
0.107486 0.088437
0.107000 0.084175
0.123493 0.076795
0.136091 0.069726
0.125832 0.064103
0.114657 0.050195
0.108908 0.067137
0.104158 0.065323
0.100930 0.071061
0.091902 0.083145
0.076526 0.071750
0.075408 0.071503
0.063978 0.075883
0.067327 0.063685
0.064557 0.057007
0.069037 0.052999
0.071425 0.050637
0.064964 0.045275
0.059436 0.046860
0.051626 0.044537
0.058402 0.056512
0.058559 0.060074
0.051990 0.062089
0.048694 0.068896
0.042126 0.056007
0.037547 0.069202
0.027994 0.080523
0.063394 0.096579
0.074578 0.089137
0.086754 0.096740
0.091492 0.099090
0.104009 0.107104
0.102086 0.120014
0.106957 0.132177
0.103247 0.145253
0.086357 0.165575
0.085862 0.165556
0.069384 0.174760
0.066919 0.174535
0.066861 0.172150
0.060458 0.175260
0.061156 0.163194
0.066079 0.153181
0.057775 0.144261
0.058419 0.158443
0.057503 0.160017
0.052002 0.159641
0.048073 0.157101
0.042868 0.164702
0.049577 0.170747
0.042560 0.176988
0.045678 0.181868
0.056293 0.184354
0.069081 0.191206
0.068099 0.198606
0.078380 0.200628
0.083669 0.201831
0.093016 0.189185
0.091740 0.183405
0.093119 0.182959
0.109261 0.177105
0.112159 0.186071
0.100835 0.194985
0.109112 0.196906
0.115685 0.209395
0.103560 0.210355
0.096064 0.209093
0.090079 0.240432
0.097076 0.244089
0.098251 0.257174
0.101163 0.262028
0.100025 0.269856
0.076217 0.249977
0.075565 0.242096
0.071834 0.232561
0.069452 0.234119
0.065145 0.231959
0.057420 0.227551
0.051411 0.224903
0.063697 0.221237
0.060105 0.216721
0.046947 0.214552
0.047604 0.214184
0.048400 0.211514
0.059195 0.205845
0.057713 0.204148
0.057284 0.193806
0.057874 0.192244
0.039864 0.188562
0.027114 0.174663
0.023234 0.183558
0.018611 0.189652
0.019957 0.189812
0.027652 0.192504
0.038679 0.198023
0.022277 0.201725
0.019939 0.214038
0.015973 0.214281
0.003788 0.218923
0.007608 0.209883
0.010741 0.207450
0.000261 0.165816
0.007035 0.154677
0.009056 0.151691
0.007876 0.149200
0.004875 0.139330
0.005595 0.135444
0.027771 0.140036
0.027449 0.148191
0.034866 0.154412
0.040338 0.155433
0.043093 0.144517
0.042523 0.141055
0.062430 0.139483
0.068395 0.139087
0.066642 0.123680
0.058090 0.110112
0.048185 0.132006
0.041000 0.134666
0.040888 0.129528
0.033084 0.110855
0.035592 0.101743
0.023754 0.099000
0.009878 0.094168
0.024271 0.080227
0.015634 0.080973
0.009425 0.072011
0.003698 0.072684
0.003332 0.068193
0.005840 0.065512
0.015650 0.058122
0.009033 0.053137
0.001455 0.027836
0.002838 0.006603
0.007016 0.002128
0.034248 0.029569
0.042513 0.006914
0.058199 0.005419
0.067872 0.001065
0.062171 0.012698
0.053379 0.024144
0.070606 0.029084
0.069016 0.023976
0.070932 0.017039
0.080016 0.020003
0.077638 0.028356
0.081907 0.036134
0.079326 0.051225
0.099968 0.039889
0.101053 0.026047
0.096815 0.018678
0.090102 0.014529
0.089616 0.008791
0.092466 0.009111
0.098163 0.005811
0.105392 0.010276
0.116613 0.000460
0.125392 0.020817
0.144137 0.020667
0.146040 0.020287
0.145436 0.018669
0.139358 0.001579
0.162679 0.000019
0.175800 0.010646
0.187650 0.015232
0.182694 0.015924
0.165456 0.022776
0.181404 0.038836
0.184215 0.029204
0.204741 0.028234
0.212710 0.019971
0.211682 0.031997
0.208985 0.034091
0.205132 0.047383
0.211244 0.054734
0.197472 0.062517
0.194257 0.072021
0.196531 0.079827
0.199495 0.079207
0.212063 0.086554
0.216420 0.084735
0.217875 0.081856
0.211110 0.081920
0.205698 0.071115
0.209389 0.073504
0.210691 0.073779
0.211836 0.073957
0.216266 0.073871
0.220068 0.069119
0.221368 0.062846
0.225113 0.051984
0.226824 0.052700
0.231726 0.039990
0.231802 0.037778
0.237585 0.036138
0.237864 0.027610
0.238816 0.024194
0.231551 0.021505
0.228698 0.017974
0.242154 0.008620
0.241239 0.010869
0.240931 0.013290
0.245501 0.018188
0.254742 0.015612
0.257008 0.011986
0.264542 0.012897
0.264206 0.011503
0.271193 0.001307
0.273241 0.002852
0.283280 0.019149
0.279554 0.022229
0.257605 0.035747
0.260594 0.045326
0.267242 0.048488
0.268695 0.051098
0.283450 0.038670
0.286217 0.034961
0.305895 0.045967
0.296423 0.025613
0.313253 0.005436
0.334193 0.008044
0.339274 0.001810
0.339799 0.004060
0.343594 0.019502
0.356013 0.005070
0.363253 0.021086
0.363187 0.012201
0.364910 0.008576
0.368099 0.010366
0.379755 0.000272
0.396898 0.012617
0.419316 0.015124
0.442839 0.014110
0.446839 0.022066
0.451755 0.018878
0.454687 0.015689
0.460641 0.018738
0.456667 0.011200
0.450938 0.009400
0.447630 0.002328
0.462625 0.003594
0.468465 0.013967
0.504830 0.002896
0.516484 0.007814
0.502305 0.019188
0.516890 0.025133
0.536532 0.004275
0.538509 0.008215
0.559692 0.002024
0.588916 0.008654
0.588364 0.013110
0.598873 0.018547
0.596191 0.023157
0.590563 0.028481
0.592415 0.033073
0.596041 0.032016
0.604913 0.047283
0.607841 0.047511
0.612520 0.042145
0.611868 0.037891
0.623874 0.031838
0.622216 0.047796
0.633646 0.052878
0.636225 0.050096
0.639338 0.053822
0.642798 0.060262
0.647063 0.053065
0.650530 0.041975
0.639623 0.035200
0.628148 0.014508
0.629019 0.011805
0.618261 0.004835
0.627356 0.004545
0.633028 0.008860
0.659189 0.006561
0.661553 0.003716
0.672776 0.010440
0.670853 0.011010
0.665249 0.015544
0.671208 0.044694
0.667305 0.056459
0.662965 0.059414
0.656551 0.074477
0.651000 0.085838
0.663340 0.086055
0.666762 0.072448
0.670702 0.073326
0.671039 0.072518
0.677547 0.073741
0.687682 0.074111
0.701019 0.078374
0.704486 0.070423
0.708078 0.072266
0.715835 0.080030
0.719353 0.072126
0.735000 0.079910
0.731689 0.076884
0.729093 0.071236
0.727603 0.063562
0.732915 0.061436
0.738629 0.060110
0.734530 0.048730
0.731404 0.015106
0.721022 0.022079
0.714365 0.025137
0.709982 0.032116
0.717196 0.042293
0.720462 0.045301
0.711491 0.058355
0.702604 0.064943
0.692832 0.056158
0.699859 0.040906
0.691241 0.032675
0.697639 0.015951
0.694253 0.014338
0.684824 0.016133
0.689427 0.010109
0.691075 0.008634
0.690407 0.007209
0.690251 0.000156
0.693084 0.004326
0.697365 0.003181
0.699941 0.002663
0.702423 0.007237
0.702501 0.007501
0.709424 0.002692
0.726680 0.004969
0.753799 0.000708
0.774346 0.005812
0.781668 0.007800
0.787296 0.004257
0.796850 0.016464
0.786085 0.031008
0.785464 0.031797
0.760862 0.052303
0.765418 0.053099
0.787758 0.051750
0.784292 0.066484
0.773196 0.072438
0.762218 0.065957
0.761757 0.069554
0.763434 0.079782
0.756896 0.082090
0.753493 0.092661
0.771759 0.089600
0.777448 0.081968
0.777534 0.092451
0.777705 0.103977
0.783363 0.091534
0.800759 0.075815
0.816141 0.093470
0.814903 0.094538
0.817508 0.109223
0.832861 0.103732
0.841983 0.094132
0.851848 0.111572
0.852749 0.111686
0.861459 0.086670
0.874176 0.089329
0.897195 0.086654
0.907984 0.094537
0.900516 0.077646
0.882926 0.070208
0.870736 0.081013
0.866702 0.069478
0.856145 0.063124
0.854374 0.053870
0.847386 0.057458
0.849797 0.068508
0.847215 0.070756
0.847111 0.072783
0.822703 0.064015
0.805212 0.066173
0.799957 0.038656
0.791960 0.033214
0.797601 0.028649
0.798442 0.026166
0.813443 0.030432
0.815061 0.037109
0.814974 0.037726
0.823853 0.034819
0.841488 0.038849
0.864451 0.049402
0.867950 0.041992
0.863345 0.038847
0.862682 0.023633
0.860393 0.021319
0.853121 0.018142
0.839975 0.008731
0.826291 0.013366
0.827510 0.010227
0.834631 0.002539
0.841822 0.005673
0.866734 0.003778
0.867648 0.001029
0.875112 0.006086
0.879493 0.002659
0.895904 0.000302
0.894379 0.020462
0.874563 0.018433
0.873345 0.020965
0.881719 0.036516
0.876504 0.048573
0.884994 0.058918
0.892004 0.059181
0.903097 0.055051
0.908525 0.056398
0.909760 0.064049
0.905055 0.077881
0.909502 0.073148
0.921677 0.070202
0.921710 0.068486
0.922439 0.064440
0.923030 0.061545
0.922607 0.059601
0.924844 0.051468
0.942994 0.050862
0.928669 0.047205
0.919291 0.038422
0.919223 0.035671
0.910745 0.044803
0.893191 0.050939
0.888067 0.047559
0.889820 0.038169
0.898182 0.023782
0.906669 0.025554
0.913792 0.028833
0.907525 0.018895
0.905676 0.015532
0.924563 0.008234
0.933656 0.020821
0.953360 0.030537
0.968329 0.014351
0.980039 0.019882
0.999742 0.014247
0.975578 0.031062
0.983875 0.038415
0.994266 0.035606
0.992367 0.045312
0.991145 0.046503
0.986718 0.051622
0.974075 0.043069
0.971700 0.059017
0.960884 0.061366
0.969725 0.068669
0.987469 0.060997
0.995689 0.080344
0.992330 0.087359
0.991760 0.091689
0.992130 0.093369
0.995525 0.101012
0.980155 0.087864
0.974975 0.094149
0.970192 0.087455
0.951052 0.079416
0.939183 0.076867
0.933067 0.067941
0.930102 0.070246
0.929971 0.079079
0.936789 0.086855
0.948041 0.101428
0.950247 0.100396
0.958661 0.098508
0.963288 0.104301
0.954272 0.137252
0.975907 0.131270
0.985837 0.133723
0.987011 0.119367
0.986259 0.107352
0.987337 0.106996
0.990853 0.110715
0.989434 0.117539
0.994834 0.133195
0.993683 0.144798
0.992531 0.162885
0.985576 0.179830
0.976956 0.168522
0.976363 0.156331
0.968512 0.146794
0.967322 0.172930
0.967721 0.177014
0.957226 0.181411
0.945085 0.192008
0.941512 0.193824
0.942315 0.199686
0.935824 0.192980
0.931701 0.202020
0.928276 0.201723
0.927091 0.200774
0.918015 0.202554
0.906232 0.190149
0.898048 0.195162
0.877399 0.180445
0.887343 0.167885
0.893344 0.174950
0.909705 0.178763
0.918157 0.172253
0.902658 0.162140
0.912522 0.152578
0.914248 0.152484
0.926566 0.146384
0.927934 0.150603
0.932502 0.154075
0.935461 0.148711
0.940308 0.152772
0.940071 0.172760
0.948373 0.177088
0.946117 0.166594
0.948474 0.163673
0.948145 0.158012
0.952093 0.149357
0.932874 0.135314
0.944724 0.131217
0.941775 0.122623
0.947866 0.117383
0.934056 0.108003
0.913433 0.114137
0.897310 0.108052
0.886595 0.109093
0.884457 0.097418
0.880003 0.097662
0.875145 0.111709
0.877572 0.115709
0.882321 0.126951
0.888193 0.118702
0.900983 0.130403
0.898846 0.152445
0.895712 0.152154
0.892317 0.156168
0.884341 0.150620
0.870567 0.145502
0.860985 0.157252
0.862886 0.171251
0.857793 0.168245
0.841009 0.174499
0.843469 0.149843
0.842588 0.129375
0.836999 0.114579
0.833922 0.121130
0.834584 0.146262
0.834720 0.149181
0.829907 0.170454
0.817517 0.177256
0.814197 0.183224
0.827775 0.192130
0.818140 0.192336
0.815382 0.194464
0.804161 0.190382
0.803167 0.189316
0.805064 0.171306
0.799835 0.185100
0.798017 0.184319
0.789014 0.191587
0.789611 0.197713
0.783404 0.191404
0.779581 0.182769
0.776976 0.173138
0.775180 0.185053
0.760679 0.186835
0.751998 0.197753
0.739173 0.194651
0.754335 0.178689
0.754078 0.175529
0.765522 0.170056
0.774273 0.164763
0.771388 0.158642
0.770333 0.152447
0.785502 0.161930
0.786527 0.157713
0.792621 0.154628
0.799180 0.142772
0.808461 0.131272
0.806578 0.124328
0.776970 0.123596
0.769737 0.128929
0.757601 0.122713
0.744956 0.093669
0.743122 0.099295
0.741479 0.106130
0.732978 0.108161
0.723888 0.102566
0.728382 0.098293
0.727823 0.094025
0.716931 0.088034
0.713359 0.094635
0.695691 0.104249
0.695679 0.116722
0.694586 0.119145
0.692508 0.118073
0.688410 0.119868
0.678574 0.120894
0.671516 0.125053
0.678604 0.125133
0.699458 0.139712
0.701356 0.135837
0.707975 0.133775
0.708432 0.127940
0.730291 0.121186
0.741016 0.118908
0.738458 0.128622
0.755741 0.133696
0.764416 0.137295
0.753953 0.149118
0.750277 0.145132
0.743949 0.144391
0.749662 0.152820
0.742820 0.159955
0.749699 0.161006
0.754479 0.160872
0.748937 0.174991
0.747026 0.175945
0.737371 0.167992
0.725352 0.171672
0.719913 0.180446
0.721112 0.184033
0.735720 0.184529
0.737945 0.188878
0.730270 0.196206
0.723984 0.188293
0.716416 0.198515
0.711725 0.206093
0.706973 0.216685
0.692013 0.217951
0.709356 0.238212
0.711302 0.247219
0.735511 0.232482
0.744678 0.216369
0.744879 0.223069
0.758295 0.238751
0.766953 0.239759
0.773919 0.235160
0.781466 0.222940
0.776707 0.210104
0.789899 0.220657
0.794284 0.224982
0.786867 0.234184
0.779044 0.246117
0.779132 0.249574
0.783755 0.246938
0.793203 0.259217
0.781454 0.264119
0.773248 0.255876
0.765867 0.253583
0.749006 0.247878
0.746454 0.251586
0.743071 0.250247
0.743869 0.259133
0.739831 0.264132
0.750706 0.267033
0.758849 0.270600
0.754539 0.287703
0.760110 0.287289
0.781158 0.283114
0.781035 0.288126
0.782508 0.304575
0.768024 0.312658
0.756396 0.321835
0.784247 0.312756
0.786570 0.311006
0.787390 0.306295
0.797891 0.311952
0.801488 0.299853
0.796052 0.290779
0.793628 0.284189
0.792985 0.282805
0.794390 0.276274
0.802825 0.278746
0.802110 0.273874
0.816041 0.258415
0.827693 0.281785
0.840090 0.266315
0.840098 0.247505
0.826291 0.227305
0.820528 0.232190
0.821061 0.233184
0.816474 0.243110
0.807260 0.241863
0.805199 0.223997
0.800754 0.207610
0.819824 0.207144
0.839593 0.205959
0.851431 0.207002
0.846667 0.212961
0.843271 0.213823
0.839840 0.222650
0.840770 0.229395
0.851996 0.225335
0.863925 0.235092
0.875078 0.214092
0.867152 0.204643
0.863295 0.196260
0.864639 0.193639
0.858579 0.184521
0.867056 0.191004
0.865498 0.193280
0.871893 0.195409
0.886951 0.204754
0.898086 0.215255
0.915611 0.214004
0.916364 0.227296
0.922708 0.228810
0.927580 0.221617
0.947510 0.205778
0.953785 0.209667
0.960226 0.212715
0.964788 0.220998
0.968327 0.202805
0.968885 0.199130
0.994482 0.191190
0.994218 0.221389
0.979931 0.233433
0.968887 0.229800
0.968114 0.236986
0.965745 0.236720
0.959223 0.237352
0.956179 0.242950
0.950476 0.242791
0.946882 0.250419
0.937618 0.246937
0.931610 0.251639
0.933968 0.263449
0.941858 0.269424
0.954102 0.269087
0.958999 0.282832
0.963397 0.268683
0.961083 0.265950
0.959878 0.264066
0.959268 0.263490
0.964838 0.254528
0.977009 0.248711
0.978895 0.247352
0.990181 0.253573
0.993137 0.269189
0.985384 0.268632
0.978877 0.281922
0.950503 0.304531
0.958403 0.304218
0.979372 0.302332
0.979739 0.298250
0.989341 0.291827
0.990739 0.292207
0.997578 0.312427
0.990030 0.320437
0.978835 0.314523
0.978559 0.322580
0.978887 0.323190
0.984264 0.331566
0.994410 0.328765
0.999018 0.339681
0.988646 0.339912
0.986694 0.351764
0.973396 0.338048
0.977186 0.333972
0.979191 0.328046
0.967634 0.324044
0.958063 0.321502
0.967979 0.340570
0.962212 0.336974
0.959613 0.337862
0.954310 0.337910
0.950871 0.345330
0.940413 0.341963
0.927075 0.344246
0.923092 0.339573
0.917297 0.328793
0.910233 0.333586
0.896927 0.321531
0.900079 0.313461
0.912105 0.308262
0.924807 0.310176
0.923316 0.301908
0.910828 0.277497
0.913809 0.273841
0.917957 0.271009
0.917798 0.257682
0.918915 0.241753
0.909607 0.246443
0.899899 0.241970
0.892125 0.247449
0.892021 0.240437
0.891948 0.231574
0.883711 0.238199
0.881077 0.250637
0.887324 0.266796
0.894450 0.267478
0.895300 0.276019
0.871674 0.290884
0.870591 0.295219
0.866379 0.285255
0.862586 0.265257
0.857291 0.278085
0.858566 0.288752
0.838434 0.293479
0.835953 0.298519
0.827366 0.316727
0.814294 0.309851
0.808952 0.320869
0.800233 0.328691
0.790306 0.324458
0.790255 0.331668
0.791451 0.332210
0.797660 0.341053
0.799485 0.344748
0.802162 0.346907
0.798565 0.348411
0.800247 0.350711
0.801985 0.349284
0.819689 0.341918
0.820112 0.345010
0.825234 0.343769
0.831985 0.341766
0.836290 0.344215
0.820983 0.355337
0.819397 0.373069
0.810263 0.377309
0.804994 0.388775
0.839353 0.376678
0.853788 0.364858
0.856381 0.364638
0.853375 0.374092
0.870075 0.389076
0.875080 0.384037
0.879992 0.388415
0.882285 0.381218
0.881079 0.371785
0.869044 0.359214
0.860280 0.350431
0.856438 0.349834
0.849258 0.344079
0.850076 0.342926
0.850673 0.342769
0.858659 0.340623
0.853182 0.338590
0.841818 0.328322
0.854520 0.325975
0.861471 0.321662
0.861006 0.315430
0.868093 0.318461
0.882900 0.313958
0.887882 0.342226
0.893569 0.343745
0.889446 0.349317
0.883048 0.347951
0.880831 0.345477
0.881883 0.359180
0.895483 0.365246
0.898200 0.361928
0.901168 0.369810
0.906923 0.366276
0.917468 0.371744
0.928195 0.375967
0.932630 0.376625
0.931532 0.385208
0.954421 0.379850
0.957592 0.372343
0.967387 0.357055
0.972518 0.367936
0.979868 0.363486
0.985568 0.360389
0.986550 0.358603
0.997978 0.361018
0.986352 0.375674
0.984136 0.384484
0.976943 0.394768
0.966994 0.401698
0.963453 0.405500
0.965933 0.420462
0.961407 0.418912
0.956637 0.422239
0.956125 0.400133
0.936897 0.398981
0.943489 0.414213
0.943494 0.423709
0.930480 0.422215
0.924948 0.419177
0.924037 0.429533
0.911470 0.422920
0.910897 0.419926
0.908622 0.399160
0.929518 0.395892
0.912310 0.384944
0.910397 0.382633
0.886839 0.393641
0.895015 0.411852
0.889534 0.416029
0.896922 0.420690
0.911984 0.430867
0.896588 0.443288
0.906663 0.444599
0.912888 0.450668
0.931318 0.455801
0.950903 0.439195
0.956162 0.448222
0.956573 0.450362
0.973311 0.437630
0.984010 0.435507
0.978038 0.461764
0.967474 0.470735
0.951506 0.465359
0.939824 0.464798
0.947762 0.485570
0.967652 0.493347
0.969697 0.481040
0.980529 0.476310
0.996848 0.474269
0.990166 0.488359
0.985556 0.489514
0.991802 0.493388
0.999286 0.507014
0.992325 0.512806
0.996544 0.520843
0.983295 0.525464
0.967132 0.517507
0.970242 0.523243
0.977569 0.528440
0.990858 0.540426
0.988587 0.547962
0.985758 0.562442
0.972349 0.561893
0.965666 0.574768
0.982242 0.576210
0.981096 0.580957
0.980862 0.592805
0.982043 0.593267
0.987604 0.608522
0.974059 0.625175
0.964541 0.619422
0.945057 0.622440
0.940909 0.614794
0.943671 0.602292
0.951981 0.600571
0.967747 0.608938
0.970099 0.586747
0.967866 0.580840
0.959849 0.584910
0.949822 0.582141
0.940055 0.571592
0.938805 0.579118
0.935590 0.586717
0.928608 0.589591
0.926040 0.593749
0.912078 0.598631
0.905994 0.603301
0.913229 0.590773
0.910749 0.582686
0.898712 0.580389
0.896455 0.584780
0.897697 0.585651
0.898671 0.593283
0.896479 0.611037
0.896422 0.616729
0.899319 0.626174
0.911435 0.630160
0.908211 0.633965
0.912629 0.643605
0.918726 0.646522
0.922240 0.651251
0.919213 0.654360
0.931998 0.661523
0.939918 0.658236
0.938450 0.664136
0.944326 0.672506
0.946416 0.664793
0.953148 0.662834
0.955821 0.658210
0.951615 0.653998
0.946001 0.641439
0.954004 0.644601
0.961508 0.641459
0.962901 0.645634
0.971699 0.639387
0.974324 0.650062
0.984419 0.644483
0.995190 0.640063
0.999940 0.633077
0.997943 0.656415
0.990012 0.661168
0.969989 0.683679
0.960510 0.687806
0.963210 0.690198
0.970734 0.690582
0.973565 0.687845
0.972951 0.697029
0.969226 0.700614
0.987184 0.715659
0.989228 0.722757
0.986889 0.724170
0.981755 0.731374
0.989019 0.739799
0.976929 0.740927
0.971371 0.746035
0.963462 0.729590
0.948984 0.725820
0.944637 0.722136
0.938246 0.719695
0.928026 0.738576
0.927302 0.738150
0.920434 0.724254
0.918015 0.720850
0.908612 0.733432
0.908363 0.734105
0.910170 0.735133
0.885227 0.755315
0.881796 0.745536
0.879094 0.744681
0.871680 0.734923
0.872602 0.731406
0.874118 0.722367
0.878926 0.719767
0.880826 0.726086
0.905662 0.717723
0.920185 0.699079
0.942618 0.695149
0.942724 0.692093
0.947814 0.689674
0.946105 0.687118
0.929031 0.675537
0.917107 0.665615
0.911004 0.672970
0.904129 0.678680
0.903393 0.686181
0.891966 0.682677
0.894642 0.678181
0.895019 0.675310
0.899484 0.666913
0.900556 0.654994
0.896084 0.659868
0.889411 0.658246
0.871334 0.660269
0.854588 0.658109
0.864720 0.648310
0.867758 0.644508
0.875298 0.644027
0.871981 0.640035
0.885402 0.611227
0.877829 0.585549
0.878064 0.582699
0.866365 0.587488
0.870051 0.567433
0.865135 0.566270
0.853893 0.570991
0.858501 0.556570
0.862541 0.548056
0.880986 0.543809
0.868915 0.535508
0.874209 0.528770
0.873775 0.527824
0.866517 0.529551
0.857784 0.533256
0.849823 0.541489
0.847921 0.518888
0.853623 0.521720
0.861054 0.511879
0.854417 0.498182
0.861893 0.490548
0.862904 0.482385
0.869211 0.481915
0.872269 0.489192
0.874447 0.504884
0.879211 0.517619
0.886926 0.518961
0.899919 0.504588
0.901341 0.508834
0.913817 0.511867
0.907333 0.529452
0.907402 0.539270
0.912903 0.550464
0.906111 0.550948
0.897134 0.545294
0.891265 0.560737
0.897915 0.568340
0.899149 0.571377
0.903578 0.566516
0.930507 0.558626
0.928095 0.555890
0.925951 0.551987
0.942196 0.539451
0.952011 0.541423
0.950268 0.550465
0.948645 0.561661
0.959937 0.557141
0.965346 0.545736
0.951830 0.538475
0.951888 0.525844
0.953931 0.521518
0.958610 0.509373
0.955452 0.507681
0.950207 0.507627
0.947980 0.514684
0.949271 0.521248
0.949593 0.523794
0.939892 0.520557
0.938469 0.521859
0.934446 0.532205
0.916193 0.518130
0.924641 0.508111
0.925725 0.506083
0.913100 0.506473
0.917775 0.500040
0.916884 0.488389
0.926964 0.480685
0.920097 0.477046
0.903499 0.483025
0.889519 0.474816
0.880889 0.475420
0.881917 0.469614
0.886553 0.461694
0.888158 0.463536
0.893270 0.460660
0.884010 0.453845
0.865495 0.440145
0.871689 0.424992
0.866489 0.423032
0.868980 0.419511
0.872220 0.413111
0.845759 0.411565
0.844448 0.434772
0.854176 0.446563
0.854576 0.451150
0.843779 0.458226
0.826833 0.459009
0.832563 0.462410
0.846101 0.467334
0.848332 0.469217
0.862452 0.469137
0.853581 0.477757
0.835604 0.479613
0.836061 0.477073
0.833920 0.474126
0.825465 0.478523
0.829803 0.499305
0.821033 0.490070
0.809627 0.491041
0.808674 0.490876
0.807397 0.513016
0.823016 0.526183
0.839124 0.537197
0.843821 0.541542
0.834331 0.544071
0.830648 0.552749
0.821188 0.548694
0.810923 0.554739
0.812090 0.555550
0.826748 0.559098
0.829459 0.564726
0.840521 0.565614
0.841967 0.577799
0.849320 0.589506
0.851022 0.594390
0.860433 0.609075
0.846340 0.611794
0.842336 0.607203
0.835090 0.608624
0.832749 0.622014
0.827253 0.612619
0.824827 0.597562
0.828395 0.587456
0.817439 0.590000
0.812429 0.583819
0.789332 0.569878
0.791152 0.566407
0.789873 0.557379
0.789108 0.546028
0.804771 0.549908
0.815232 0.536781
0.786148 0.520064
0.774538 0.516938
0.753216 0.519882
0.744288 0.525827
0.744765 0.520513
0.745237 0.505699
0.740723 0.509775
0.735495 0.507629
0.728092 0.503738
0.729136 0.500172
0.735180 0.487652
0.744728 0.485393
0.733674 0.471579
0.720000 0.478353
0.708993 0.462357
0.678188 0.461596
0.677204 0.462136
0.673995 0.463977
0.675071 0.452960
0.681488 0.435163
0.689251 0.433483
0.695967 0.445717
0.709611 0.446398
0.711228 0.445257
0.714466 0.430479
0.724546 0.422095
0.732833 0.424188
0.736392 0.435753
0.740554 0.439299
0.750631 0.437840
0.743977 0.454443
0.750019 0.467629
0.751656 0.467663
0.753549 0.466294
0.762433 0.452691
0.776853 0.449802
0.778095 0.454302
0.774006 0.461453
0.773173 0.467260
0.769450 0.477815
0.784941 0.477543
0.783169 0.488548
0.787006 0.487924
0.791519 0.483063
0.798918 0.482627
0.806311 0.479057
0.803584 0.473877
0.804979 0.468114
0.815380 0.452953
0.809304 0.442332
0.808990 0.440354
0.813372 0.442152
0.823697 0.437035
0.823860 0.424016
0.826657 0.421820
0.822452 0.416295
0.820692 0.408373
0.818494 0.406891
0.812064 0.404083
0.803235 0.397907
0.796108 0.399351
0.806498 0.412385
0.797693 0.424461
0.778968 0.429966
0.778072 0.426077
0.762435 0.420662
0.760123 0.425063
0.750351 0.422223
0.760919 0.409309
0.772474 0.404848
0.775064 0.412353
0.789010 0.403674
0.780486 0.393361
0.777473 0.384028
0.787644 0.385021
0.797557 0.385574
0.784839 0.366187
0.788714 0.362400
0.772597 0.351525
0.768017 0.350999
0.768928 0.355526
0.774695 0.367506
0.771313 0.367009
0.762937 0.367696
0.748497 0.365730
0.753553 0.381332
0.754381 0.387666
0.733881 0.389013
0.734547 0.375856
0.732287 0.363306
0.730381 0.350143
0.733920 0.344473
0.751320 0.342315
0.753070 0.336123
0.745034 0.337319
0.735983 0.327727
0.727345 0.328262
0.710650 0.311395
0.716273 0.301430
0.733455 0.294548
0.735003 0.278535
0.740003 0.269647
0.720977 0.269831
0.712827 0.286025
0.712868 0.278769
0.709412 0.263248
0.690062 0.261909
0.690956 0.258410
0.688859 0.252200
0.686903 0.253697
0.683557 0.260385
0.683992 0.278711
0.675787 0.280933
0.673055 0.273288
0.669155 0.266536
0.676991 0.258305
0.676760 0.247332
0.667548 0.234743
0.659055 0.238682
0.646747 0.245583
0.654186 0.259760
0.662289 0.263555
0.653829 0.271857
0.645380 0.278857
0.645114 0.283748
0.650350 0.285294
0.660838 0.289734
0.663279 0.287763
0.677516 0.289471
0.679666 0.296768
0.678907 0.303329
0.686382 0.301555
0.697502 0.308197
0.699934 0.328576
0.681662 0.320453
0.674353 0.323282
0.659947 0.321960
0.639547 0.308639
0.634481 0.310089
0.626552 0.317428
0.623387 0.331946
0.614548 0.295380
0.613353 0.286242
0.613660 0.279652
0.630054 0.282315
0.637744 0.287030
0.640424 0.278963
0.636024 0.271474
0.634651 0.268578
0.632085 0.257884
0.631479 0.256027
0.637331 0.257489
0.641671 0.243565
0.647168 0.237023
0.654076 0.229069
0.640394 0.224886
0.638705 0.218578
0.638011 0.217220
0.644809 0.219413
0.654810 0.209761
0.643460 0.212256
0.624923 0.214493
0.626132 0.217554
0.621355 0.218700
0.612846 0.210481
0.606586 0.194455
0.606852 0.166096
0.620547 0.177331
0.624059 0.187817
0.638305 0.178374
0.640429 0.174392
0.645513 0.173869
0.646667 0.169176
0.639547 0.165223
0.654850 0.160599
0.656274 0.156243
0.666805 0.172767
0.668423 0.173349
0.681793 0.168662
0.671128 0.185260
0.673570 0.198006
0.677336 0.198556
0.696000 0.199891
0.699684 0.199008
0.698552 0.196793
0.691062 0.188288
0.701787 0.171746
0.708598 0.168597
0.719112 0.160822
0.700805 0.162954
0.700028 0.155615
0.700487 0.151702
0.687672 0.158742
0.688128 0.151377
0.678519 0.149191
0.674987 0.135906
0.672673 0.139844
0.668044 0.151724
0.643328 0.138061
0.644857 0.126531
0.658472 0.127296
0.660263 0.110422
0.666765 0.101763
0.665641 0.102327
0.637311 0.103613
0.631976 0.107559
0.629260 0.076701
0.641372 0.068619
0.644498 0.063625
0.630648 0.063440
0.627333 0.067323
0.628201 0.071217
0.623824 0.068068
0.609414 0.067437
0.603468 0.057774
0.600945 0.058689
0.598430 0.056765
0.598284 0.060518
0.587665 0.058331
0.586691 0.053952
0.573854 0.037623
0.568181 0.050964
0.558988 0.056331
0.555213 0.055002
0.550961 0.058224
0.553631 0.040861
0.541009 0.051119
0.538014 0.046675
0.538882 0.042138
0.534095 0.034138
0.529439 0.031952
0.528169 0.048863
0.508328 0.034503
0.509315 0.039102
0.509855 0.047568
0.505660 0.059002
0.500767 0.059123
0.498442 0.061936
0.491807 0.068178
0.498990 0.066394
0.516538 0.074677
0.518068 0.079326
0.520223 0.080593
0.525848 0.070345
0.524902 0.067320
0.541678 0.070400
0.541962 0.082332
0.549477 0.079496
0.558811 0.069222
0.584630 0.074544
0.596546 0.072956
0.609835 0.081728
0.600825 0.080305
0.588982 0.088317
0.592947 0.098641
0.578129 0.095060
0.575656 0.093251
0.566619 0.100792
0.566772 0.101275
0.574526 0.107970
0.584944 0.110489
0.591546 0.111231
0.590081 0.117539
0.601500 0.119188
0.614388 0.113599
0.610538 0.124547
0.619398 0.128963
0.622553 0.130104
0.627688 0.125144
0.627814 0.146007
0.620982 0.150838
0.606612 0.137908
0.601101 0.140647
0.588394 0.151082
0.579572 0.141940
0.586644 0.136188
0.577750 0.132462
0.574160 0.128731
0.565603 0.121262
0.567546 0.109722
0.561324 0.115325
0.557255 0.138082
0.555551 0.141914
0.555574 0.146166
0.565416 0.141465
0.577399 0.154298
0.585648 0.165355
0.588260 0.166327
0.583201 0.168885
0.584956 0.173262
0.579060 0.181266
0.564110 0.182413
0.566426 0.201943
0.571222 0.219329
0.561695 0.225589
0.552195 0.220125
0.545895 0.238980
0.555055 0.240047
0.560670 0.240998
0.576434 0.252502
0.577132 0.235778
0.587735 0.237052
0.591727 0.246871
0.598458 0.243265
0.590340 0.233865
0.587466 0.218805
0.600275 0.216547
0.607485 0.225521
0.612716 0.229411
0.610991 0.231351
0.624868 0.243133
0.613482 0.257393
0.605609 0.272901
0.598930 0.284038
0.581688 0.284524
0.582935 0.297180
0.591028 0.306159
0.588982 0.309714
0.596491 0.321186
0.581413 0.320830
0.576795 0.320937
0.570034 0.323486
0.563600 0.331358
0.561419 0.339892
0.564810 0.345666
0.565909 0.345802
0.569497 0.349543
0.580243 0.355374
0.575731 0.367470
0.566528 0.359380
0.537487 0.325074
0.560667 0.314357
0.563786 0.303450
0.563520 0.303257
0.563531 0.299971
0.566191 0.296844
0.561935 0.284416
0.555458 0.281834
0.556302 0.279790
0.546754 0.266948
0.545151 0.265799
0.538724 0.275757
0.537622 0.288711
0.541350 0.293657
0.539196 0.295909
0.538016 0.301537
0.528414 0.296480
0.523831 0.284564
0.520678 0.272916
0.525597 0.259747
0.520729 0.257795
0.504661 0.261046
0.495270 0.255402
0.490413 0.249551
0.491736 0.261896
0.491341 0.264611
0.498608 0.276566
0.488249 0.280023
0.483514 0.281480
0.481314 0.285806
0.479837 0.271802
0.469396 0.254934
0.466313 0.253009
0.456905 0.245854
0.452205 0.241846
0.446454 0.239357
0.460330 0.237304
0.472726 0.204706
0.481406 0.210175
0.487618 0.210193
0.493290 0.233412
0.491577 0.233871
0.490088 0.237014
0.491673 0.244717
0.500129 0.240152
0.498931 0.233945
0.521342 0.243892
0.524687 0.223057
0.521605 0.208862
0.530387 0.214602
0.539629 0.213871
0.541950 0.207596
0.536680 0.200887
0.529068 0.187443
0.534858 0.180525
0.554221 0.181943
0.557031 0.166807
0.554452 0.156849
0.537718 0.170767
0.538729 0.163708
0.534694 0.154574
0.529293 0.159572
0.510765 0.154100
0.509833 0.148618
0.513652 0.140232
0.508871 0.137146
0.519841 0.129981
0.528440 0.131539
0.533586 0.138017
0.537643 0.133383
0.538347 0.126468
0.543644 0.115773
0.535974 0.101403
0.542099 0.094179
0.529500 0.090860
0.531335 0.103504
0.524250 0.111181
0.521662 0.116147
0.521528 0.123463
0.514717 0.111357
0.500276 0.108159
0.484232 0.106171
0.488800 0.111344
0.505764 0.125428
0.477798 0.147108
0.459467 0.139354
0.466323 0.156867
0.475280 0.159013
0.484388 0.157697
0.491772 0.163053
0.480915 0.172789
0.497247 0.181986
0.501928 0.182314
0.512287 0.198590
0.488226 0.192714
0.456631 0.176635
0.451635 0.188129
0.460105 0.194456
0.444400 0.209124
0.426182 0.199224
0.425819 0.205952
0.416922 0.214427
0.403195 0.222115
0.417997 0.226351
0.423005 0.219311
0.437047 0.224053
0.435991 0.232329
0.440225 0.242881
0.418607 0.239571
0.426730 0.248129
0.437638 0.255485
0.437345 0.259672
0.442812 0.263579
0.443168 0.263923
0.437394 0.266339
0.427074 0.264960
0.421320 0.266722
0.427626 0.272854
0.435086 0.272937
0.450122 0.291221
0.435187 0.285057
0.434359 0.284739
0.428357 0.283382
0.422090 0.281500
0.415843 0.284604
0.418533 0.294508
0.417828 0.295171
0.389862 0.286180
0.384919 0.277924
0.383134 0.288957
0.385061 0.299772
0.400616 0.311481
0.397132 0.328174
0.382072 0.334391
0.373044 0.327031
0.371017 0.325336
0.369604 0.325951
0.375391 0.339011
0.370603 0.346704
0.364685 0.349949
0.384277 0.348800
0.384741 0.355372
0.391750 0.350654
0.389613 0.344740
0.403469 0.340460
0.408305 0.347968
0.410391 0.345688
0.415498 0.343584
0.408825 0.330604
0.419887 0.330965
0.420118 0.313778
0.428907 0.316695
0.445223 0.311500
0.448900 0.302711
0.456417 0.306038
0.460152 0.304055
0.468197 0.308651
0.450115 0.318896
0.455213 0.334833
0.471610 0.326205
0.469914 0.322173
0.477988 0.318954
0.481986 0.325413
0.472976 0.343407
0.483679 0.339104
0.491535 0.336039
0.496768 0.324871
0.489026 0.312048
0.487565 0.304395
0.488333 0.295247
0.498280 0.291871
0.500787 0.289032
0.499003 0.287445
0.502177 0.282664
0.508794 0.281479
0.508070 0.299311
0.525761 0.301718
0.520029 0.307900
0.512583 0.318017
0.516913 0.320171
0.522668 0.328142
0.519803 0.331640
0.517419 0.337753
0.514254 0.328356
0.503294 0.328949
0.492305 0.344429
0.506833 0.352124
0.505861 0.342879
0.514217 0.341545
0.519259 0.344987
0.520548 0.346778
0.524461 0.347564
0.518446 0.355297
0.532099 0.352797
0.550097 0.358447
0.549027 0.368661
0.551155 0.373283
0.549086 0.411714
0.540174 0.394839
0.541065 0.380647
0.534904 0.381112
0.524605 0.383823
0.516849 0.380979
0.507235 0.386907
0.502402 0.383919
0.489534 0.378427
0.497485 0.367241
0.504811 0.360572
0.498443 0.356762
0.479751 0.364852
0.450506 0.372816
0.457132 0.360377
0.445647 0.347387
0.427211 0.349480
0.420665 0.359727
0.420979 0.360502
0.428026 0.371549
0.426743 0.376527
0.427322 0.394862
0.421692 0.396756
0.407672 0.383510
0.404786 0.381638
0.413895 0.373478
0.398243 0.364391
0.396623 0.365702
0.391000 0.359268
0.373433 0.372386
0.368768 0.381872
0.361515 0.369554
0.359199 0.379289
0.359033 0.380923
0.356328 0.390060
0.342734 0.393212
0.334915 0.395134
0.349296 0.404001
0.355452 0.408448
0.371694 0.404837
0.384621 0.411337
0.377911 0.402250
0.383530 0.388893
0.399818 0.402946
0.407995 0.408078
0.395564 0.419162
0.378899 0.423988
0.357738 0.422598
0.350340 0.417413
0.347283 0.417673
0.344494 0.421333
0.345173 0.434688
0.351474 0.432894
0.354463 0.435654
0.350983 0.436815
0.355986 0.448887
0.369620 0.450459
0.376249 0.453378
0.379678 0.439822
0.391391 0.440930
0.396967 0.444058
0.402652 0.445627
0.409406 0.446567
0.413958 0.454270
0.414882 0.466123
0.419665 0.471492
0.424074 0.479609
0.436212 0.461281
0.427604 0.440424
0.421831 0.430136
0.438722 0.411327
0.445136 0.412180
0.448838 0.389847
0.454245 0.391053
0.457011 0.384075
0.470225 0.388930
0.475907 0.383316
0.485961 0.398306
0.485682 0.400405
0.494040 0.403244
0.493488 0.405899
0.483724 0.402194
0.476597 0.400674
0.469456 0.404177
0.440942 0.435937
0.448403 0.433207
0.458181 0.431836
0.472129 0.445351
0.473775 0.431212
0.472806 0.430144
0.488095 0.424301
0.501883 0.420465
0.501903 0.430774
0.504078 0.430387
0.510073 0.433017
0.510725 0.439298
0.521372 0.443524
0.520328 0.434686
0.519414 0.415722
0.522064 0.407998
0.522570 0.402976
0.532841 0.412889
0.529383 0.421527
0.525843 0.433595
0.538976 0.440589
0.553624 0.447263
0.565187 0.442850
0.548519 0.422741
0.555650 0.419726
0.559407 0.423557
0.576202 0.418875
0.583909 0.430434
0.588643 0.425136
0.581743 0.418966
0.583667 0.413957
0.585878 0.397887
0.600281 0.375544
0.603109 0.377367
0.605879 0.379231
0.611738 0.365886
0.604630 0.362020
0.597235 0.360537
0.602231 0.352518
0.600099 0.350639
0.611724 0.341254
0.626794 0.361680
0.626069 0.370097
0.644965 0.371869
0.637406 0.383002
0.631313 0.385244
0.642113 0.391957
0.647417 0.394529
0.653361 0.384920
0.663295 0.372811
0.659076 0.360726
0.657677 0.342089
0.640960 0.345441
0.643144 0.335484
0.655526 0.335073
0.670162 0.337487
0.676459 0.358366
0.676530 0.360513
0.710517 0.333669
0.714959 0.343447
0.711859 0.348810
0.709577 0.347922
0.701871 0.379538
0.713426 0.377759
0.721803 0.397993
0.724898 0.401289
0.723975 0.410280
0.707330 0.414920
0.713005 0.406077
0.710746 0.401175
0.702360 0.396717
0.697087 0.383908
0.686032 0.405421
0.675512 0.390994
0.668959 0.396340
0.660871 0.394818
0.652660 0.408414
0.653718 0.409472
0.645106 0.418996
0.640633 0.401932
0.637115 0.407895
0.633516 0.416589
0.637074 0.424742
0.641222 0.428539
0.648333 0.427995
0.654659 0.426523
0.668509 0.431739
0.674388 0.441364
0.672809 0.441259
0.665004 0.438907
0.660165 0.452993
0.643616 0.435893
0.638421 0.432641
0.620158 0.429143
0.619565 0.427713
0.615846 0.423852
0.619205 0.420625
0.619911 0.410578
0.614727 0.401847
0.608586 0.401476
0.613122 0.419923
0.608302 0.426644
0.607392 0.444811
0.606369 0.445477
0.618086 0.472548
0.623976 0.467549
0.632201 0.463877
0.649912 0.469817
0.654399 0.470066
0.661992 0.474288
0.662273 0.474393
0.668555 0.474608
0.652660 0.485526
0.643236 0.485087
0.645364 0.491479
0.633663 0.492558
0.630785 0.473168
0.629067 0.477815
0.607333 0.493024
0.606212 0.469979
0.599098 0.462015
0.600591 0.458726
0.576567 0.457192
0.589964 0.474443
0.591131 0.480782
0.585898 0.487373
0.579289 0.486513
0.577411 0.476913
0.568164 0.483303
0.565244 0.516351
0.558368 0.520828
0.551380 0.513830
0.544011 0.515635
0.550066 0.519994
0.550405 0.528094
0.546148 0.549778
0.540954 0.537312
0.521401 0.505827
0.530619 0.508998
0.536365 0.506858
0.540229 0.496066
0.539917 0.493808
0.552360 0.498294
0.551850 0.490907
0.551540 0.471200
0.538436 0.462737
0.536776 0.462676
0.520805 0.464512
0.519431 0.468123
0.521082 0.470125
0.527640 0.493471
0.518190 0.496831
0.504950 0.492183
0.513803 0.467688
0.506606 0.471657
0.490865 0.466903
0.489409 0.466980
0.490562 0.471110
0.482082 0.481220
0.471796 0.481648
0.456189 0.477268
0.457762 0.486036
0.462210 0.491753
0.462009 0.492989
0.459151 0.501606
0.454575 0.500304
0.454887 0.495961
0.453021 0.490069
0.447534 0.491513
0.434694 0.489210
0.412758 0.510030
0.406687 0.492373
0.401647 0.479636
0.401236 0.478038
0.398781 0.473696
0.393674 0.485325
0.383607 0.501001
0.402741 0.507980
0.413622 0.538724
0.414266 0.543395
0.422195 0.547461
0.429097 0.523702
0.438989 0.517164
0.437355 0.512065
0.451134 0.508495
0.450492 0.511928
0.457860 0.515695
0.460318 0.512457
0.464571 0.519103
0.467285 0.530429
0.470573 0.542545
0.482033 0.523662
0.472540 0.515101
0.483285 0.511621
0.497660 0.525238
0.497443 0.537403
0.511281 0.526714
0.510388 0.535183
0.508086 0.544225
0.514156 0.554963
0.525032 0.547584
0.528261 0.551753
0.538742 0.558202
0.555612 0.558347
0.551603 0.565975
0.530865 0.576296
0.525143 0.586753
0.525712 0.589050
0.520073 0.616369
0.534223 0.598359
0.538617 0.598513
0.553173 0.594050
0.550017 0.587025
0.561519 0.579214
0.572166 0.567538
0.571474 0.561317
0.590659 0.559732
0.593127 0.557190
0.593496 0.559150
0.589764 0.562764
0.596530 0.574706
0.585729 0.576110
0.588149 0.581602
0.593808 0.588750
0.584290 0.587325
0.576732 0.596712
0.578897 0.600524
0.582842 0.601996
0.568649 0.605964
0.563735 0.604385
0.558904 0.616078
0.581250 0.622419
0.597913 0.607626
0.598900 0.617825
0.605018 0.633050
0.615375 0.626359
0.633705 0.624118
0.627585 0.601777
0.616210 0.601232
0.606620 0.602447
0.622192 0.586648
0.616289 0.569922
0.626288 0.562170
0.645148 0.569763
0.632749 0.554821
0.616252 0.555381
0.606760 0.557125
0.604449 0.561469
0.598593 0.556039
0.598638 0.548818
0.596808 0.541046
0.600828 0.536122
0.614094 0.538572
0.599096 0.530163
0.587228 0.526217
0.581707 0.534243
0.565688 0.530066
0.569589 0.523459
0.573679 0.510284
0.576052 0.507979
0.591354 0.518503
0.593888 0.524381
0.603590 0.516153
0.607426 0.512700
0.603853 0.505918
0.607249 0.501571
0.610687 0.502022
0.620051 0.506916
0.631756 0.525915
0.643339 0.521086
0.643606 0.527805
0.646522 0.530602
0.651604 0.522476
0.659047 0.517991
0.654556 0.510711
0.666385 0.501624
0.666205 0.494161
0.682426 0.499166
0.684526 0.488864
0.695549 0.482340
0.691872 0.499010
0.689946 0.505465
0.702097 0.523191
0.704291 0.539660
0.705586 0.538283
0.705965 0.536304
0.711743 0.530344
0.712999 0.531814
0.718002 0.536327
0.725678 0.547645
0.735019 0.542925
0.740258 0.552483
0.743879 0.565418
0.753820 0.561901
0.751171 0.545146
0.750239 0.543982
0.756079 0.536770
0.770400 0.538013
0.773065 0.549793
0.762816 0.551725
0.771556 0.558300
0.773206 0.580605
0.771601 0.581488
0.760148 0.585690
0.753621 0.583601
0.749021 0.588991
0.756060 0.596001
0.773133 0.599160
0.749082 0.607588
0.761164 0.616184
0.769296 0.620177
0.773880 0.635801
0.775535 0.642826
0.785328 0.628130
0.785048 0.615580
0.780019 0.605601
0.779398 0.595438
0.784294 0.598652
0.784494 0.599460
0.795702 0.604196
0.800496 0.630441
0.811764 0.613096
0.819917 0.620448
0.821315 0.643789
0.817916 0.650949
0.809707 0.659006
0.810480 0.675884
0.805895 0.667357
0.795697 0.663545
0.783685 0.653424
0.779159 0.646491
0.763094 0.648009
0.754883 0.663478
0.758194 0.663314
0.763291 0.665037
0.768188 0.662306
0.770451 0.672662
0.764793 0.680458
0.753008 0.670708
0.750536 0.675294
0.734750 0.672542
0.722999 0.674831
0.728007 0.659815
0.731646 0.659862
0.732323 0.662306
0.737630 0.660637
0.749472 0.660140
0.748498 0.656810
0.745074 0.653865
0.746032 0.640584
0.742098 0.644194
0.735274 0.642622
0.724158 0.628154
0.727625 0.627064
0.735520 0.608619
0.727046 0.603329
0.728196 0.595385
0.727596 0.594991
0.728952 0.578450
0.715869 0.590644
0.699770 0.596409
0.708653 0.612358
0.707044 0.620672
0.705470 0.623767
0.701220 0.622410
0.703764 0.629653
0.703887 0.636166
0.702217 0.636915
0.694281 0.642259
0.703756 0.640160
0.715592 0.634266
0.715997 0.634361
0.721601 0.636348
0.719379 0.646557
0.717791 0.648025
0.708190 0.647548
0.706785 0.655462
0.710114 0.661369
0.701564 0.700390
0.695500 0.702648
0.699219 0.712724
0.693264 0.705819
0.692314 0.705688
0.691580 0.704690
0.688555 0.700865
0.683849 0.683711
0.688334 0.669643
0.684682 0.658643
0.674825 0.653002
0.671563 0.648132
0.669476 0.631250
0.674724 0.628178
0.687230 0.628119
0.695004 0.626483
0.683227 0.622999
0.680082 0.616625
0.686409 0.601293
0.686391 0.599935
0.692064 0.599425
0.694302 0.591661
0.690076 0.591939
0.690447 0.580769
0.690711 0.578660
0.709603 0.577225
0.704722 0.554737
0.692090 0.563763
0.690981 0.552832
0.691268 0.551441
0.691005 0.548916
0.685284 0.551645
0.679245 0.541110
0.672040 0.539012
0.674091 0.532908
0.665676 0.534870
0.662181 0.537168
0.657951 0.543262
0.651965 0.543391
0.657759 0.546373
0.663939 0.542913
0.666976 0.555926
0.663790 0.574434
0.662389 0.574590
0.664612 0.578980
0.641100 0.583942
0.663224 0.591361
0.678506 0.585355
0.679378 0.581378
0.680679 0.585627
0.677707 0.599578
0.667804 0.612450
0.659688 0.625076
0.653563 0.618385
0.642585 0.619480
0.640003 0.621606
0.644683 0.638474
0.655981 0.642523
0.657630 0.658175
0.641086 0.660934
0.635790 0.657783
0.635081 0.657209
0.628059 0.640230
0.629690 0.647867
0.629643 0.669099
0.625279 0.679157
0.611914 0.660255
0.591180 0.633792
0.590503 0.669889
0.611976 0.686669
0.619865 0.687635
0.609812 0.696736
0.611151 0.700216
0.620391 0.716489
0.626498 0.707536
0.626775 0.690547
0.626791 0.685845
0.632636 0.686547
0.633586 0.685151
0.655717 0.691228
0.661214 0.686531
0.680581 0.689322
0.653588 0.701026
0.651087 0.714575
0.638544 0.728082
0.621712 0.728715
0.610780 0.735454
0.600433 0.741325
0.607763 0.741448
0.611101 0.747414
0.614129 0.748252
0.616772 0.750421
0.610499 0.761562
0.601549 0.762952
0.585258 0.753722
0.586305 0.765492
0.592410 0.778116
0.598584 0.785980
0.590495 0.794124
0.591356 0.800907
0.600875 0.813659
0.611192 0.836176
0.600864 0.832015
0.599294 0.823641
0.587200 0.813848
0.576678 0.799466
0.571296 0.815157
0.570654 0.820290
0.563525 0.823402
0.546904 0.814822
0.546510 0.818610
0.533074 0.824131
0.530969 0.829834
0.540850 0.837651
0.544253 0.840811
0.536315 0.844053
0.532496 0.856093
0.544884 0.862698
0.548439 0.855545
0.554393 0.854240
0.554721 0.852912
0.559467 0.856221
0.562199 0.847682
0.561477 0.837745
0.581341 0.829374
0.588066 0.838033
0.580923 0.849885
0.583416 0.852158
0.616491 0.851742
0.618308 0.861266
0.626258 0.862596
0.627492 0.859839
0.640558 0.865124
0.646682 0.871815
0.636623 0.878188
0.622999 0.876750
0.613133 0.882029
0.604959 0.887198
0.606799 0.888672
0.613662 0.888597
0.615839 0.889049
0.639022 0.882848
0.656172 0.886340
0.655031 0.872208
0.653145 0.868741
0.664056 0.861990
0.687268 0.850436
0.695643 0.856721
0.706247 0.863762
0.694385 0.867275
0.686377 0.864575
0.690296 0.879848
0.691813 0.892647
0.698394 0.920951
0.720777 0.904815
0.718328 0.883401
0.717797 0.860725
0.726957 0.850292
0.710367 0.845475
0.710179 0.822126
0.704133 0.816464
0.705994 0.810730
0.692326 0.807568
0.687933 0.813568
0.676972 0.825551
0.672783 0.832848
0.676327 0.841702
0.671301 0.845603
0.653673 0.830686
0.668119 0.820160
0.659429 0.813081
0.651925 0.816699
0.647506 0.831360
0.650018 0.833862
0.639694 0.848251
0.633146 0.831172
0.635425 0.826857
0.636429 0.815303
0.631361 0.803710
0.627015 0.805828
0.623978 0.815199
0.620214 0.810499
0.614995 0.803816
0.618892 0.791610
0.607215 0.789852
0.606867 0.782383
0.607623 0.781952
0.617427 0.776526
0.618590 0.788844
0.625693 0.794345
0.626625 0.780913
0.630006 0.768528
0.637560 0.756477
0.634389 0.739521
0.638190 0.735114
0.655036 0.740486
0.654732 0.745271
0.647003 0.750180
0.648647 0.758465
0.642969 0.771229
0.649335 0.779170
0.650769 0.780738
0.639929 0.778570
0.631048 0.783406
0.644355 0.799297
0.651778 0.793317
0.666754 0.779025
0.663590 0.775366
0.663117 0.768335
0.662583 0.762313
0.667128 0.768821
0.673712 0.768684
0.675359 0.774360
0.678474 0.774959
0.681809 0.768166
0.681593 0.772239
0.679264 0.787296
0.682859 0.799376
0.684155 0.796317
0.693925 0.780356
0.699653 0.786752
0.704069 0.795728
0.703347 0.804139
0.723212 0.790973
0.726020 0.785429
0.723423 0.772774
0.725541 0.765076
0.735997 0.765605
0.736064 0.768950
0.751342 0.775084
0.751191 0.776339
0.753206 0.778072
0.758481 0.781692
0.760956 0.781394
0.753568 0.796171
0.758596 0.802665
0.754262 0.804016
0.755839 0.805355
0.761945 0.806517
0.765221 0.810959
0.761154 0.817208
0.733590 0.817790
0.728683 0.814463
0.719292 0.823286
0.729983 0.822308
0.742025 0.831589
0.736627 0.840078
0.767862 0.844980
0.774254 0.836928
0.776161 0.833744
0.776440 0.832706
0.778081 0.835522
0.792472 0.852585
0.787338 0.857938
0.804449 0.864499
0.799683 0.850240
0.801245 0.843651
0.814447 0.844556
0.802736 0.819920
0.819987 0.821442
0.829610 0.804880
0.819770 0.785946
0.812999 0.778818
0.812529 0.787271
0.797025 0.793710
0.784231 0.804968
0.787120 0.796620
0.783151 0.783763
0.786967 0.783780
0.790687 0.773773
0.801385 0.770811
0.798196 0.766696
0.796961 0.762785
0.790714 0.759625
0.782409 0.756688
0.777796 0.760885
0.777835 0.761825
0.757766 0.756563
0.747335 0.747306
0.747270 0.738915
0.733529 0.738925
0.733879 0.737748
0.725174 0.730884
0.723803 0.740622
0.717398 0.764702
0.710474 0.754552
0.701944 0.758062
0.692092 0.757109
0.682910 0.751024
0.680807 0.754027
0.672983 0.746304
0.671002 0.742746
0.666285 0.739844
0.676234 0.726713
0.680798 0.729859
0.681165 0.736280
0.702152 0.750950
0.711850 0.747048
0.709071 0.731554
0.713882 0.715546
0.722338 0.711284
0.714335 0.704863
0.706374 0.702948
0.712767 0.697479
0.721781 0.699066
0.743157 0.703852
0.750020 0.693416
0.749591 0.703875
0.754036 0.708355
0.749964 0.708350
0.745498 0.718242
0.748701 0.722073
0.754681 0.716942
0.759965 0.728842
0.770638 0.744303
0.782215 0.743113
0.783724 0.735566
0.780459 0.732026
0.794099 0.730854
0.788006 0.717390
0.792033 0.697332
0.801501 0.694007
0.805849 0.689630
0.812938 0.690330
0.816818 0.690006
0.824967 0.687371
0.824183 0.682452
0.832982 0.683127
0.826544 0.675946
0.825773 0.676263
0.820242 0.670111
0.822693 0.661340
0.840065 0.656876
0.843022 0.651238
0.844028 0.644516
0.847065 0.657958
0.854151 0.675681
0.858267 0.678361
0.864820 0.679316
0.865927 0.679275
0.867926 0.691738
0.863346 0.701004
0.860235 0.708750
0.858140 0.707669
0.849644 0.698763
0.850462 0.716724
0.849868 0.723171
0.838074 0.710510
0.823988 0.696086
0.826375 0.710305
0.807786 0.722325
0.815406 0.747388
0.815888 0.754189
0.842564 0.738871
0.841845 0.739900
0.839229 0.746404
0.828162 0.757136
0.832517 0.767124
0.851393 0.769171
0.853946 0.772310
0.856527 0.779179
0.861281 0.771226
0.867619 0.762823
0.871855 0.769208
0.877643 0.762239
0.881583 0.764630
0.883407 0.759263
0.889673 0.758700
0.889163 0.781538
0.890938 0.781107
0.891860 0.782924
0.897292 0.786314
0.900181 0.787710
0.905974 0.790448
0.901045 0.776453
0.914792 0.776317
0.915200 0.773893
0.917554 0.754412
0.940103 0.743418
0.947629 0.759363
0.943508 0.769577
0.965323 0.771644
0.974066 0.761767
0.980268 0.763359
0.984017 0.762019
0.992185 0.758818
0.994347 0.761130
0.986101 0.775712
0.982795 0.786319
0.985429 0.789195
0.988669 0.799260
0.996256 0.812307
0.987247 0.818144
0.958160 0.787890
0.959834 0.785243
0.956155 0.783836
0.930050 0.792949
0.940385 0.806315
0.942348 0.810016
0.941676 0.817147
0.937407 0.811539
0.917396 0.815963
0.912475 0.829195
0.909222 0.824534
0.900274 0.817480
0.889366 0.805868
0.890206 0.817323
0.889901 0.819945
0.893985 0.826951
0.889819 0.823631
0.887111 0.823543
0.885010 0.824106
0.883787 0.827424
0.876543 0.834167
0.869768 0.816608
0.856863 0.809019
0.864318 0.799895
0.842888 0.795470
0.843203 0.801431
0.841953 0.822942
0.850265 0.827391
0.830415 0.850143
0.826647 0.867279
0.823236 0.869503
0.822414 0.883022
0.821762 0.883996
0.828100 0.886134
0.834190 0.882353
0.838615 0.872012
0.839551 0.874466
0.842508 0.875454
0.842231 0.883265
0.844869 0.900776
0.849832 0.908180
0.852979 0.927239
0.833438 0.918688
0.818454 0.911818
0.812237 0.887549
0.802719 0.892934
0.799625 0.896733
0.802378 0.901086
0.798653 0.902120
0.784966 0.896861
0.784628 0.897354
0.767598 0.895460
0.764796 0.895275
0.778641 0.876873
0.781527 0.873325
0.762844 0.867715
0.741734 0.850773
0.736244 0.857346
0.747812 0.871184
0.761781 0.900615
0.751761 0.897918
0.751445 0.899867
0.746489 0.902932
0.741469 0.907431
0.726192 0.909826
0.726525 0.913121
0.737941 0.915965
0.749794 0.910947
0.756196 0.924557
0.753143 0.940751
0.746943 0.937798
0.733872 0.923722
0.726281 0.923885
0.717076 0.924526
0.721240 0.927806
0.732490 0.935304
0.730696 0.946436
0.730999 0.954732
0.738751 0.953833
0.739757 0.951386
0.740677 0.948232
0.741039 0.948595
0.748592 0.959221
0.759797 0.952501
0.755726 0.947306
0.757406 0.944499
0.765772 0.944602
0.790488 0.945244
0.805470 0.954622
0.820796 0.947165
0.827954 0.957043
0.842233 0.965449
0.846010 0.966861
0.873807 0.957076
0.878416 0.939329
0.887211 0.936455
0.898447 0.918402
0.883912 0.911258
0.873317 0.913581
0.875053 0.904252
0.883441 0.887862
0.874867 0.876980
0.867485 0.882900
0.865362 0.872942
0.853469 0.871179
0.854183 0.868354
0.854688 0.856261
0.867300 0.842639
0.875769 0.852873
0.881215 0.847565
0.890530 0.853746
0.901647 0.846580
0.930006 0.837346
0.937141 0.847476
0.939191 0.834239
0.947569 0.834989
0.952097 0.839069
0.942398 0.847850
0.963709 0.860008
0.962721 0.847387
0.966550 0.841602
0.968241 0.841302
0.975012 0.851502
0.982253 0.833937
0.994470 0.846857
0.994110 0.861943
0.992025 0.863158
0.997627 0.866652
0.993718 0.875698
0.994695 0.896386
0.990564 0.902676
0.990735 0.906243
0.978745 0.902591
0.973394 0.901017
0.981235 0.908230
0.982198 0.911506
0.984940 0.920159
0.994339 0.926075
0.984512 0.931679
0.990377 0.938955
0.990020 0.943275
0.998023 0.942991
0.993387 0.948591
0.982670 0.951421
0.987633 0.966838
0.996649 0.983560
0.994741 0.982511
0.983638 0.977845
0.971398 0.978749
0.965965 0.969952
0.959335 0.989654
0.956125 0.973853
0.959613 0.967980
0.963463 0.955039
0.972212 0.948726
0.966646 0.942878
0.964854 0.943802
0.954659 0.941880
0.957325 0.935107
0.957806 0.905048
0.959908 0.904309
0.968132 0.884371
0.952386 0.887303
0.954304 0.872281
0.943034 0.865335
0.929045 0.868451
0.914005 0.863201
0.903382 0.865762
0.912035 0.878118
0.902736 0.876933
0.896402 0.876886
0.892781 0.876332
0.891925 0.880560
0.895626 0.881589
0.892858 0.893197
0.892859 0.896122
0.902245 0.890156
0.903434 0.892475
0.908177 0.888713
0.926199 0.884136
0.915374 0.893176
0.911907 0.897179
0.910454 0.898297
0.913104 0.897440
0.916674 0.903388
0.921337 0.907359
0.927418 0.909396
0.938525 0.907667
0.926709 0.927985
0.946905 0.946004
0.954536 0.950317
0.945563 0.957884
0.946487 0.962662
0.941233 0.972726
0.935207 0.969005
0.929122 0.989181
0.935772 0.999117
0.915740 0.998724
0.909295 0.991111
0.914451 0.972080
0.926649 0.969914
0.923020 0.948911
0.918171 0.944417
0.916550 0.931059
0.913366 0.928404
0.911737 0.934395
0.902770 0.950045
0.903932 0.964128
0.898604 0.961984
0.879827 0.964017
0.887633 0.983689
0.888969 0.984828
0.888934 0.988162
0.880992 0.987696
0.876053 0.989099
0.869169 0.980480
0.864131 0.987264
0.866278 0.995981
0.848349 0.989701
0.832147 0.970588
0.826776 0.981784
0.809222 0.988017
0.809235 0.976465
0.803177 0.975292
0.791305 0.987075
0.770994 0.969409
0.763175 0.981648
0.767739 0.992277
0.752712 0.989839
0.749351 0.992261
0.741045 0.998809
0.741292 0.997994
0.747944 0.990792
0.747492 0.985397
0.745722 0.977990
0.742692 0.981895
0.714636 0.981370
0.709649 0.982882
0.708708 0.967139
0.706396 0.960032
0.717157 0.942074
0.702700 0.943413
0.696417 0.951446
0.694743 0.939233
0.688415 0.925967
0.685350 0.915902
0.676297 0.907087
0.673513 0.907142
0.669077 0.895649
0.646883 0.900423
0.666012 0.913516
0.666556 0.914300
0.671281 0.927819
0.677087 0.928735
0.670260 0.933227
0.675355 0.940983
0.670421 0.953896
0.676120 0.957873
0.671992 0.965681
0.687179 0.971913
0.679687 0.985483
0.665425 0.968856
0.655803 0.970304
0.647324 0.971763
0.648179 0.982081
0.666786 0.994692
0.657102 0.997111
0.621706 0.998941
0.622111 0.992255
0.624856 0.985354
0.632874 0.983745
0.631715 0.971947
0.610901 0.974372
0.607240 0.968961
0.599792 0.964513
0.582501 0.966376
0.585097 0.966971
0.592602 0.972064
0.602024 0.976895
0.605474 0.989280
0.586000 0.995722
0.578782 0.986396
0.563459 0.964479
0.563008 0.960665
0.554695 0.966444
0.556794 0.959974
0.558312 0.950979
0.559554 0.941176
0.559682 0.931971
0.557123 0.934783
0.557772 0.942751
0.547804 0.953079
0.537365 0.946109
0.536744 0.950723
0.546041 0.970281
0.543012 0.974090
0.558494 0.983902
0.555525 0.999485
0.548322 0.997381
0.530631 0.988777
0.524031 0.987761
0.520303 0.980868
0.524906 0.972767
0.507925 0.976134
0.511593 0.988738
0.513216 0.990700
0.513375 0.992104
0.514604 0.994133
0.493066 0.994519
0.492216 0.989339
0.490345 0.977692
0.490893 0.973898
0.483740 0.985654
0.464092 0.985032
0.460659 0.980050
0.449160 0.979295
0.447452 0.986814
0.448694 0.993588
0.424389 0.991592
0.413162 0.990730
0.390897 0.998907
0.397890 0.985373
0.425772 0.990372
0.433867 0.986327
0.433342 0.981058
0.427192 0.977050
0.425776 0.977749
0.425950 0.975495
0.437562 0.967441
0.424694 0.958548
0.434947 0.956437
0.435969 0.941033
0.439831 0.943450
0.465804 0.944086
0.470328 0.938021
0.476258 0.952782
0.481163 0.953367
0.488870 0.959241
0.487698 0.962051
0.498191 0.960784
0.501118 0.966003
0.507334 0.962212
0.514413 0.958457
0.520108 0.951095
0.513497 0.936058
0.525378 0.936616
0.531493 0.924523
0.539684 0.926911
0.549500 0.915888
0.536245 0.902908
0.541467 0.897322
0.553747 0.901265
0.563203 0.906587
0.564695 0.907637
0.571295 0.929119
0.571016 0.933493
0.572754 0.943083
0.587484 0.948406
0.600840 0.937520
0.614104 0.941433
0.616105 0.959896
0.623127 0.953028
0.629165 0.956583
0.634763 0.961408
0.636254 0.967602
0.648047 0.963678
0.653171 0.946325
0.644119 0.944437
0.645303 0.922565
0.635153 0.913855
0.630436 0.912270
0.627336 0.912441
0.611133 0.920268
0.603379 0.916772
0.595040 0.926001
0.586465 0.928528
0.582922 0.917197
0.574776 0.913275
0.578435 0.909860
0.586906 0.902051
0.597298 0.903312
0.596357 0.895687
0.589021 0.892636
0.588891 0.898709
0.577723 0.896559
0.572784 0.899005
0.569981 0.897411
0.568492 0.895421
0.564861 0.886901
0.564371 0.879945
0.559470 0.877625
0.548451 0.875093
0.544805 0.875788
0.534212 0.868472
0.526030 0.864885
0.519581 0.879265
0.534855 0.888174
0.533853 0.891528
0.522822 0.895797
0.523025 0.899984
0.526046 0.909737
0.521689 0.901704
0.503036 0.890891
0.496790 0.906963
0.510779 0.925176
0.494561 0.928919
0.496561 0.929683
0.503551 0.936216
0.497050 0.942253
0.495901 0.943297
0.483257 0.936697
0.482652 0.929547
0.471299 0.935123
0.464891 0.917769
0.448954 0.920797
0.447036 0.919578
0.427604 0.927860
0.418807 0.934267
0.408481 0.933978
0.398391 0.927015
0.381263 0.924190
0.377763 0.927707
0.381322 0.930209
0.394149 0.931943
0.394768 0.934500
0.402108 0.939154
0.404179 0.955300
0.410409 0.960793
0.394026 0.961641
0.378714 0.958016
0.368970 0.960662
0.360688 0.960492
0.360335 0.951006
0.367839 0.954679
0.369091 0.947138
0.355309 0.929589
0.343077 0.947923
0.344706 0.958807
0.352607 0.967664
0.354592 0.976191
0.366116 0.974835
0.369847 0.991217
0.364428 0.991851
0.357696 0.992815
0.326757 0.999006
0.324062 0.978271
0.316825 0.970393
0.311169 0.975327
0.296483 0.986927
0.282279 0.977260
0.269361 0.965779
0.265246 0.972145
0.259884 0.984357
0.268349 0.997230
0.258876 0.987565
0.253375 0.986064
0.240489 0.985275
0.239499 0.998149
0.228781 0.985649
0.229331 0.979778
0.225383 0.967384
0.222487 0.962568
0.210496 0.956404
0.209398 0.963404
0.221805 0.989025
0.214888 0.994529
0.197627 0.988526
0.199483 0.982774
0.194891 0.975874
0.188920 0.980353
0.190786 0.997050
0.182132 0.996240
0.170346 0.978860
0.147658 0.986249
0.148452 0.964915
0.156067 0.963237
0.171138 0.965498
0.171491 0.957878
0.166516 0.954113
0.159941 0.951535
0.169277 0.945097
0.173173 0.940932
0.162915 0.929452
0.162789 0.936503
0.161847 0.941076
0.161880 0.944880
0.149288 0.945301
0.143671 0.962817
0.141415 0.964790
0.138376 0.977709
0.116032 0.982054
0.109648 0.981226
0.110831 0.985325
0.115536 0.994468
0.096040 0.992181
0.097625 0.991193
0.107490 0.976979
0.114749 0.963307
0.121197 0.962861
0.138057 0.942013
0.124306 0.941015
0.123349 0.930780
0.126880 0.928474
0.130045 0.918621
0.114773 0.926640
0.102405 0.929145
0.101318 0.937207
0.107239 0.935938
0.112414 0.956234
0.105522 0.951871
0.092535 0.951103
0.080871 0.954896
0.087047 0.965413
0.079727 0.973939
0.059065 0.972562
0.060102 0.975616
0.056500 0.982632
0.073137 0.998963
0.053495 0.991204
0.044727 0.994957
0.043300 0.985653
0.041891 0.984162
0.025847 0.979817
0.015750 0.997617
0.005939 0.974946
0.012721 0.963121
0.008954 0.958760
0.005970 0.950008
0.025887 0.959658
0.032544 0.970602
0.044702 0.969297
0.060919 0.968056
0.050961 0.961913
0.036761 0.959968
0.031738 0.961164
0.026733 0.943828
0.017673 0.943235
0.030840 0.928080
0.051456 0.938417
0.060870 0.940787
0.068067 0.949131
0.064279 0.954209
0.070063 0.953031
0.074384 0.956939
0.077488 0.938833
0.065457 0.925513
0.064737 0.913312
0.079009 0.919104
0.076638 0.911222
0.081833 0.895108
0.075918 0.892028
0.076952 0.883194
0.079183 0.883909
0.085812 0.880442
0.091015 0.883868
0.116048 0.894697
0.112795 0.884622
0.107452 0.873038
0.092216 0.851904
0.111504 0.864809
0.121703 0.866976
0.138699 0.876846
0.139465 0.881534
0.140819 0.887332
0.149366 0.883494
0.150301 0.865942
0.159730 0.864374
0.169441 0.867391
0.174460 0.858906
0.179661 0.859032
0.177361 0.847824
0.166157 0.837913
0.155899 0.838854
0.153768 0.822900
0.164619 0.814392
0.163435 0.818314
0.167058 0.823955
0.183075 0.836773
0.184349 0.851759
0.193929 0.871226
0.195379 0.852096
0.194823 0.845324
0.212994 0.836217
0.218861 0.829953
0.198468 0.818987
0.201538 0.816669
0.197256 0.804317
0.180775 0.799419
0.172319 0.788576
0.181064 0.788075
0.188248 0.787100
0.203740 0.801084
0.207232 0.803284
0.213371 0.777595
0.213718 0.767744
0.213935 0.765497
0.204403 0.757317
0.200318 0.744258
0.180832 0.753040
0.180732 0.748479
0.174822 0.745803
0.183407 0.732665
0.194979 0.719194
0.190894 0.714782
0.203542 0.711004
0.203214 0.720464
0.211400 0.721644
0.215837 0.717686
0.224780 0.713105
0.211831 0.730374
0.219287 0.731824
0.219200 0.732825
0.218639 0.740096
0.242394 0.751878
0.222118 0.761497
0.226305 0.771518
0.234215 0.774670
0.239830 0.790180
0.232900 0.799640
0.219084 0.810290
0.242128 0.815752
0.237758 0.822108
0.238293 0.834433
0.237044 0.841328
0.236104 0.847579
0.242034 0.835461
0.259926 0.833075
0.266551 0.834173
0.258309 0.821392
0.255359 0.813741
0.246641 0.807396
0.245732 0.795347
0.252686 0.796146
0.256778 0.798092
0.255350 0.802991
0.263900 0.805505
0.269583 0.810295
0.270669 0.809174
0.276236 0.810085
0.281050 0.804492
0.279796 0.802050
0.294268 0.798831
0.298618 0.792201
0.306306 0.781606
0.317902 0.778023
0.319284 0.777164
0.325262 0.792460
0.327957 0.792709
0.328599 0.790659
0.330730 0.781944
0.335017 0.782488
0.361224 0.786003
0.362389 0.779881
0.368788 0.785604
0.384530 0.799699
0.382567 0.823071
0.387729 0.831023
0.386606 0.837549
0.382437 0.856577
0.374006 0.863758
0.366045 0.857702
0.366157 0.846187
0.373508 0.834553
0.351949 0.834775
0.352683 0.827048
0.354250 0.822633
0.366257 0.809031
0.351001 0.815163
0.349538 0.816601
0.334972 0.807073
0.333272 0.806485
0.317070 0.803785
0.318395 0.833437
0.297316 0.828059
0.296884 0.819334
0.294487 0.819169
0.282485 0.831304
0.273328 0.840322
0.284598 0.845600
0.288877 0.852068
0.284669 0.856174
0.294935 0.863079
0.273440 0.871396
0.265724 0.865660
0.264016 0.864120
0.257441 0.880879
0.249608 0.882411
0.254167 0.872531
0.248552 0.866183
0.240540 0.861900
0.239206 0.859842
0.213887 0.883616
0.185592 0.903170
0.178277 0.908682
0.161942 0.909958
0.156494 0.908838
0.145790 0.904048
0.157124 0.909790
0.169433 0.914611
0.192295 0.922535
0.194178 0.912244
0.202637 0.916972
0.212270 0.942037
0.219961 0.930536
0.214607 0.926789
0.209156 0.917032
0.208415 0.915249
0.212297 0.909973
0.219109 0.909293
0.231665 0.916250
0.233476 0.913136
0.238168 0.905022
0.231847 0.900127
0.232438 0.895330
0.238037 0.897027
0.249825 0.890855
0.254443 0.885362
0.258091 0.884515
0.274076 0.890299
0.282128 0.887386
0.292717 0.880541
0.298081 0.892216
0.308835 0.904611
0.297111 0.912693
0.296396 0.911463
0.280915 0.899235
0.278029 0.918739
0.271275 0.913228
0.252467 0.914253
0.251866 0.920187
0.243094 0.925605
0.249126 0.938293
0.238322 0.949837
0.235462 0.958735
0.243688 0.957929
0.249663 0.949788
0.252264 0.948917
0.257484 0.954165
0.262308 0.960018
0.263827 0.952912
0.268659 0.954980
0.269995 0.953170
0.272073 0.939247
0.276619 0.938647
0.289650 0.945972
0.284316 0.957039
0.282240 0.958730
0.291813 0.965392
0.306295 0.960839
0.305928 0.956353
0.309350 0.954230
0.299432 0.940647
0.302419 0.938092
0.298465 0.922992
0.307854 0.928983
0.307686 0.943502
0.313196 0.940956
0.312753 0.942738
0.316546 0.956143
0.324239 0.952613
0.327799 0.942911
0.322873 0.936324
0.332010 0.926569
0.337464 0.908274
0.329011 0.906683
0.326086 0.901991
0.332297 0.896956
0.311289 0.876476
0.300524 0.876670
0.301176 0.871564
0.308632 0.858729
0.317463 0.851309
0.324319 0.849089
0.330891 0.851287
0.334985 0.848032
0.343121 0.852843
0.351135 0.859276
0.329016 0.862410
0.323010 0.866402
0.337735 0.875631
0.367458 0.869131
0.375702 0.872643
0.378162 0.877784
0.369164 0.878879
0.363602 0.883659
0.355947 0.888452
0.345940 0.902451
0.365507 0.901330
0.367181 0.906772
0.379456 0.909252
0.383762 0.908280
0.374331 0.902910
0.374839 0.893648
0.380489 0.896853
0.382459 0.890550
0.386511 0.890890
0.404070 0.895854
0.417733 0.918080
0.426783 0.904323
0.424340 0.901939
0.430874 0.897868
0.431063 0.897888
0.426189 0.891146
0.434489 0.883540
0.436703 0.890489
0.440899 0.893083
0.451893 0.893725
0.473247 0.894027
0.471648 0.908594
0.475321 0.910684
0.479360 0.917446
0.480551 0.905856
0.487148 0.896133
0.492178 0.894688
0.489232 0.886916
0.487814 0.880569
0.476180 0.876031
0.476616 0.867207
0.452269 0.869069
0.437037 0.878623
0.436979 0.871663
0.417354 0.858642
0.414114 0.866493
0.408622 0.874953
0.392176 0.868639
0.396772 0.852983
0.412311 0.850949
0.425247 0.839754
0.434834 0.837750
0.443293 0.829048
0.446372 0.829097
0.452645 0.831732
0.444863 0.825788
0.445750 0.823691
0.440593 0.821173
0.438631 0.817186
0.456051 0.814713
0.466097 0.801413
0.456043 0.804708
0.448700 0.797973
0.438302 0.805723
0.434926 0.807910
0.427549 0.802620
0.411474 0.821666
0.407589 0.832504
0.402292 0.817617
0.397400 0.804961
0.408318 0.792655
0.416347 0.795192
0.419044 0.792262
0.423348 0.789910
0.416468 0.790134
