0.047277 0.315300
0.058509 0.215895
0.008028 0.149510
0.073467 0.079017
0.216864 0.110872
0.208438 0.049019
0.259978 0.033940
0.275302 0.048409
0.319751 0.098314
0.266446 0.125792
0.243340 0.180961
0.268167 0.184568
0.290341 0.195845
0.307326 0.243206
0.399828 0.159810
0.408783 0.137467
0.389228 0.139540
0.370792 0.026849
0.451026 0.012299
0.528079 0.020305
0.591386 0.053431
0.698959 0.083021
0.722943 0.000668
0.744718 0.028349
0.803127 0.006759
0.804566 0.094447
0.737787 0.229476
0.840619 0.224911
0.840248 0.197514
0.854116 0.145027
0.861101 0.126981
0.952169 0.104264
0.930525 0.168637
0.899832 0.234130
0.932646 0.282401
0.882992 0.390613
0.888484 0.451846
0.972033 0.531109
0.910718 0.679882
0.855873 0.708115
0.821087 0.700997
0.839681 0.718871
0.893335 0.862309
0.942158 0.977252
0.806750 0.905774
0.772418 0.755488
0.618751 0.695111
0.648024 0.743825
0.630280 0.784539
0.599512 0.771144
0.551414 0.742250
0.464085 0.741307
0.498770 0.786446
0.507187 0.928440
0.261549 0.852930
0.223784 0.964062
0.177778 0.903150
0.023415 0.950196
0.060789 0.910003
0.193153 0.829561
0.205340 0.741367
0.174812 0.735984
0.103253 0.630770
0.207269 0.716751
0.331576 0.737203
0.336413 0.610806
0.348121 0.603520
0.360214 0.581420
0.471176 0.694593
0.469036 0.656051
0.536544 0.587751
0.577094 0.624641
0.784393 0.610459
0.760333 0.522786
0.749358 0.450114
0.655135 0.474884
0.648720 0.429107
0.790580 0.328859
0.807973 0.314882
0.712979 0.291775
0.670234 0.361303
0.535171 0.316807
0.559458 0.265778
0.617565 0.277711
0.658637 0.284964
0.649791 0.207771
0.603848 0.163298
0.510727 0.173867
0.393273 0.274473
0.337054 0.355352
0.435866 0.352568
0.526961 0.358164
0.534981 0.500112
0.393695 0.407765
0.393548 0.510230
0.329633 0.530653
0.268070 0.503080
0.208144 0.525092
0.193146 0.372734
0.080849 0.386217
