0.352070 0.935716
0.391889 0.929006
0.389748 0.938456
0.369776 0.996291
0.396098 0.965221
0.412976 0.957971
0.421985 0.941859
0.450187 0.922754
0.471284 0.874199
0.529440 0.889233
0.539365 0.968729
0.562350 0.963039
0.562197 0.921251
0.549932 0.876855
0.540801 0.871056
0.549526 0.850684
0.533139 0.824111
0.500845 0.820379
0.467091 0.783573
0.458018 0.780209
0.448960 0.764032
0.444531 0.754034
0.497528 0.746808
0.530950 0.741896
0.525479 0.713922
0.462492 0.695987
0.446665 0.710663
0.418556 0.690404
0.382873 0.730953
0.367800 0.719717
0.330560 0.694776
0.378022 0.674156
0.402056 0.654480
0.470988 0.607631
0.482464 0.599252
0.555878 0.623161
0.547059 0.576873
0.549429 0.575580
0.562470 0.577251
0.560851 0.543207
0.562656 0.541635
0.552307 0.520593
0.506587 0.472838
0.444110 0.428323
0.470982 0.410863
0.481721 0.412698
0.490934 0.398400
0.512076 0.430429
0.609240 0.384861
0.606818 0.407944
0.577463 0.478522
0.590404 0.573022
0.612906 0.606714
0.604832 0.647841
0.577594 0.664538
0.546841 0.633571
0.550815 0.689095
0.592436 0.704597
0.616324 0.790675
0.659931 0.731103
0.665090 0.729149
0.716405 0.770598
0.743133 0.806076
0.762891 0.818522
0.669670 0.832725
0.636596 0.842014
0.620665 0.830194
0.620511 0.857899
0.659443 0.857765
0.680614 0.856278
0.687698 0.865385
0.707425 0.882346
0.751603 0.908601
0.743650 0.933065
0.737606 0.932892
0.714819 0.923884
0.677620 0.933135
0.692548 0.984023
0.711281 0.964401
0.767082 0.978725
0.794788 0.954828
0.790901 0.972130
0.788092 0.982625
0.801735 0.988776
0.805765 0.999435
0.848226 0.990385
0.845738 0.949412
0.873190 0.982226
0.918984 0.974794
0.950581 0.959296
0.998395 0.948068
0.988887 0.896380
0.913776 0.873746
0.856896 0.886874
0.818265 0.881870
0.783417 0.889194
0.773221 0.817618
0.819909 0.834327
0.877307 0.824361
0.903566 0.791847
0.962389 0.835229
0.962237 0.766716
0.985698 0.721259
0.940858 0.684890
0.972446 0.641940
0.976584 0.613928
0.999675 0.591438
0.990312 0.588717
0.962722 0.559988
0.919399 0.593496
0.900373 0.602166
0.872085 0.630334
0.898538 0.686461
0.895934 0.710301
0.901479 0.716647
0.881911 0.765640
0.876832 0.750745
0.880003 0.683845
0.849874 0.682960
0.839184 0.663290
0.816201 0.673014
0.803840 0.687218
0.778597 0.683564
0.816828 0.713864
0.824514 0.739528
0.823388 0.762058
0.773783 0.755115
0.729538 0.713175
0.684262 0.666698
0.673742 0.643294
0.680638 0.623005
0.629016 0.600908
0.640168 0.488652
0.648570 0.501148
0.657706 0.505456
0.669392 0.537439
0.665654 0.551761
0.676774 0.548842
0.694677 0.574602
0.691539 0.600072
0.770531 0.595922
0.859760 0.578561
0.868403 0.545588
0.873897 0.547754
0.909388 0.553891
0.933070 0.538988
0.947210 0.521152
0.956796 0.522144
0.999780 0.513903
0.994981 0.455929
0.963894 0.399542
0.997248 0.382450
0.989072 0.373410
0.964801 0.286238
0.999780 0.209913
0.940362 0.207188
0.928177 0.169586
0.943233 0.136399
0.981244 0.084293
0.950977 0.002069
0.942537 0.008252
0.911745 0.007547
0.896791 0.031132
0.916320 0.068563
0.911739 0.095078
0.904060 0.119492
0.884950 0.128688
0.908171 0.165819
0.871494 0.201479
0.892133 0.217269
0.888562 0.304965
0.900131 0.305869
0.928364 0.373928
0.930513 0.379443
0.905685 0.423667
0.922730 0.436305
0.930690 0.446229
0.914886 0.462516
0.916585 0.482013
0.900206 0.509543
0.850155 0.498140
0.879887 0.463829
0.859886 0.430829
0.826701 0.416421
0.843484 0.443940
0.832725 0.460390
0.785979 0.447237
0.730961 0.494962
0.726214 0.415538
0.723245 0.407783
0.761297 0.395264
0.762657 0.382732
0.803750 0.381579
0.832598 0.390855
0.850784 0.335519
0.789711 0.332272
0.785379 0.306900
0.783985 0.302321
0.770090 0.303850
0.760358 0.307684
0.755210 0.306006
0.746259 0.313436
0.742153 0.301311
0.752068 0.279205
0.769726 0.275670
0.784391 0.253752
0.783156 0.241369
0.763755 0.251725
0.752328 0.210419
0.723327 0.254146
0.717552 0.289798
0.713357 0.350531
0.694578 0.330267
0.669410 0.325938
0.666375 0.299725
0.670484 0.229474
0.660666 0.202249
0.665218 0.167494
0.680755 0.164142
0.702515 0.096152
0.705117 0.091726
0.724728 0.095638
0.736786 0.122151
0.774761 0.132978
0.800097 0.107862
0.837460 0.068493
0.821365 0.009845
0.797344 0.039260
0.770448 0.066615
0.765799 0.066597
0.744306 0.063005
0.724543 0.064218
0.739823 0.037952
0.750219 0.010700
0.687169 0.000647
0.665601 0.036940
0.651963 0.063439
0.652863 0.085666
0.638915 0.095039
0.637490 0.112824
0.615178 0.154546
0.632266 0.201387
0.615614 0.220207
0.584308 0.260866
0.560006 0.212297
0.557391 0.213671
0.546412 0.196597
0.578091 0.199687
0.604436 0.199090
0.599447 0.193453
0.590773 0.171607
0.567731 0.166921
0.540922 0.174420
0.535342 0.130899
0.515842 0.158464
0.473532 0.169764
0.468475 0.127237
0.497444 0.116113
0.520658 0.083656
0.550174 0.096113
0.551054 0.104956
0.564563 0.090310
0.567763 0.047868
0.552452 0.047830
0.534804 0.004646
0.510695 0.038606
0.480834 0.043698
0.464861 0.057453
0.437875 0.040591
0.423885 0.001295
0.420004 0.019762
0.415371 0.079327
0.427153 0.104618
0.412118 0.133530
0.383696 0.101960
0.373844 0.112795
0.331364 0.134054
0.328038 0.123877
0.346290 0.105188
0.343890 0.038892
0.362392 0.002828
0.353286 0.001467
0.311738 0.003019
0.235992 0.034635
0.226534 0.057053
0.125946 0.058608
0.098292 0.063195
0.082902 0.037069
0.072293 0.020739
0.049145 0.040455
0.029608 0.032076
0.001461 0.062326
0.049352 0.065208
0.162885 0.138445
0.163981 0.155588
0.248017 0.164446
0.294358 0.142217
0.284247 0.183345
0.243420 0.216656
0.247488 0.246074
0.190031 0.227635
0.182171 0.224036
0.186251 0.211704
0.193082 0.198946
0.144774 0.216422
0.113990 0.211666
0.104228 0.210840
0.086854 0.207437
0.079552 0.199639
0.037799 0.170548
0.033936 0.154294
0.029068 0.177071
0.025534 0.206790
0.029602 0.209244
0.046654 0.214655
0.013089 0.234159
0.037387 0.286959
0.084885 0.279968
0.096682 0.273170
0.069916 0.245575
0.088121 0.246299
0.169866 0.247133
0.197455 0.299045
0.267464 0.306950
0.295997 0.229782
0.316568 0.210497
0.329179 0.217873
0.343950 0.210406
0.347540 0.193969
0.357883 0.185482
0.406005 0.198956
0.441439 0.203678
0.393221 0.242659
0.339191 0.247488
0.345933 0.256764
0.387635 0.271053
0.381935 0.283508
0.414198 0.302428
0.471344 0.305878
0.486801 0.286865
0.510752 0.313560
0.495776 0.330007
0.482128 0.331244
0.456479 0.355681
0.441041 0.350294
0.417629 0.349859
0.356006 0.325147
0.328739 0.327156
0.290252 0.352526
0.261860 0.397332
0.257859 0.397255
0.208261 0.397741
0.187696 0.400068
0.167423 0.421708
0.161382 0.440704
0.171917 0.435873
0.190950 0.432046
0.232874 0.426360
0.244028 0.419018
0.270340 0.414691
0.276903 0.443766
0.295579 0.432815
0.301565 0.408837
0.311247 0.440925
0.346565 0.431437
0.355283 0.440532
0.350292 0.459059
0.348827 0.475921
0.367485 0.488072
0.387128 0.510781
0.450428 0.478291
0.426288 0.517226
0.438762 0.540589
0.434325 0.566404
0.371712 0.547962
0.379176 0.573493
0.387840 0.585277
0.379325 0.603617
0.364480 0.595524
0.324548 0.622381
0.331196 0.644116
0.334425 0.647498
0.327739 0.652585
0.310887 0.627957
0.257805 0.627193
0.250206 0.651219
0.246325 0.673122
0.250366 0.672666
0.271606 0.683246
0.226212 0.699350
0.213116 0.755286
0.212500 0.761325
0.167952 0.754990
0.139456 0.785876
0.142324 0.725953
0.116935 0.716474
0.140117 0.691710
0.183613 0.694700
0.163906 0.595892
0.172617 0.599078
0.192816 0.576516
0.234493 0.591085
0.260896 0.591013
0.271059 0.602741
0.298362 0.595162
0.299945 0.557921
0.283685 0.520776
0.316402 0.495326
0.287464 0.496434
0.244689 0.505430
0.248921 0.544610
0.233081 0.548356
0.208935 0.521559
0.167635 0.541910
0.163605 0.506028
0.149721 0.485786
0.083885 0.477595
0.091979 0.417342
0.070566 0.363792
0.071824 0.347013
0.078876 0.342047
0.048210 0.319733
0.036995 0.340282
0.034075 0.363471
0.027698 0.365304
0.002029 0.378804
0.028036 0.405491
0.009881 0.435308
0.035325 0.477995
0.042383 0.484504
0.087558 0.516159
0.098628 0.515809
0.090110 0.520824
0.070986 0.546621
0.047014 0.570615
0.017975 0.584685
0.026224 0.616743
0.086498 0.631050
0.105215 0.660991
0.089946 0.720575
0.087234 0.720645
0.080831 0.710574
0.016419 0.685929
0.013848 0.753932
0.077659 0.779460
0.081934 0.793383
0.057650 0.822780
0.044420 0.827347
0.032954 0.840087
0.025963 0.861001
0.002114 0.909031
0.005680 0.937247
0.038649 0.894949
0.054715 0.891733
0.049901 0.915456
0.046506 0.949306
0.085522 0.956916
0.100938 0.952918
0.106236 0.963861
0.127923 0.945527
0.141896 0.987071
0.181340 0.977445
0.194044 0.949666
0.219460 0.976183
0.263861 0.926994
0.229673 0.921395
0.196917 0.908660
0.191108 0.903284
0.176715 0.897438
0.153767 0.897378
0.142975 0.877671
0.077543 0.870618
0.133012 0.837556
0.164709 0.839881
0.157322 0.818072
0.193388 0.797209
0.221238 0.819910
0.240398 0.811013
0.256646 0.792220
0.255778 0.819966
0.274624 0.837135
0.280806 0.834341
0.287049 0.868378
0.289949 0.883503
0.300122 0.880310
0.323060 0.806559
0.319851 0.802681
0.295242 0.778216
0.283210 0.734380
0.303352 0.731567
0.332909 0.719767
0.353911 0.732327
0.384651 0.772938
0.405208 0.787940
0.424555 0.786945
0.357282 0.859743
0.366537 0.874260
0.372954 0.879667
0.370670 0.890028
0.322606 0.925588
