0.000 0.000
0.459 0.270
0.516 0.932
-0.043 1.597
-1.130 1.806
-2.362 1.228
-3.190 -0.170
-3.106 -2.060
-1.863 -3.831
0.382 -4.777
3.061 -4.357
5.334 -2.420
6.353 0.679
5.556 4.128
2.899 6.868
-1.060 7.916
-5.261 6.701
-8.430 3.296
-9.462 -1.525
-7.788 -6.457
-3.613 -10.018
2.072 -10.988
7.714 -8.816
11.627 -3.846
12.491 2.701
9.781 9.030
3.997 13.255
-3.412 13.966
-10.401 10.682
-14.898 4.063
-15.411 -4.203
-11.516 -11.826
-4.044 -16.552
5.073 -16.823
13.302 -12.280
18.215 -3.939
18.199 6.021
12.974 14.827
3.749 19.884
-7.045 19.535
-16.397 13.594
-21.553 3.473
-20.828 -8.144
-14.139 -18.009
-3.110 -23.222
9.317 -22.076
19.661 -14.607
24.884 -2.660
23.275 10.561
14.997 21.350
2.124 26.539
-11.876 24.422
-23.073 15.306
-28.181 1.502
-25.515 -13.258
-15.534 -24.827
-0.794 -29.808
14.707 -26.550
26.608 -15.678
31.416 -0.000
34.558 -0.000
29.314 -17.273
16.229 -29.298
-0.877 -32.948
-17.200 -27.490
-28.302 -14.707
-31.318 1.669
-25.691 17.043
-13.249 27.247
2.375 29.670
16.803 23.921
26.136 11.859
28.008 -2.994
22.183 -16.481
10.538 -24.970
-3.527 -26.335
-16.079 -20.480
-23.754 -9.288
-24.655 3.972
-18.815 15.599
-8.111 22.490
4.331 22.971
15.042 17.191
21.182 7.007
21.286 -4.604
15.611 -14.411
5.980 -19.831
-4.789 -19.604
-13.707 -14.077
-18.442 -5.029
-17.929 4.889
-12.593 12.933
-4.158 17.018
4.904 16.263
12.090 11.161
15.561 3.365
14.610 -4.833
9.783 -11.180
2.654 -14.076
-4.678 -12.973
-10.207 -8.462
-12.564 -2.024
-11.356 4.440
-7.201 9.172
-1.477 11.030
4.120 9.762
8.078 6.002
9.477 1.013
8.195 -3.718
4.866 -6.928
0.633 -7.909
-3.237 -6.656
-5.724 -3.797
-6.327 -0.337
-5.150 2.676
-2.796 4.469
-0.126 4.737
2.038 3.680
3.165 1.865
3.142 0.000
